timestamp,pos_x,pos_y,pos_z,000000000101,000000000102,000000000201,000000000202,000000000301,000000000302,000000000401,000000000402,b827eb4521b4,b827eb917e19,b827ebf7d096,b827ebfd7811
0.0,18.031,8.465,0.0,-77.72598,-76.153145,-74.724686,-80.26725,-71.199646,-71.325745,-63.0128,-73.90537,-75.393974,-82.59482,-74.35842,-71.57756
3.3196963983,16.828436752297147,8.465,0.0,-77.62941,-78.69199,-76.83814,-81.96115,-72.93296,-70.18245,-58.232735,-76.97743,-74.37484,-79.6159,-73.94359,-70.299095
6.6393927966,16.00032076267172,8.465,0.0,-77.517235,-78.670616,-80.57722,-83.34373,-74.69903,-69.9806,-56.04888,-78.67641,-75.192474,-77.339325,-73.16336,-69.83448
9.9590891949,14.797346034410648,8.465,0.0,-78.90078,-76.837814,-81.12467,-82.90959,-75.94513,-71.61692,-58.730404,-79.49187,-75.36432,-75.99675,-72.7037,-68.32641
13.2787855932,13.884091861475028,8.465,0.0,-78.205635,-74.852585,-77.08258,-79.21341,-74.94897,-69.663574,-63.060295,-79.470436,-73.49277,-76.35026,-72.934555,-67.59146
16.5984819915,12.85401684402446,8.465,0.0,-74.13479,-72.78731,-73.75935,-77.61796,-74.16139,-67.033806,-65.431854,-77.95758,-70.53651,-74.227646,-73.030876,-68.649345
19.9181783898,11.746017965866455,8.465,0.0,-72.37234,-72.923965,-74.50499,-76.36248,-74.82836,-67.61812,-66.54244,-74.38716,-69.002335,-75.51124,-72.75318,-71.999535
23.2378747881,10.967070308329008,8.465,0.0,-71.33855,-73.69031,-75.89558,-73.0345,-74.85323,-68.73954,-67.11968,-71.76215,-67.67245,-77.15198,-72.701485,-75.001976
26.5575711864,9.798709171327165,8.465,0.0,-70.57423,-73.39984,-76.53086,-70.63798,-73.96447,-69.772995,-68.81177,-69.596725,-66.39496,-76.42822,-74.895386,-76.661476
29.8772675847,8.817982702809198,8.465,0.0,-69.90952,-72.83157,-76.04423,-69.71609,-73.59997,-71.30295,-71.132286,-70.981125,-66.9187,-73.193665,-82.01632,-77.2859
33.196963983,7.941608840053044,8.465,0.0,-67.93331,-72.72128,-75.81037,-68.018425,-73.28712,-72.8079,-72.7534,-73.320885,-67.47525,-71.311,-89.54724,-79.36612
36.51666038130001,6.786222537042899,8.465,0.0,-67.92724,-71.53689,-73.61757,-68.0633,-71.384995,-75.0718,-73.58707,-73.27026,-64.00514,-66.45404,-88.6165,-78.006584
39.83635677960001,6.031983858130992,8.465,0.0,-67.01715,-69.8353,-73.458435,-69.09855,-69.934425,-76.08834,-73.83153,-73.85534,-61.782146,-62.957096,-86.16137,-79.2318
43.15605317790001,5.119631443308196,8.465,0.0,-65.18526,-68.37338,-73.85679,-70.79957,-68.954216,-77.014915,-73.39113,-74.89526,-61.359463,-62.535885,-81.95566,-81.67291
46.475749576200016,4.127183140359041,8.465,0.0,-64.67302,-66.22508,-75.15833,-74.04005,-77.18758,-77.8166,-72.2631,-76.28477,-62.588215,-62.83214,-80.09286,-82.70485
49.79544597450002,2.9796818477465496,8.465,0.0,-64.35035,-64.55863,-76.15168,-76.70884,-79.71223,-79.11908,-69.45986,-75.76083,-67.31191,-63.525223,-80.86457,-82.64158
53.11514237280002,1.9134795567452736,8.465,0.0,-67.56463,-61.944817,-72.23661,-76.01703,-77.036896,-78.79978,-69.25726,-76.66959,-70.124245,-66.50637,-82.242546,-82.57471
56.434838771100026,2.3827975306457057,9.464415424305516,0.0,-68.72292,-64.76023,-74.79774,-75.81912,-76.350266,-80.09925,-67.823875,-75.95871,-69.89579,-70.902306,-81.83531,-81.75035
59.75453516940003,2.8914302912722416,10.547551921406948,0.0,-72.22275,-66.257225,-67.46628,-72.00398,-73.033104,-80.78217,-70.22618,-78.9436,-67.60454,-77.32819,-84.2185,-79.02071
63.07423156770003,3.23372444943563,11.276469372564996,0.0,-76.16964,-67.76854,-66.28297,-70.44017,-75.39711,-80.91354,-73.25103,-81.151306,-67.7747,-80.48124,-83.5818,-78.82159
66.39392796600004,3.6694163253032985,12.204277820572852,0.0,-80.40201,-70.78014,-65.697685,-68.03302,-76.70954,-78.46195,-79.37104,-79.38678,-69.31837,-78.06071,-79.15031,-83.20776
69.71362436430003,4.063112052632032,13.042655219813458,0.0,-78.49404,-71.99526,-67.98376,-65.63662,-77.182304,-77.11411,-78.758415,-77.26855,-70.81892,-75.50956,-81.964905,-84.41204
73.03332076260003,4.553713562203521,14.0873940602597,0.0,-76.38895,-77.315125,-69.931984,-64.41732,-77.39475,-75.585945,-75.14871,-78.56016,-72.8032,-72.22357,-78.795334,-83.49068
76.35301716090002,5.003805644037505,15.04586783275173,0.0,-73.81326,-77.72861,-69.707664,-63.684425,-77.1061,-75.023735,-71.14227,-82.11968,-77.98357,-70.71375,-76.89434,-81.42452
79.67271355920002,5.412611832506447,15.916423049105084,0.0,-76.02788,-77.68349,-68.81029,-62.190254,-77.12263,-75.132385,-72.753525,-81.251564,-76.11819,-71.55294,-76.351875,-79.65879
82.99240995750002,4.395598551935928,16.183194617053573,0.0,-77.51929,-77.11198,-70.81456,-60.747574,-77.895134,-75.07437,-71.31897,-80.795784,-73.8544,-75.63165,-78.04865,-81.18856
86.31210635580001,3.342794450195589,16.459354433576635,0.0,-74.77349,-77.12931,-73.27233,-61.51121,-78.11716,-75.30398,-70.48345,-79.96778,-75.68588,-79.53549,-80.71947,-83.59189
89.63180275410001,4.249384596474604,15.977612091347094,0.0,-76.98036,-77.20188,-70.749054,-61.08422,-77.752884,-74.86659,-70.83847,-81.12153,-74.083176,-75.79571,-78.23231,-81.572586
92.9514991524,5.283169298943744,15.428281320466112,0.0,-74.39792,-77.77682,-69.328354,-63.187775,-76.89563,-75.04631,-71.11302,-82.46803,-78.34492,-70.732635,-76.12679,-80.69091
96.2711955507,6.032441799392838,15.030134163433765,0.0,-76.43841,-78.21944,-69.17476,-63.217274,-77.08688,-74.50195,-71.69244,-77.94342,-75.21632,-72.18303,-74.51575,-79.65774
99.590891949,7.000371357481698,14.515797388055416,0.0,-78.298454,-79.329025,-69.79461,-62.66946,-73.13751,-73.05199,-72.36112,-73.35199,-72.00847,-66.78004,-73.30009,-78.13014
102.9105883473,7.673540686999811,14.158089805582597,0.0,-77.98487,-79.894264,-69.998116,-63.0293,-68.94607,-72.83818,-74.40564,-75.54643,-71.04655,-64.26613,-73.39014,-79.169716
106.2302847456,8.687369769571342,13.619363018331454,0.0,-76.219795,-79.23203,-70.49518,-66.63277,-65.33277,-72.35415,-74.77481,-80.902054,-71.06986,-62.380013,-74.27268,-82.1056
109.54998114389998,9.394878429426496,13.243408260445294,0.0,-75.2933,-77.18162,-71.917755,-67.5572,-65.86535,-71.9942,-70.188614,-77.34166,-72.093796,-62.15583,-73.70771,-82.506805
112.86967754219998,10.403134070869564,12.707643078936862,0.0,-74.30624,-74.88085,-74.71189,-68.11024,-66.73168,-71.93513,-65.00236,-69.59769,-73.32138,-67.656105,-69.65758,-76.63274
116.18937394049998,11.34136342673198,12.209088346904103,0.0,-79.44168,-73.87118,-73.1556,-69.57638,-67.439804,-71.588936,-63.590397,-71.42103,-72.43484,-71.11057,-66.59762,-75.32614
119.50907033879996,12.072501711987698,11.820577318543137,0.0,-79.185814,-74.45045,-73.472115,-71.80609,-68.20871,-71.535225,-62.50584,-76.47796,-70.58757,-73.02835,-64.97649,-75.15768
122.82876673709995,13.094077326369096,11.277734192289678,0.0,-74.57219,-77.11803,-76.47053,-81.68458,-74.5269,-73.19405,-61.534245,-80.47737,-71.173,-75.35471,-69.88153,-72.03788
126.14846313539996,13.984104590310624,10.804793006529884,0.0,-75.68853,-77.03492,-74.6298,-78.50805,-74.93066,-70.214264,-61.98423,-77.74682,-72.19729,-76.58666,-71.75935,-69.33737
129.46815953369995,14.945366444433406,10.293999304434536,0.0,-79.49566,-78.75935,-75.92884,-75.45161,-73.823204,-67.54315,-61.2628,-75.444305,-74.441895,-77.97369,-72.25393,-69.400444
132.787855932,15.998985529238118,9.734128972934863,0.0,-81.80321,-79.12336,-83.356705,-82.43606,-75.05546,-68.34,-61.56269,-75.69581,-73.45759,-76.389404,-73.37031,-70.342636
136.1075523303,17.106102955341676,9.145830783104191,0.0,-78.72332,-77.41265,-81.2677,-81.9579,-72.97276,-71.35565,-62.709454,-74.62195,-73.619225,-78.66245,-75.76879,-70.5561
139.4272487286,18.21279515872294,8.557758547406207,0.0,-77.64506,-75.62887,-74.54258,-80.0598,-71.300186,-71.34123,-64.37428,-74.06345,-75.10324,-82.826485,-74.42832,-71.7206
142.74694512690002,19.082642476933813,8.09554054715891,0.0,-79.57432,-75.688896,-75.926,-78.639656,-76.132675,-71.69713,-66.986855,-76.60308,-77.76371,-79.832184,-75.45078,-74.88974
146.06664152520003,18.832841395556244,6.944547690434182,0.0,-81.56143,-80.62499,-77.78142,-78.40464,-78.05596,-74.83559,-54.814735,-72.22953,-82.90608,-74.70829,-81.41552,-74.83278
149.38633792350004,18.63442068357584,6.030296955984832,0.0,-81.55461,-79.80687,-78.6654,-80.38385,-79.24225,-78.52549,-53.013798,-68.95617,-84.46347,-75.58116,-82.96843,-75.60091
152.70603432180005,18.37261654103744,4.823998343261156,0.0,-80.212715,-76.45088,-78.85429,-79.7459,-77.03,-80.048485,-63.506523,-65.9838,-79.80621,-78.53798,-81.17525,-73.9042
156.02573072010006,18.209561759664684,4.072701000672028,0.0,-77.962364,-75.18492,-79.57126,-78.41553,-76.68682,-78.92948,-66.7662,-66.02872,-80.54884,-81.935234,-79.8542,-72.39531
159.34542711840007,17.978826069847432,3.009554559085183,0.0,-78.612885,-74.39149,-81.77479,-80.59829,-76.878075,-77.25368,-66.34579,-67.57689,-86.02757,-84.020905,-78.09335,-71.58436
162.66512351670008,17.76540453384812,2.026185463756332,0.0,-83.35271,-74.42622,-82.141846,-82.37945,-76.45481,-76.83229,-67.79887,-69.30899,-85.79891,-81.10821,-76.8514,-71.81448
165.9848199150001,17.55623338955383,1.0624006330903393,0.0,-84.31126,-75.39061,-77.03833,-76.27854,-75.933685,-77.28048,-70.532074,-70.77465,-82.02056,-77.00885,-77.754715,-74.40749
169.3045163133001,18.198359673151344,2.093864511300467,0.0,-83.80856,-74.83024,-82.56664,-83.10692,-76.87078,-77.280876,-68.936,-69.87472,-86.123825,-80.593605,-77.50274,-71.44969
172.6242127116001,18.676137219402403,2.861330807831524,0.0,-80.744255,-74.192986,-82.49429,-82.01064,-77.615,-77.5696,-69.237465,-68.87215,-86.794815,-82.80123,-78.74469,-71.29141
175.94390910990012,19.07945541887958,3.5091911505896003,0.0,-77.71311,-74.4297,-80.774345,-80.2328,-77.25869,-78.07451,-70.48443,-67.43819,-85.50046,-83.63311,-79.46696,-71.69122
179.26360550820013,18.681733800189555,2.46614439372284,0.0,-83.03851,-74.56771,-83.328636,-83.415,-77.57234,-77.69613,-69.75122,-69.90476,-86.46917,-81.2711,-78.73231,-71.342415
182.5833019065001,18.294930684665477,1.4517320102014075,0.0,-84.62833,-75.2984,-78.74454,-79.718575,-76.7244,-77.46359,-71.71485,-71.22116,-83.176636,-77.37073,-77.74491,-72.29572
185.90299830480012,18.664003193134697,2.237257928780686,0.0,-83.86485,-74.77895,-82.80079,-83.558334,-77.386444,-77.76427,-70.115425,-70.55044,-85.99364,-80.34578,-78.782135,-71.43573
189.22269470310016,19.08346519706626,3.130031756108228,0.0,-79.77201,-74.22238,-81.89493,-81.542404,-77.77977,-77.98328,-70.761566,-69.38442,-86.56088,-83.327705,-79.19772,-71.32373
192.54239110140017,19.42931356556357,3.8661279191082687,0.0,-76.98516,-74.80571,-80.062355,-79.75675,-77.14738,-78.71379,-71.50968,-67.04845,-84.62934,-83.28256,-79.80524,-72.41045
195.86208749970015,18.348977933537444,4.361104610144566,0.0,-78.73225,-75.55892,-79.05388,-78.2668,-76.69421,-79.63411,-66.52956,-65.81174,-79.92772,-80.49493,-80.29936,-72.99934
199.1817838980002,17.588438617301094,4.709560426091008,0.0,-80.32057,-77.494026,-79.31457,-79.44906,-76.78291,-77.97548,-60.016556,-65.63743,-79.39203,-79.304344,-80.1513,-73.32074
202.5014802963002,16.665311154923508,5.132509149790368,0.0,-79.26977,-80.38255,-80.095055,-78.970116,-77.2916,-74.04474,-61.269615,-66.728745,-79.74936,-79.0945,-78.68083,-73.18217
205.8211766946002,15.850771825429677,5.505706117547174,0.0,-79.01097,-82.20953,-78.94794,-78.886696,-75.843544,-69.83328,-65.45258,-70.69346,-77.726875,-79.443085,-76.39598,-69.77083
209.14087309290025,14.80993982652202,5.982583454063228,0.0,-80.31797,-80.54727,-75.771,-80.55711,-74.88787,-68.69995,-66.88954,-75.97134,-75.42833,-80.579155,-73.03201,-66.17964
212.46056949120023,13.836488152608252,6.428589189830656,0.0,-82.39184,-79.8945,-75.30406,-82.350815,-75.382965,-71.78255,-69.63833,-78.41349,-76.349495,-81.87585,-73.017685,-65.30496
215.78026588950024,12.81089202570899,6.898485916536012,0.0,-82.01468,-78.24872,-75.79092,-80.62937,-75.84641,-73.11233,-70.94167,-77.775856,-77.98835,-78.30059,-74.064026,-67.9575
219.09996228780025,12.001666547697273,7.269248240330975,0.0,-76.53711,-75.91151,-75.88692,-79.06092,-75.21075,-71.36263,-70.40647,-74.36269,-75.87888,-76.19919,-74.56128,-69.16894
222.41965868610023,10.96615683928252,7.743687066388968,0.0,-72.14564,-74.49191,-77.087746,-75.12823,-75.030396,-70.02878,-68.74587,-71.21358,-70.76111,-74.505135,-74.36253,-71.44419
225.73935508440027,10.01354451392072,8.18014485105322,0.0,-70.58959,-73.47626,-77.87075,-71.42333,-74.25274,-69.968895,-68.18089,-69.33185,-66.46164,-76.11157,-75.40312,-74.84725
229.05905148270028,9.301333965367885,8.506457906175429,0.0,-70.3191,-72.88869,-76.03568,-69.938446,-73.69494,-70.6121,-70.183334,-69.92288,-66.708145,-74.353645,-77.92752,-76.55729
232.3787478810003,8.578051668150662,8.83784369735801,0.0,-69.4578,-72.81634,-75.136154,-68.33909,-73.5612,-71.193634,-72.805504,-72.1602,-68.46429,-72.75097,-82.97423,-78.849884
235.6984442793003,7.675613591330896,9.25131317840407,0.0,-68.62331,-72.51226,-74.02576,-67.24801,-73.012566,-72.94171,-73.45549,-74.88899,-68.02907,-67.77746,-89.91566,-79.484985
239.01814067760031,6.779705493908681,9.661790822932922,0.0,-68.35611,-72.38437,-70.955124,-67.69805,-72.03527,-75.38175,-73.22018,-75.56701,-64.132805,-58.97572,-90.61386,-79.03085
242.33783707590032,5.951011080430758,10.041473216537105,0.0,-68.19119,-72.72073,-69.312485,-70.42833,-72.25706,-77.65414,-72.10306,-75.85614,-62.537903,-59.20258,-88.92994,-80.92849
245.65753347420036,4.932952364042788,10.507916532651102,0.0,-68.56289,-70.371704,-67.28203,-74.4388,-79.887794,-83.921646,-73.40092,-78.35778,-62.896553,-64.48023,-87.083626,-80.36091
248.97722987250037,4.034382931372551,10.919613519461883,0.0,-69.923645,-67.152954,-66.924866,-72.4038,-78.362175,-82.48086,-73.673965,-79.36539,-65.30292,-73.08863,-83.93248,-79.599075
252.2969262708004,2.984671874474847,11.400558968343342,0.0,-78.10818,-68.515076,-65.87335,-69.77409,-74.65489,-80.16834,-72.91506,-81.91803,-68.58157,-81.26312,-84.56948,-78.69069
255.6166226691004,2.038898981150412,11.833883134770756,0.0,-78.50797,-70.98783,-64.75306,-68.3732,-72.5386,-78.5479,-74.4939,-83.937645,-70.630264,-81.201546,-86.1903,-78.797844
258.93631906740035,1.299008562167193,12.17287825856476,0.0,-77.62925,-69.77473,-65.06977,-65.38649,-72.67049,-79.35345,-77.610985,-85.58833,-72.123085,-78.633644,-86.913666,-79.39742
262.2560154657004,1.988547329754472,13.108072210083954,0.0,-79.470146,-77.06367,-64.06911,-65.535576,-75.34585,-76.23541,-81.10676,-83.93722,-72.153305,-79.804596,-79.75974,-83.35165
265.5757118640003,2.633426799552134,13.982696535738478,0.0,-77.86679,-78.35875,-66.118065,-64.38712,-76.33817,-75.23508,-77.41054,-82.22848,-73.03923,-79.72957,-82.71326,-85.37079
268.8954082623003,3.3351483761855825,14.934413545667216,0.0,-75.57092,-78.20733,-70.1207,-62.689266,-76.551834,-74.58587,-72.39879,-80.79497,-73.6508,-78.93283,-86.66035,-83.56867
272.2151046606003,3.937783769985365,15.75174391452368,0.0,-76.28552,-77.5039,-70.965225,-61.35784,-77.63239,-74.57566,-70.51742,-81.04358,-73.95776,-76.79947,-79.01533,-82.22149
275.53480105890026,4.473519367930309,16.478340756300543,0.0,-77.93114,-77.20817,-71.30891,-60.156292,-78.11184,-75.36537,-72.43071,-80.01023,-73.33403,-76.369225,-77.93105,-80.90579
278.85449745720024,3.685222427835375,16.09705351444926,0.0,-75.148155,-77.652916,-72.0584,-60.636723,-77.81227,-74.77259,-70.498566,-80.4573,-73.8062,-78.792206,-79.93856,-82.756134
282.1741938555002,3.0176357093905484,15.774151971102256,0.0,-72.84583,-78.42125,-73.17306,-61.421345,-77.06177,-74.84366,-71.13854,-80.23841,-73.622795,-81.04557,-86.28928,-84.09373
285.4938902538002,2.280575249294465,15.4176470354446,0.0,-72.137665,-79.323586,-72.91222,-65.44794,-77.15556,-76.24586,-73.159615,-79.441536,-73.29768,-82.49541,-88.876396,-85.32409
288.8135866521002,1.2821782946358762,14.934737611657354,0.0,-74.4829,-78.294136,-68.20758,-69.65925,-77.56469,-78.34174,-78.20949,-79.657196,-72.993935,-80.53929,-80.87419,-85.433754
292.13328305040017,1.1585359569106697,15.84042737927434,0.0,-73.614555,-77.194725,-68.98411,-72.14746,-79.11157,-79.138374,-75.39849,-77.86609,-73.54861,-81.91236,-82.02353,-85.046906
295.45297944870015,1.9705451659256696,15.531605656049749,0.0,-72.63666,-79.1848,-71.76755,-69.03846,-77.747665,-77.09167,-73.61891,-79.27046,-73.387054,-82.670586,-87.040215,-85.93604
298.77267584700013,2.9248472869770885,15.168667376251816,0.0,-72.74131,-78.80021,-71.99964,-62.18516,-76.38773,-74.84553,-72.4055,-80.17565,-73.16929,-81.37386,-88.97448,-84.12647
302.0923722453001,3.768653257420784,14.847752772123467,0.0,-77.25251,-78.20547,-69.62836,-63.143105,-76.81036,-74.667114,-72.29815,-81.342186,-73.93781,-76.27788,-82.37429,-83.12188
305.4120686436001,4.622648984241582,14.522962820168171,0.0,-75.77678,-77.87582,-69.87933,-64.08063,-77.239914,-75.10347,-73.23991,-80.619514,-74.48988,-71.52009,-78.5647,-82.68123
308.7317650419001,5.636761596625272,14.137277533568993,0.0,-76.587845,-74.970024,-70.22061,-64.06446,-77.80655,-75.26472,-74.290184,-75.02338,-73.40752,-73.74476,-76.12469,-82.46121
312.05146144020006,6.71901886718064,13.725675606454544,0.0,-76.94165,-75.77372,-70.08142,-63.984684,-72.77725,-73.55851,-76.648186,-73.59204,-71.0259,-64.9991,-73.85478,-81.7776
315.37115783850004,7.615030574556189,13.384906220554615,0.0,-76.37321,-78.66599,-69.77703,-66.3075,-66.28017,-72.75001,-77.67343,-78.34913,-70.13996,-62.013252,-73.548065,-83.63658
318.6908542368,8.311792865245897,13.119914975504914,0.0,-75.59944,-78.234825,-70.369125,-67.61733,-65.63398,-72.30537,-76.53704,-81.33342,-70.38861,-61.122395,-73.90624,-83.55173
322.0105506351,9.474559056985944,12.677694056020458,0.0,-74.66239,-74.48014,-74.48185,-67.505775,-66.521675,-71.73428,-67.53152,-73.0198,-72.154495,-63.36228,-73.05615,-78.092926
325.3302470334,10.513093926176351,12.282720545410577,0.0,-75.29879,-73.55991,-73.44822,-68.28093,-67.992325,-71.46169,-64.4747,-68.952194,-72.805504,-68.75056,-69.6397,-74.63144
328.6499434317,11.394203881255844,11.947618564229762,0.0,-79.17854,-73.44332,-73.1165,-70.0104,-68.224,-71.40399,-63.47672,-71.73879,-71.91725,-71.76456,-67.01635,-75.16764
331.96963982999995,12.42430575738632,11.555852272725028,0.0,-76.656944,-75.542946,-74.554016,-74.98889,-71.29437,-71.99298,-61.8225,-79.20958,-70.32806,-73.617226,-67.093025,-73.91884
335.2893362283,13.520083851204998,11.139108133067626,0.0,-74.49724,-77.366554,-76.086945,-81.29133,-75.20082,-72.407715,-61.924686,-79.410324,-71.74255,-75.51571,-70.406334,-71.51756
338.6090326265999,14.356681641245508,10.820934929737092,0.0,-76.924034,-77.5815,-74.79754,-77.15584,-74.52646,-69.06999,-62.19438,-76.22407,-72.749725,-77.07057,-71.42458,-69.00455
341.9287290248999,15.368190939687327,10.436239730305273,0.0,-81.20632,-79.70002,-77.27014,-76.11026,-73.74583,-66.280106,-62.53154,-74.05687,-75.969025,-78.29174,-71.67603,-69.96714
345.2484254231999,16.466250827127634,10.018627783447592,0.0,-82.43957,-80.23125,-83.43758,-82.60975,-74.74808,-67.91152,-64.49979,-73.85358,-72.80531,-76.9833,-74.20666,-70.79441
348.56812182149986,17.346714087141624,9.683771752044578,0.0,-80.61582,-77.85444,-84.066505,-81.90272,-72.93006,-71.13938,-64.54051,-72.843544,-72.647804,-78.30465,-76.753494,-71.07986
351.88781821979984,18.28100757393726,9.328443116129549,0.0,-78.02837,-75.36228,-77.5346,-80.15742,-71.33943,-72.08647,-65.47817,-73.09239,-74.100426,-81.750175,-77.19663,-71.27041
355.2075146180998,19.42240518527525,8.894349052534611,0.0,-78.78636,-74.12308,-74.38534,-78.87605,-74.58783,-72.414566,-69.559975,-78.35685,-74.370636,-84.42072,-74.21445,-74.61916
358.5272110163998,19.393953505477803,8.0246729574138,0.0,-79.90664,-75.97922,-76.197815,-78.25125,-77.65433,-72.161255,-68.24399,-78.26049,-78.66834,-79.00319,-75.90051,-75.781746
361.8469074146998,19.35577625508574,6.857717534050849,0.0,-81.880455,-79.502525,-78.09433,-79.34382,-79.86924,-77.5923,-61.154305,-72.693306,-83.795395,-74.45912,-82.98612,-76.75311
365.16660381299977,19.3206869993248,5.785152147819771,0.0,-81.28965,-78.281494,-78.28261,-80.577866,-79.88453,-80.5957,-63.229195,-69.56238,-84.28453,-75.85095,-83.54898,-75.91099
368.48630021129975,19.290532942462583,4.863439875972437,0.0,-79.441185,-76.557396,-78.56482,-79.16826,-77.230896,-80.45426,-67.97169,-67.70587,-79.597275,-78.63146,-81.73961,-74.18004
371.8059966095997,19.2522493736486,3.6932346413267294,0.0,-77.09054,-74.586365,-80.386154,-79.837265,-77.15083,-78.43139,-71.04535,-67.217094,-85.04404,-83.44857,-79.64783,-72.02071
375.1256930078997,19.222412058637296,2.781204146373532,0.0,-82.08732,-74.4603,-82.94472,-82.78542,-78.25592,-78.35008,-71.389786,-71.313866,-85.99236,-81.57354,-79.90795,-71.34433
378.4453894061997,19.18254924595584,1.5627265197396456,0.0,-84.366035,-75.82538,-79.10585,-81.35645,-78.164665,-79.17251,-72.38707,-76.044525,-82.23396,-77.832634,-80.63734,-72.33376
381.7650858044997,18.16987269202073,1.5865767299825089,0.0,-84.77017,-74.904434,-79.63406,-80.57804,-76.69991,-77.27013,-70.87694,-70.704025,-84.04751,-78.18508,-77.491425,-72.127495
385.08478220279966,16.9703035231995,1.6148285708749135,0.0,-80.39648,-73.77335,-79.40069,-79.74512,-77.211655,-77.132805,-64.953705,-69.345474,-84.04577,-80.43925,-77.71512,-73.51957
388.4044786010997,16.095465457793075,1.6354324563972205,0.0,-77.04352,-73.91031,-78.199295,-79.44888,-78.838524,-76.75121,-62.714333,-69.17985,-81.73347,-82.71758,-79.16662,-73.82523
391.7241749993996,14.985645135659986,1.6615705632901077,0.0,-76.341866,-73.195946,-76.46959,-77.91366,-81.19494,-76.36581,-62.793335,-67.595116,-79.10073,-83.54513,-80.54104,-72.53128
395.0438713976996,14.072924259976972,1.6830666517435244,0.0,-75.881195,-72.27898,-75.87852,-75.412865,-81.26353,-76.94376,-66.100266,-65.35675,-77.021614,-82.36539,-80.11586,-66.61356
398.3635677959996,12.9722947380907,1.7089883000669557,0.0,-75.11623,-72.56695,-76.170944,-74.67078,-81.427925,-79.21798,-65.119255,-63.345253,-75.039734,-79.24593,-81.121414,-62.41711
401.6832641942996,11.866544981574158,1.7350305383970872,0.0,-73.16483,-73.872574,-79.30072,-74.63176,-81.139465,-80.10007,-64.61176,-63.06838,-74.23782,-77.75521,-81.15226,-62.198406
405.0029605925996,11.044959064243576,1.7543802476253367,0.0,-72.10377,-73.765,-83.18333,-74.86482,-77.91773,-80.92268,-65.0722,-63.2636,-74.37185,-77.45253,-80.14253,-64.40639
408.32265699089953,10.109892035921252,1.776402624987582,0.0,-73.9878,-72.93834,-83.779366,-75.13203,-75.350914,-81.56057,-65.850334,-64.09458,-74.47794,-77.73458,-80.46385,-65.73756
411.6423533891995,9.122672834595225,1.7996532724089365,0.0,-67.255325,-71.10084,-83.56204,-74.58278,-73.87076,-80.299416,-69.13951,-64.660255,-73.737915,-78.31152,-85.76753,-69.45823
414.9620497874995,8.019067532425769,1.82564500528712,0.0,-59.725086,-70.61637,-81.80066,-74.53898,-76.17215,-75.13686,-73.28897,-65.4303,-72.081154,-77.69572,-88.96166,-72.526855
418.2817461857995,7.01362943427414,1.849324737906502,0.0,-57.58952,-70.97058,-79.10507,-76.69901,-76.82859,-76.52041,-71.138245,-66.056404,-74.238174,-76.99503,-89.16204,-73.608055
421.60144258409946,5.806578520791407,1.8777527862784489,0.0,-58.327473,-72.165825,-77.9332,-80.95475,-78.975876,-83.90624,-65.33443,-69.563705,-75.95569,-75.38741,-87.62577,-74.90355
424.9211389823994,4.642227123303924,1.9051751903212184,0.0,-61.198826,-72.274284,-76.92434,-79.821815,-79.77083,-84.76465,-65.008934,-72.10767,-75.10083,-74.40819,-87.67372,-75.37519
428.2408353806994,3.5363429799250508,1.9312205936845563,0.0,-65.41157,-71.228325,-74.94666,-78.00487,-79.24988,-81.44713,-70.339714,-74.087814,-73.60947,-74.160576,-93.25497,-77.04424
431.5605317789994,2.4459456952929357,1.956901255871972,0.0,-67.741806,-70.51557,-73.68059,-77.31343,-78.14476,-79.26636,-73.13408,-74.54931,-72.09786,-73.696304,-96.41252,-80.33551
434.8802281772994,1.241982110750507,1.9852565925335215,0.0,-69.848564,-70.30336,-75.742035,-77.31672,-78.05614,-78.42952,-73.07793,-83.215904,-72.95731,-74.314896,-93.35784,-81.97088
438.19992457559937,2.395763781604197,1.9334617665380824,0.0,-67.764046,-70.538605,-73.741425,-77.27573,-78.105156,-79.19032,-73.15539,-74.731255,-72.14788,-73.71992,-96.50028,-80.3391
441.51962097389935,3.433727498802636,1.886866165758522,0.0,-65.918495,-71.20534,-74.77457,-77.82232,-79.057915,-81.14078,-70.83481,-73.97357,-73.534294,-74.11721,-93.837654,-77.69337
444.8393173721993,4.283509514946783,1.8487182970827496,0.0,-62.49725,-72.05514,-76.21346,-78.987465,-79.67703,-83.80305,-66.891556,-73.00979,-74.742386,-74.29935,-89.15074,-75.59756
448.1590137704993,5.054263656865398,1.8141180969977533,0.0,-60.04413,-72.59763,-77.437294,-80.703865,-79.486916,-85.074104,-64.41198,-71.38188,-75.72552,-74.64663,-87.45513,-75.24059
451.4787101687993,6.24636282865457,1.760603146351638,0.0,-57.713894,-71.93498,-78.33064,-79.71953,-78.57489,-81.29065,-66.69483,-68.11691,-76.18685,-76.61421,-87.695564,-74.37423
454.7984065670993,7.12294013100811,1.721252400890965,0.0,-57.838116,-70.99142,-79.3418,-76.19722,-76.448845,-76.63823,-71.69265,-65.98607,-74.3995,-76.7164,-89.03329,-73.29211
458.11810296539926,8.336114500953927,1.6667913559802956,0.0,-61.75454,-71.01924,-82.24502,-74.127304,-74.50846,-77.60768,-72.63609,-65.3104,-72.72088,-78.29896,-88.15957,-72.24296
461.4377993636992,9.307920125180823,1.6231656818343554,0.0,-69.05325,-71.79052,-83.80908,-75.09617,-73.80828,-81.13795,-69.2252,-64.47084,-74.187386,-78.36405,-85.11276,-68.20032
464.7574957619992,10.15690066582997,1.5850537924819263,0.0,-71.13228,-73.009476,-84.05067,-75.36806,-75.66342,-81.37487,-66.012146,-64.06404,-74.346924,-77.99431,-81.549904,-65.86165
468.0771921602992,10.995636661131575,1.547401794681844,0.0,-71.078224,-73.84504,-83.96909,-75.27834,-78.45059,-80.581,-65.38873,-63.344234,-74.496704,-78.11211,-81.40752,-64.72667
471.3968885585992,12.17795248246246,1.494326031923212,0.0,-73.901535,-73.24563,-78.73397,-75.20693,-81.39385,-79.41818,-65.040985,-62.872658,-74.81408,-79.09208,-81.406784,-62.40365
474.7165849568992,13.383637586708794,1.440201190319925,0.0,-76.341324,-71.96285,-76.1477,-75.53358,-81.062164,-77.71527,-66.545105,-63.518314,-75.73682,-80.78118,-80.26825,-62.95084
478.0362813551992,14.551544787286211,1.3877722501132652,0.0,-77.15772,-72.14243,-75.93329,-76.90151,-80.387596,-76.24008,-63.10757,-66.10061,-78.12941,-82.07638,-79.30895,-70.54359
481.35597775349913,15.71589935061244,1.335502792617155,0.0,-78.0632,-74.01664,-77.09218,-78.42815,-78.73455,-76.78703,-62.9125,-69.46913,-80.91598,-81.041664,-78.1938,-75.88189
484.6756741517991,16.817021825636036,1.2860719094316766,0.0,-81.38115,-73.822395,-77.951355,-78.21607,-77.056274,-77.347374,-65.73509,-69.83825,-83.20472,-78.80842,-77.78407,-75.43891
487.9953705500991,17.93147044132543,1.236042797695328,0.0,-84.600586,-75.50775,-77.59219,-77.42163,-76.23363,-77.305664,-71.30793,-70.87612,-82.54683,-77.27403,-77.43688,-72.88224
491.3150669483991,18.934716735357387,1.1910057091866268,0.0,-83.58052,-76.128105,-77.07671,-78.50496,-77.48464,-78.864174,-72.74415,-75.03186,-80.965164,-78.9468,-79.82101,-73.237564
494.6347633466991,19.402206724845225,2.151898650236163,0.0,-84.264465,-75.5669,-81.25747,-83.22759,-78.32437,-79.27634,-71.87061,-76.04209,-83.9926,-78.7733,-81.20652,-71.61271
497.95445974499904,19.044620067851486,3.006535562172959,0.0,-80.455986,-74.204735,-82.24413,-81.91902,-77.92806,-77.93318,-70.7498,-69.71049,-86.46891,-82.83394,-79.16267,-71.278946
501.274156143299,18.67505347676473,3.8898046774602353,0.0,-77.28311,-74.88462,-79.79494,-79.03598,-76.81815,-78.53629,-68.143,-66.28385,-82.48876,-82.578995,-79.7943,-72.086006
504.593852541599,18.28333353122814,4.826020607360841,0.0,-80.239655,-76.50185,-78.92667,-79.79216,-77.00963,-79.81948,-63.10016,-65.92962,-79.89327,-78.5484,-81.14249,-73.89262
507.913548939899,17.923673751839644,5.685612309659282,0.0,-81.19989,-79.85554,-79.04829,-80.21528,-78.06482,-77.26661,-48.62253,-66.65796,-83.75197,-76.79661,-81.87955,-74.42515
511.23324533819897,17.577531255918117,6.512897522959756,0.0,-82.07727,-82.72912,-78.407196,-78.337715,-76.611725,-73.464195,-44.028618,-69.47495,-82.88616,-75.91052,-80.561935,-71.22282
514.552941736499,17.217492241476,7.373395602128765,0.0,-80.312035,-80.313736,-76.44635,-80.12331,-73.547745,-70.07986,-47.642044,-74.87164,-78.426414,-78.81575,-74.647156,-70.284775
517.872638134799,16.864577178924755,8.216867340617197,0.0,-77.99787,-79.021866,-75.97713,-81.790985,-72.6776,-70.01317,-57.21469,-77.24173,-74.91292,-80.43123,-73.72441,-70.36606
521.192334533099,16.428993676711606,9.257917759980524,0.0,-79.7211,-78.46773,-84.80217,-83.12427,-74.55505,-69.47726,-60.42144,-76.22893,-73.59004,-76.39648,-73.8784,-70.23334
524.5120309313991,15.95125106998188,10.399729005256594,0.0,-82.436935,-80.37646,-80.27355,-78.800156,-74.00784,-65.81815,-64.10369,-73.34252,-75.51385,-77.93263,-72.337036,-70.57155
527.8317273296991,15.623682145018762,11.182623134558064,0.0,-82.63224,-80.40468,-78.11693,-74.671005,-73.18837,-64.94829,-65.07575,-72.84528,-76.56799,-78.04484,-70.30909,-70.478386
531.1514237279991,15.279309192454244,12.00567911547362,0.0,-79.126335,-79.939186,-79.60315,-77.96679,-72.15679,-64.40119,-64.19759,-74.96664,-75.0522,-76.48233,-67.06716,-70.24167
534.4711201262992,14.91070045187304,12.886658955190487,0.0,-76.59704,-80.35022,-78.12192,-80.949844,-68.82415,-65.36495,-64.95422,-78.44075,-72.20349,-76.887764,-64.16539,-71.35509
537.7908165245992,14.520689439794772,13.818790511177912,0.0,-79.15653,-79.14913,-76.15864,-78.016464,-64.79461,-64.07666,-66.86852,-81.400215,-72.66049,-73.87531,-65.377174,-74.10751
541.1105129228993,14.20736993011426,14.567628346610888,0.0,-79.60258,-78.648605,-74.47022,-76.17341,-63.729927,-64.16968,-69.584625,-83.12357,-78.26737,-71.9818,-66.10044,-75.70913
544.4302093211993,13.855803115768277,15.407877753784296,0.0,-79.43273,-79.85113,-73.645905,-79.05834,-64.08784,-65.166595,-73.49827,-82.30742,-81.05154,-70.76408,-66.13665,-77.93345
547.7499057194993,13.403034985778625,16.489999664290956,0.0,-83.45951,-77.72957,-76.25328,-78.1482,-62.5665,-72.76842,-72.523285,-81.96549,-81.78897,-69.58066,-69.59879,-79.86718
551.0696021177994,14.145350582470268,16.153354050851682,0.0,-81.576515,-77.7898,-75.238495,-80.638336,-64.12433,-69.09922,-74.87278,-82.48875,-81.30688,-70.28768,-69.9389,-80.98009
554.3892985160994,15.087686145828629,15.72599790313464,0.0,-80.92352,-77.95709,-76.88306,-78.081665,-64.61237,-67.31724,-74.461205,-83.2168,-81.95979,-70.94067,-74.28129,-78.80448
557.7089949143995,16.18345615524777,15.229058099292011,0.0,-79.33372,-77.59536,-79.57711,-76.43878,-68.59508,-65.11266,-70.810295,-79.66035,-83.51366,-74.387405,-71.69787,-73.012436
561.0286913126995,17.18634267409893,14.774241645409967,0.0,-79.765175,-76.550026,-79.019264,-80.09251,-74.68184,-73.8073,-74.04669,-79.15751,-79.28107,-79.506065,-69.634285,-72.32783
564.3483877109995,18.06136017311317,14.37741473777312,0.0,-78.25708,-77.76759,-81.14277,-82.325584,-74.82414,-75.09506,-77.744995,-79.67095,-78.27295,-78.40428,-70.11714,-74.68418
567.6680841092996,18.78546888524426,14.04902608114443,0.0,-78.08116,-77.70559,-83.345146,-82.78844,-73.34516,-72.23497,-78.637024,-80.12631,-80.533325,-77.36632,-71.348656,-78.24266
570.9877805075996,19.57417826866261,13.691340542285303,0.0,-78.57097,-78.03406,-84.55224,-83.27602,-72.88383,-69.93566,-76.2312,-80.758736,-81.44921,-77.468636,-72.611694,-79.464134
574.3074769058996,18.437888612117234,14.067870806828513,0.0,-78.02508,-77.60121,-82.95631,-82.534935,-73.44606,-73.02769,-78.7935,-79.75588,-79.75879,-77.518074,-71.07501,-76.83545
577.6271733041997,17.607249780761666,14.343118105885209,0.0,-78.02795,-77.83429,-80.993706,-81.54675,-74.39875,-73.79049,-76.43051,-79.34387,-78.7441,-78.71201,-68.80869,-73.39636
580.9468697024997,16.542203037395605,14.69604073412572,0.0,-79.62875,-77.17447,-79.59318,-78.89394,-71.366066,-66.74243,-70.06225,-79.37285,-80.412506,-78.21831,-69.49549,-71.37031
584.2665661007998,15.515677019109033,15.03619881881783,0.0,-78.37927,-79.42176,-79.89601,-76.24018,-66.3542,-63.58713,-69.767235,-80.80502,-83.00554,-72.15018,-70.83554,-73.64923
587.5862624990998,14.73458269313751,15.295028644027552,0.0,-79.569496,-79.24226,-75.27298,-77.47026,-63.930115,-65.30422,-72.33986,-83.23028,-81.57349,-71.170944,-70.81461,-77.61548
590.9059588973998,13.83485740037847,15.593168999831494,0.0,-79.834145,-79.43318,-73.82169,-79.65505,-64.22571,-65.70275,-73.76966,-82.11832,-81.61888,-70.585045,-66.381195,-78.600975
594.2256552956999,12.669170223527855,15.979440667927648,0.0,-82.522354,-79.308495,-75.98441,-77.04605,-62.823616,-72.122856,-72.60481,-81.33562,-82.14461,-69.67999,-68.91453,-79.267685
597.5453516939999,11.874506396787632,16.242766994258126,0.0,-82.44179,-79.49763,-77.4869,-73.60819,-62.78544,-74.06641,-73.231415,-82.41429,-81.33464,-70.450455,-72.98345,-79.99956
600.8650480923,11.09846715703152,16.499921724619444,0.0,-82.007454,-79.97812,-74.96125,-71.81051,-65.60873,-73.86617,-75.055664,-83.34683,-80.01234,-69.31401,-75.2743,-79.95924
604.1847444906,11.077161392778784,15.533185769546668,0.0,-80.0846,-81.04234,-74.28334,-69.86064,-63.79642,-73.50979,-74.67265,-83.49813,-77.172844,-69.97992,-73.770485,-80.87682
607.5044408889,11.05794615534873,14.661306183884385,0.0,-78.397,-80.02862,-76.05337,-69.8636,-65.11655,-72.511826,-72.48705,-80.560356,-74.2284,-69.82887,-71.037834,-79.9183
610.8241372872001,11.031160826745683,13.445938365023755,0.0,-75.000244,-76.44377,-75.16084,-69.37469,-66.40298,-71.831375,-66.21626,-72.9167,-73.74229,-68.18994,-67.42778,-80.311676
614.1438336855001,11.005872828040578,12.298510969786312,0.0,-78.338005,-73.82875,-73.23299,-69.019,-67.6156,-71.57718,-63.87922,-69.96272,-72.61008,-70.17653,-67.943825,-75.35369
617.4635300838002,10.987509227566653,11.465273887457474,0.0,-78.14972,-72.702675,-73.236404,-69.4269,-71.00924,-70.423386,-65.57286,-69.778496,-71.39518,-71.79065,-69.95954,-74.61331
620.7832264821002,10.966474760305717,10.510847866605536,0.0,-75.75391,-72.22408,-73.31523,-69.72607,-73.381836,-69.0519,-67.19293,-70.317245,-68.75475,-73.5957,-71.097595,-74.9768
624.1029228804002,10.948838108056504,9.710595613075544,0.0,-72.38044,-73.05046,-73.32059,-70.41542,-74.28709,-68.78698,-67.53869,-71.39613,-67.54148,-76.24024,-71.64489,-75.81917
627.4226192787003,10.922690645970729,8.524170595302525,0.0,-71.164345,-73.78488,-75.794945,-72.67928,-74.82631,-68.6946,-66.993095,-71.72248,-67.52645,-77.1928,-72.67419,-75.42512
630.7423156770003,10.89598448983593,7.312395178516768,0.0,-71.44174,-74.60877,-78.53464,-76.27551,-75.365074,-71.80433,-68.16024,-70.8285,-73.762825,-72.67239,-76.62069,-70.53422
634.0620120753003,10.873741581851176,6.303136902720503,0.0,-72.25166,-73.42788,-78.0615,-78.342186,-77.98894,-72.78024,-66.867836,-70.93384,-77.52784,-72.423584,-83.11435,-69.82015
637.3817084736004,10.85038863743787,5.243511406382826,0.0,-72.57867,-74.04284,-76.39394,-78.25407,-79.24667,-72.722,-66.24906,-73.13137,-76.30986,-73.14899,-83.61605,-68.897316
640.7014048719004,10.824072582088998,4.049436572940783,0.0,-71.79657,-73.69957,-77.26201,-75.94966,-79.14844,-72.71927,-65.44201,-70.53309,-74.54181,-72.643875,-82.18667,-66.68706
644.0211012702005,10.801827131020456,3.0400629062809736,0.0,-74.07167,-73.32056,-78.95567,-75.62949,-77.76407,-76.87979,-64.85759,-65.20698,-74.25449,-73.45711,-79.55137,-62.798656
647.3407976685005,10.785287178954098,2.289572749342565,0.0,-76.11897,-73.43488,-82.01544,-74.87064,-76.56887,-81.550354,-64.955826,-63.560783,-74.181625,-76.03549,-77.52774,-64.46241
650.6604940668005,10.759459654414336,1.1176647010355132,0.0,-69.572624,-73.77586,-85.14311,-76.07869,-79.60086,-79.969574,-65.79328,-63.682793,-74.7241,-78.88984,-83.01364,-65.40564
653.9801904651006,9.881961336088075,1.421068914337719,0.0,-70.32167,-72.81966,-84.356804,-75.63321,-75.131935,-81.10636,-66.994705,-64.26603,-74.23772,-78.29885,-82.73317,-66.55226
657.2998868634006,9.144831466887384,1.6759392695231077,0.0,-67.70881,-71.38816,-83.70958,-74.74913,-73.6924,-80.61459,-69.76329,-64.60283,-73.88139,-78.366394,-85.8426,-69.06579
660.6195832617007,8.084202527178975,2.042662808858867,0.0,-59.40269,-70.137634,-82.05602,-74.96231,-76.80783,-74.13542,-73.08784,-65.47819,-71.66977,-77.6648,-88.76696,-72.58535
663.9392796600007,7.131094017739148,2.372210035855046,0.0,-58.122818,-70.252464,-79.30585,-77.47698,-77.37907,-74.552536,-72.48477,-66.16854,-71.378,-77.45811,-88.78372,-73.615715
667.2589760583007,6.156642946835579,2.7091366765042477,0.0,-59.766575,-71.44505,-77.80362,-79.8883,-79.36814,-79.681404,-69.11361,-70.227,-71.00694,-77.32977,-87.39079,-75.26133
670.5786724566008,5.308964728554926,3.0022302785996,0.0,-62.197315,-72.69612,-77.41708,-80.07618,-79.94487,-81.783516,-67.159706,-73.931076,-70.84619,-75.73575,-85.08464,-76.17317
673.8983688549008,4.524778842329347,3.2733707434004717,0.0,-65.117485,-73.02828,-76.736046,-80.86381,-80.30146,-81.85899,-67.41984,-74.84683,-69.63583,-75.68553,-84.53076,-75.853516
677.2180652532008,3.513707590868346,3.622959194153428,0.0,-65.26044,-68.83629,-75.78631,-80.29878,-81.103035,-81.01995,-68.94676,-74.7807,-68.50107,-75.0252,-85.38293,-75.125595
680.5377616515009,2.7589941349340616,3.883909258198102,0.0,-65.72946,-65.88756,-74.53802,-79.952484,-81.67104,-80.42273,-70.23389,-75.13311,-68.26627,-74.84137,-86.76945,-75.02698
683.8574580498009,1.813533836330235,4.210812036374946,0.0,-66.53187,-64.479965,-74.31296,-79.656784,-81.90704,-79.623146,-73.59402,-75.55024,-68.03844,-73.63787,-88.23696,-76.128525
687.177154448101,2.846657640569628,3.6815980946224967,0.0,-65.78211,-67.26596,-75.034225,-79.74495,-81.43787,-80.61956,-69.95578,-75.0292,-68.60655,-74.7364,-87.3162,-75.13358
690.496850846401,3.518570276466479,3.337413270792946,0.0,-65.45457,-69.57127,-75.81667,-80.020744,-80.9172,-81.29279,-68.087166,-74.70355,-69.52915,-74.68046,-86.25609,-75.26669
693.816547244701,4.290484436133202,2.942003027165361,0.0,-64.45017,-71.36417,-76.616615,-80.535774,-80.41562,-82.75907,-66.44985,-73.48274,-71.58886,-74.63915,-85.59772,-75.37519
697.1362436430011,4.9560736039112605,2.601057377067903,0.0,-61.60254,-71.7334,-77.49245,-80.77422,-80.04247,-84.59835,-65.44161,-71.693855,-73.76585,-74.69785,-85.97024,-75.29766
700.4559400413011,5.888240287326135,2.1235583562574374,0.0,-58.65361,-71.77844,-78.0162,-80.6111,-79.11455,-82.869225,-66.28973,-69.20763,-75.13839,-75.74226,-87.5732,-74.97585
703.7756364396012,6.972899715210048,1.5679454772066008,0.0,-58.08503,-71.32601,-79.100044,-76.31749,-76.38661,-78.84644,-70.700356,-66.160385,-75.37961,-76.71305,-88.32161,-73.47504
707.0953328379012,7.822189291923352,1.1328999553268533,0.0,-61.647655,-72.4564,-80.1236,-73.76877,-72.67736,-80.54667,-70.80625,-66.43453,-73.86425,-76.85559,-86.86857,-72.072685
710.4150292362012,8.533160119330546,1.6111482554189511,0.0,-63.33679,-71.176155,-82.52903,-74.250565,-73.713844,-78.89502,-72.22323,-65.229866,-73.11285,-78.525894,-87.554375,-72.058365
713.7347256345013,9.263424536863814,2.10237476266776,0.0,-67.684814,-70.94656,-83.30137,-74.62778,-74.50675,-79.98882,-66.46733,-64.70284,-73.63208,-78.123665,-84.04755,-69.61717
717.0544220328013,10.263651850364768,2.775197041652138,0.0,-72.07648,-72.696686,-81.44135,-75.682625,-76.4366,-79.18393,-65.041756,-64.73243,-74.132706,-74.74426,-78.86101,-66.60185
720.3741184311014,11.11158643626156,3.345576667175341,0.0,-74.311325,-73.536606,-77.617134,-75.46255,-78.69096,-74.89922,-65.005974,-66.50848,-74.12803,-73.03423,-80.79055,-60.93571
723.6938148294014,12.127958480905736,4.029259012321433,0.0,-72.74912,-73.083336,-75.260735,-77.157845,-78.8647,-72.918144,-65.55893,-69.56067,-73.39295,-74.02856,-83.68082,-57.71612
727.0135112277014,13.00757388938736,4.620949356882112,0.0,-72.95741,-72.43203,-74.54767,-78.70021,-78.15171,-72.73019,-66.7977,-72.442345,-71.73337,-76.63643,-83.136696,-57.78151
730.3332076260015,13.975023033636296,5.271722765335364,0.0,-78.95576,-78.195496,-74.863716,-79.48661,-75.94403,-71.80166,-69.843285,-74.01087,-73.08664,-79.7576,-73.82565,-60.633286
733.6529040243015,14.635855782230545,5.716244715431327,0.0,-80.33233,-80.69286,-75.56813,-79.92695,-75.24646,-69.657684,-68.53398,-75.27904,-74.93494,-80.710785,-73.26328,-65.363106
736.9726004226015,15.60691761357448,6.3694482678445645,0.0,-80.07008,-80.97792,-76.660965,-81.06066,-74.54222,-66.61994,-63.102093,-75.36344,-76.95361,-79.847824,-73.68204,-68.24725
740.2922968209016,16.37485843625473,6.886018538888628,0.0,-79.896286,-81.48335,-77.034225,-80.89633,-74.02047,-67.96696,-51.32262,-76.101555,-77.53187,-79.44979,-74.44253,-69.27936
743.6119932192016,17.309902530247875,7.514994062531684,0.0,-80.094055,-79.867874,-76.16277,-80.25444,-73.213036,-70.365,-49.27366,-74.913704,-78.035095,-79.26727,-74.48685,-70.5296
746.9316896175017,18.146885347974315,8.078006769035758,0.0,-78.92728,-76.89494,-75.36032,-79.84294,-72.57049,-71.240074,-60.72525,-74.61717,-76.782524,-81.30382,-74.483025,-72.077896
750.2513860158017,19.139859430055868,8.745950021395156,0.0,-78.45781,-74.41616,-74.51787,-79.04678,-74.27443,-71.990105,-68.065445,-76.84065,-74.59298,-84.086365,-74.3,-74.03908
753.5710824141017,18.33297145081002,8.418584198423638,0.0,-78.14066,-75.72927,-74.70411,-79.873375,-71.95094,-71.320984,-64.25157,-74.536026,-75.456726,-83.25866,-74.34089,-72.12317
756.8907788124018,17.381279281411036,8.032469275083178,0.0,-78.769806,-78.21807,-75.41478,-80.98759,-71.8558,-70.71018,-55.737663,-75.64124,-76.25973,-81.84421,-74.16552,-71.0275
760.2104752107018,16.519080880129156,7.68266323451708,0.0,-78.68898,-79.76114,-76.46481,-82.131805,-73.08647,-68.93804,-51.283794,-78.15118,-75.69221,-81.32002,-73.16119,-69.956535
763.5301716090019,15.650122780147168,7.330114688937995,0.0,-79.46494,-79.55869,-76.87004,-82.9589,-74.10792,-68.14021,-58.440586,-79.09463,-75.472824,-81.31646,-72.480385,-68.51728
766.8498680073019,14.893021067138182,7.022947855712912,0.0,-80.620895,-79.425804,-76.61441,-82.86652,-74.507744,-69.217186,-63.321705,-78.53548,-76.01042,-81.75025,-72.18667,-66.912254
770.1695644056019,13.983046149732864,6.653758209340616,0.0,-82.54092,-79.86823,-75.480034,-82.647835,-75.25154,-71.46397,-68.25127,-78.55748,-76.76669,-81.99348,-72.731834,-65.497665
773.489260803902,13.01436554053454,6.260750836590871,0.0,-82.12455,-79.1616,-75.612854,-81.934395,-76.08786,-73.44467,-70.82294,-78.022575,-76.53585,-80.11838,-73.505,-65.869705
776.808957202202,11.995716611614972,5.847470612430775,0.0,-76.576546,-74.368286,-74.950615,-80.308495,-78.061424,-72.153046,-67.35122,-74.724625,-76.43494,-76.28252,-79.69006,-66.778206
780.128653600502,11.284000305170853,5.558717278171052,0.0,-73.56391,-73.59369,-75.95495,-79.65759,-78.90159,-72.5115,-66.71909,-73.57968,-76.720184,-74.51729,-82.99231,-68.797714
783.4483499988021,10.2682481255239,5.146612306008709,0.0,-71.898766,-74.10599,-77.29232,-77.172585,-79.439865,-72.84875,-65.93914,-72.66321,-76.31853,-72.60436,-83.33254,-69.33225
786.7680463971021,9.143315764767443,4.690211395921381,0.0,-69.69514,-74.75332,-81.88009,-76.68757,-78.16559,-74.27998,-65.60785,-71.421104,-71.70412,-72.88335,-81.527214,-71.94606
790.0877427954022,8.271002082652199,4.336301443387605,0.0,-67.495026,-75.148674,-83.09689,-78.59897,-78.09416,-76.71929,-65.501564,-71.57088,-67.22846,-76.93403,-80.61411,-74.626434
793.4074391937022,7.121274095764306,3.869840598385644,0.0,-64.020325,-74.68309,-80.97714,-80.13786,-77.90232,-77.637856,-67.328575,-72.73119,-66.624954,-79.745636,-80.85757,-77.04187
796.7271355920022,6.02239425682717,3.4240095635043337,0.0,-62.525097,-74.32316,-76.72552,-79.73768,-79.38408,-79.351715,-70.34031,-74.54739,-67.63941,-79.577126,-83.660645,-78.11609
800.0468319903023,5.330956116268037,3.1434833668821005,0.0,-62.66957,-73.442375,-77.18895,-80.0683,-79.88305,-81.05685,-67.61855,-74.63658,-70.03704,-76.76421,-84.59026,-76.592415
803.3665283886023,4.427934294636598,2.777114689440761,0.0,-63.051823,-71.66231,-76.770584,-80.55762,-80.26811,-83.421425,-65.991035,-73.0268,-72.482285,-74.6017,-85.87766,-75.397545
806.6862247869024,3.2959233513790087,2.317841898689005,0.0,-66.60754,-70.65622,-74.63333,-78.36219,-79.5384,-80.896515,-70.06422,-74.262405,-72.41827,-74.180786,-92.95048,-77.651474
810.0059211852024,2.346475250988161,1.9326374257661367,0.0,-67.79623,-70.53005,-73.802765,-77.26702,-78.09516,-79.13513,-73.169914,-74.78447,-72.179504,-73.71706,-96.59734,-80.33491
813.3256175835024,1.4815247802757905,1.5817148318529068,0.0,-69.27508,-71.84666,-75.18068,-76.75116,-77.77022,-78.4882,-73.10615,-83.60315,-73.50232,-75.577515,-93.98236,-81.29608
816.6453139818025,2.62718515542896,1.7228770217667444,0.0,-67.66149,-70.869774,-73.72333,-77.08886,-77.9837,-79.29137,-73.16825,-74.6814,-72.82191,-74.03768,-95.899704,-80.44346
819.9650103801025,3.62294956484565,1.8455698264757547,0.0,-64.902145,-71.37781,-75.07881,-77.962234,-79.22946,-81.67593,-70.26637,-74.04874,-73.85734,-74.155785,-93.052086,-76.81418
823.2847067784026,4.809981924140516,1.9918296526605,0.0,-60.659893,-72.36188,-77.24932,-80.25845,-79.75311,-85.244316,-64.18541,-71.60862,-75.16805,-74.488396,-87.26981,-75.26864
826.6044031767026,5.651383547374653,2.0955026942605546,0.0,-59.11349,-72.060875,-77.856125,-80.54758,-79.25106,-84.51688,-65.42452,-69.988106,-75.33306,-75.170746,-87.19029,-75.06703
829.9240995750026,6.744781264240101,2.2302253568462107,0.0,-57.84773,-70.845406,-78.55597,-78.12218,-78.28128,-76.449005,-70.53463,-66.2682,-73.00364,-77.4854,-88.9097,-74.15695
833.2437959733027,7.496642501498357,2.322865707393827,0.0,-57.970478,-69.98411,-80.461296,-76.67942,-76.96526,-73.90214,-73.404915,-66.003296,-71.055855,-76.893776,-88.90922,-73.03511
836.5634923716027,8.45805480524336,2.4413258279933614,0.0,-60.289158,-70.215225,-83.000824,-75.4238,-77.18439,-74.3885,-69.43543,-65.65105,-71.95533,-77.377556,-86.65921,-72.553375
839.8831887699027,9.607247496307714,2.582923251123172,0.0,-68.46978,-71.433334,-82.783394,-75.2031,-75.645065,-78.96275,-65.74861,-64.95191,-74.0958,-76.574356,-79.335785,-69.324455
843.2028851682028,10.606769320730676,2.7060790245637567,0.0,-74.58465,-73.16767,-80.65046,-75.41499,-76.70972,-79.61408,-64.836136,-64.22274,-74.2308,-74.65204,-78.465614,-64.37866
846.5225815665028,11.737389162610071,2.845387999807309,0.0,-74.37908,-73.589386,-78.007164,-75.226456,-79.469734,-78.124504,-64.60801,-64.40237,-74.355705,-74.01534,-81.26997,-59.479572
849.8422779648029,12.80696855484132,2.977175894866426,0.0,-73.215515,-72.80414,-75.35708,-75.52927,-81.11782,-76.85994,-65.15899,-65.50022,-73.918655,-76.09085,-83.71532,-59.543606
853.1619743631029,13.747512348156093,3.0930647083871263,0.0,-73.73581,-73.26871,-75.560585,-76.43511,-81.06023,-75.84019,-66.70774,-67.33974,-74.64425,-78.21348,-82.738594,-64.48257
856.4816707614029,14.628713383323428,3.201641622258247,0.0,-72.69828,-74.5195,-77.07071,-77.25159,-80.20579,-75.71886,-67.939674,-68.25411,-75.911285,-80.551346,-81.28439,-69.93207
859.801367159703,15.496213532549437,3.308530385692133,0.0,-73.80902,-76.64249,-78.760445,-77.516975,-78.73279,-75.472145,-68.6433,-68.146774,-77.06339,-82.26431,-77.01348,-72.49433
863.121063558003,16.45313653575343,3.4264373585095727,0.0,-77.27032,-76.86477,-80.51878,-78.01645,-77.366585,-76.32851,-64.63965,-67.675705,-78.89124,-82.99631,-76.08335,-72.4573
866.440759956303,17.247910583513256,3.524365197772987,0.0,-77.392586,-75.11115,-80.72072,-78.59723,-76.677795,-77.053696,-64.62425,-67.2224,-81.035194,-83.172,-77.751114,-72.354164
869.7604563546031,17.996427577839558,3.616593488458783,0.0,-77.40694,-74.75806,-80.421135,-78.895355,-76.5161,-77.8301,-66.56868,-66.72987,-82.39805,-83.02626,-79.00442,-71.81583
873.0801527529031,18.824385606899664,3.7186100817473857,0.0,-77.17261,-74.68319,-80.12242,-79.40311,-76.95888,-78.07654,-69.017235,-66.631615,-83.96148,-82.99214,-79.75165,-71.88763
876.3998491512032,19.65459431605848,4.660031600819142,0.0,-78.24182,-76.06863,-78.98937,-79.091705,-77.21092,-80.06926,-70.717896,-68.03852,-80.42324,-80.50962,-81.4148,-74.03475
879.7195455495032,18.80676776198208,4.1171392730667575,0.0,-77.53371,-75.11151,-79.36564,-78.88716,-77.00594,-79.12509,-68.1443,-66.07944,-81.541595,-82.038246,-79.95689,-72.56913
883.0392419478032,18.02779743444453,3.6183379411981353,0.0,-77.40929,-74.7429,-80.4123,-78.91702,-76.5235,-77.833755,-66.62916,-66.71137,-82.58726,-83.01744,-79.046646,-71.8066
886.3589383461033,17.164031419232913,3.0652390315485345,0.0,-77.7543,-75.10073,-81.272385,-79.24358,-76.944405,-76.935036,-63.97793,-67.840515,-82.82262,-84.32984,-76.90215,-72.089966
889.6786347444033,16.179592632939904,2.4348692210599374,0.0,-73.230354,-74.54866,-79.28248,-79.25311,-79.202225,-76.42522,-62.55099,-68.75522,-81.519226,-85.73831,-79.086395,-72.1977
892.9983311427034,15.404627503981867,1.9386325547700052,0.0,-75.10139,-74.351746,-77.39594,-78.73448,-81.576324,-76.40147,-62.698914,-68.53638,-79.94433,-85.033775,-81.60229,-72.71713
896.3180275410034,14.543122148915828,1.3869812230982228,0.0,-77.15794,-72.128944,-75.93414,-76.8885,-80.386024,-76.237144,-63.13383,-66.07839,-78.11163,-82.07462,-79.308846,-70.47381
899.6377239393034,15.715274521081422,1.5020113567622588,0.0,-77.405785,-73.998116,-77.347176,-78.87662,-79.08456,-76.6665,-62.69294,-69.26344,-80.878845,-82.17406,-79.010864,-74.66219
902.9574203376036,16.624458288176022,1.591234850855302,0.0,-79.04863,-73.77759,-79.04093,-79.522095,-77.868515,-77.19068,-63.602665,-69.11352,-83.108574,-81.16119,-78.434685,-73.704445
906.2771167359036,17.821948494917052,1.708751533680677,0.0,-83.35147,-74.37023,-80.23533,-81.01957,-76.37911,-76.82786,-69.183624,-69.85709,-84.94646,-79.38755,-77.001305,-72.15624
909.5968131342036,18.82781371126368,1.8074629410300371,0.0,-84.62274,-75.18543,-80.71619,-82.612885,-77.418015,-78.14676,-71.55259,-72.94099,-84.06703,-78.124084,-79.34071,-71.87649
912.9165095325036,17.703259833324385,1.7127002974786163,0.0,-82.870445,-74.32048,-80.16186,-80.89803,-76.40618,-76.70376,-68.7412,-69.70454,-84.946526,-79.63678,-76.90229,-72.24395
916.2362059308036,16.45958642833584,1.6078998233676969,0.0,-78.24955,-73.8154,-78.88003,-79.55731,-78.24776,-77.088425,-63.033443,-69.11795,-82.58653,-81.74922,-78.68927,-73.725334
919.5559023291036,15.594249272948078,1.5349805635470148,0.0,-77.14522,-73.893616,-77.184395,-78.928375,-79.31728,-76.61389,-62.67134,-69.02695,-80.58488,-82.53038,-79.42232,-74.27332
922.8755987274036,14.355789975437492,1.4306194659907143,0.0,-76.95272,-72.05505,-75.9345,-76.336395,-80.51162,-76.19819,-63.81592,-65.67177,-77.72143,-82.24887,-79.62365,-68.738075
926.1952951257038,13.18000330808228,1.3315395952643163,0.0,-76.43127,-71.87375,-76.46228,-75.804825,-81.02498,-78.01164,-66.59784,-63.19876,-75.32684,-80.491394,-80.42818,-62.679474
929.5149915240038,12.117853596021709,1.2420355558965614,0.0,-73.70174,-73.04329,-79.15304,-75.80746,-81.113846,-78.69189,-65.79013,-62.78119,-74.78874,-80.1581,-82.04462,-62.749355
932.8346879223038,10.931826903983827,1.1420927902675737,0.0,-69.88482,-73.84324,-84.65899,-76.01776,-80.07231,-79.77355,-65.84709,-63.485485,-74.79344,-79.0675,-83.1008,-65.107025
936.154384320604,10.063012464601885,1.0688805105835202,0.0,-69.318275,-73.57659,-85.23878,-76.175026,-76.81876,-80.49784,-65.68361,-64.6676,-74.94889,-78.41273,-83.08499,-66.83067
939.474080718904,8.944212653590766,1.1181409085070757,0.0,-66.496765,-72.81294,-82.89005,-74.58157,-72.94205,-81.33103,-70.21078,-65.49685,-74.694565,-78.32633,-85.08438,-69.20734
942.793777117204,7.709468274375609,1.172506308693407,0.0,-61.279823,-72.32668,-80.1124,-73.949455,-73.17642,-80.22791,-70.84912,-66.40953,-74.00212,-76.61932,-87.08145,-72.04353
946.113473515504,6.719041913681276,1.2161144646491082,0.0,-59.78826,-72.41725,-79.04785,-76.72623,-76.093994,-81.769325,-69.50847,-66.86902,-77.16503,-76.654236,-87.19819,-73.59878
949.433169913804,5.828540092933332,1.2553229750635404,0.0,-60.45629,-72.58656,-78.20195,-81.22683,-78.37575,-82.55179,-66.60205,-71.88741,-77.61747,-75.903305,-87.52062,-74.83605
952.752866312104,4.909120695770159,1.2958047171206484,0.0,-61.72624,-72.59453,-77.31332,-81.26874,-79.127914,-83.95587,-66.6857,-74.46845,-77.09591,-74.90277,-88.031,-75.524155
956.072562710404,3.7055531924431184,1.3487974094309627,0.0,-64.84083,-71.929886,-75.32905,-77.7466,-78.817444,-81.99831,-71.093254,-75.750145,-75.02263,-74.66917,-92.38015,-77.642395
959.392259108704,2.721531805416511,1.392123556444173,0.0,-67.49333,-71.90401,-74.10044,-76.7453,-77.89307,-79.475914,-73.29051,-76.05421,-73.77879,-74.898315,-95.09479,-80.53298
962.7119555070042,1.7862743110694417,1.433302644855787,0.0,-68.52255,-72.135,-75.00301,-76.49379,-77.77829,-78.6436,-73.32986,-80.61551,-73.76655,-76.20981,-94.5347,-80.72115
966.0316519053042,2.561099482300376,2.3811370775152367,0.0,-67.54385,-70.08791,-73.8933,-77.8401,-78.80848,-79.75609,-72.464584,-74.25891,-71.807655,-73.909836,-95.56106,-79.89568
969.3513483036044,3.168492062612331,3.124153209589182,0.0,-65.89291,-69.56714,-75.17382,-79.549576,-80.727234,-81.07673,-69.19811,-74.69237,-70.2458,-74.45958,-88.6333,-75.82255
972.6710447019044,3.661216499143922,3.726897162803079,0.0,-65.09029,-69.33572,-75.631546,-80.58443,-80.97785,-81.030876,-69.04599,-74.70433,-68.119514,-75.41268,-84.577736,-75.17245
975.9907411002044,4.187079213137199,4.370178777393295,0.0,-65.756546,-71.94853,-74.31932,-78.7146,-80.754074,-79.79044,-70.75568,-76.55422,-66.01351,-79.01468,-83.11182,-75.67831
979.3104374985044,4.806286152896949,5.127647275110764,0.0,-67.50061,-74.85004,-73.862915,-78.395935,-78.78966,-77.48239,-72.44606,-77.57416,-64.29769,-72.34125,-84.17121,-74.90619
982.6301338968044,5.377145636007402,5.825972903126526,0.0,-69.21018,-72.86271,-76.11808,-78.59808,-78.00324,-76.20299,-71.94191,-76.89297,-62.603645,-65.94186,-87.28145,-73.26307
985.9498302951044,6.065168165556004,6.667622694802246,0.0,-69.750206,-69.06799,-79.54554,-76.07925,-73.399254,-77.820816,-70.73407,-75.82808,-61.677803,-64.35617,-88.28744,-72.93435
989.2695266934044,6.756200804493845,7.512954717555536,0.0,-70.02859,-69.1508,-79.25868,-70.30306,-69.914955,-77.07622,-71.55562,-74.51212,-61.539265,-67.07831,-86.79914,-74.235855
992.5892230917044,7.31441737956631,8.195814426274543,0.0,-68.820656,-71.064575,-75.96533,-68.272316,-71.990746,-74.75282,-72.67609,-73.66135,-65.10145,-69.731834,-88.70763,-77.21056
995.9089194900046,7.802892891716557,8.79336072073917,0.0,-67.80199,-72.84612,-75.13571,-67.55983,-73.21962,-72.707275,-73.59027,-74.10925,-68.36237,-70.80546,-90.30484,-80.07123
999.2286158883046,8.416899049011022,9.544467163014456,0.0,-69.92277,-72.32962,-74.50253,-66.630104,-73.27277,-71.620255,-72.58681,-73.452065,-68.887115,-71.02932,-81.23644,-77.89151
1002.5483122866046,8.89940874117295,10.134715540718076,0.0,-70.87719,-71.93372,-74.116486,-66.03939,-72.68936,-70.71881,-71.893814,-72.2005,-69.76989,-70.91424,-77.31095,-75.789116
1005.8680086849048,9.578486006502583,10.965422696879637,0.0,-74.31257,-72.008354,-73.704285,-66.26289,-71.42633,-70.424446,-69.33566,-70.06458,-71.08935,-69.53381,-74.087975,-73.44993
1009.1877050832048,10.212641791860598,11.741177939933522,0.0,-75.73103,-72.640175,-73.456276,-67.6299,-70.01308,-70.69753,-65.663704,-68.35749,-72.17829,-69.48568,-71.323296,-73.32132
1012.5074014815048,10.86309216601714,12.53686616000303,0.0,-76.32321,-74.452034,-73.29889,-68.79273,-66.972015,-71.75822,-64.205986,-69.48873,-72.96403,-69.06782,-67.85879,-75.695274
1015.8270978798048,11.36168200079099,13.14678518524826,0.0,-76.28422,-75.745766,-73.46797,-69.62078,-66.26629,-71.398125,-65.38842,-72.90734,-73.529175,-68.96776,-65.194595,-77.50545
1019.1467942781048,11.873844005009468,13.773306884236098,0.0,-76.42581,-76.38583,-73.844696,-71.04572,-66.61161,-70.42151,-67.01261,-77.93029,-73.24575,-69.57856,-63.493206,-77.7365
1022.4664906764048,12.51097874903891,14.5527062520643,0.0,-78.072365,-78.30295,-73.543686,-74.35007,-66.34346,-68.13493,-70.70947,-81.01894,-76.64426,-70.6332,-62.186363,-76.11828
1025.786187074705,13.100126159427049,15.273403284390826,0.0,-78.75622,-80.79749,-73.64229,-79.31026,-65.357506,-66.048874,-73.82574,-81.392525,-80.93363,-70.65669,-62.685673,-77.29112
1029.105883473005,13.609625107972803,15.896667298992025,0.0,-80.674515,-78.8589,-74.49137,-80.215546,-64.36911,-67.10343,-73.78388,-81.67434,-81.85152,-70.25575,-65.616295,-79.488434
1032.425579871305,14.560369927103952,15.179395226249556,0.0,-79.418976,-79.67893,-74.61247,-77.39031,-63.719105,-64.7932,-71.938354,-83.21575,-81.09842,-71.21193,-69.43919,-77.39966
1035.745276269605,15.388204562912364,14.554850497563107,0.0,-78.370285,-80.3412,-79.18051,-77.2291,-66.34188,-62.390724,-67.93294,-80.95535,-79.81428,-72.90917,-68.70241,-72.255516
1039.064972667905,16.35217974675458,13.827597017687529,0.0,-76.59776,-79.71109,-82.17814,-80.7555,-70.778534,-66.995735,-67.650955,-78.32998,-76.563,-77.79043,-66.8941,-71.07028
1042.384669066205,17.201118269348456,13.187130846871778,0.0,-78.13576,-79.0459,-85.18261,-79.70796,-70.20321,-69.111664,-73.38286,-77.19939,-80.065674,-76.95064,-69.24416,-73.27827
1045.7043654645051,17.959551400322276,12.614944816568402,0.0,-78.67849,-78.6657,-85.16895,-80.73397,-69.58706,-69.593025,-74.942825,-76.653625,-81.66026,-76.71853,-72.70697,-74.430885
1049.0240618628052,18.92099682015516,11.889599870968272,0.0,-80.47695,-79.1804,-82.39867,-81.81568,-72.72532,-70.05403,-70.376114,-76.80634,-77.96681,-79.25369,-77.57462,-75.72692
1052.3437582611052,18.12066884637884,11.28995970226662,0.0,-81.19366,-80.17523,-82.713455,-81.94546,-73.02489,-70.32347,-68.8627,-75.68506,-75.05693,-79.18931,-77.95591,-74.2326
1055.6634546594053,17.472873980732853,10.80460390408408,0.0,-81.88596,-80.360596,-83.13727,-82.11339,-73.42722,-69.7232,-67.12614,-74.54099,-72.62803,-78.910614,-77.098656,-72.57595
1058.9831510577053,16.87700350145181,10.35815209129229,0.0,-82.21986,-80.40053,-83.27542,-82.37631,-74.20379,-68.723175,-65.59692,-73.08155,-72.22012,-77.75381,-75.28465,-71.348076
1062.302847456005,15.880890494666422,9.611821348139186,0.0,-81.47935,-78.709816,-83.17364,-82.54421,-75.197296,-68.94828,-60.30939,-76.35112,-73.68344,-76.121056,-73.21343,-70.272156
1065.6225438543054,15.029249938324348,8.973735583788713,0.0,-79.0355,-76.66206,-80.21813,-82.02117,-75.77679,-70.716,-57.19645,-78.84517,-74.50567,-75.45957,-72.845695,-68.94493
1068.9422402526054,14.157748006176648,8.320768821736088,0.0,-78.560326,-75.82733,-78.77529,-80.62824,-75.41269,-71.553185,-62.05219,-79.81306,-75.13513,-76.52769,-72.84895,-67.67958
1072.2619366509057,13.321011927513348,7.69385013363754,0.0,-79.46247,-76.181244,-77.829956,-79.79878,-75.2934,-71.99862,-66.051674,-78.686195,-76.75651,-76.97084,-73.44998,-67.75411
1075.5816330492055,12.713703671388716,7.238828646086414,0.0,-79.97123,-76.94751,-76.82926,-79.596405,-75.45483,-72.46081,-69.63245,-77.35194,-77.75416,-76.8387,-74.097206,-68.610405
1078.9013294475055,12.098686844633535,6.778031565597384,0.0,-77.98865,-76.77437,-75.01395,-79.86381,-76.292465,-71.957886,-69.62971,-74.55798,-78.203445,-76.95758,-75.12028,-69.09076
1082.2210258458056,11.39837444781132,6.253327372399087,0.0,-74.34932,-74.08908,-75.53394,-79.64627,-78.18174,-72.13662,-67.187515,-72.63777,-77.88738,-74.95793,-81.325714,-69.15646
1085.5407222441056,10.749634400044105,5.767263403085211,0.0,-72.380516,-73.23208,-76.892166,-78.53335,-79.14041,-72.795845,-66.4705,-71.78636,-77.78533,-74.08458,-84.02179,-69.05812
1088.8604186424056,10.094733951931916,5.2765837966535925,0.0,-71.836586,-73.933784,-77.723434,-77.319466,-79.39293,-72.96964,-65.91249,-72.60193,-76.461914,-72.727554,-83.160385,-69.60081
1092.1801150407057,9.427293239702411,4.776508484539729,0.0,-70.420906,-74.584694,-80.679794,-76.357994,-78.51193,-73.470634,-65.631676,-71.66479,-73.16599,-72.25498,-82.12636,-70.92811
1095.4998114390055,8.798751086546707,4.305577647303088,0.0,-67.57325,-74.57468,-82.60703,-77.302124,-77.70499,-75.36338,-65.41086,-70.98968,-70.32631,-75.02153,-81.336464,-72.443825
1098.8195078373058,8.105620490470448,3.786254368369937,0.0,-63.89593,-73.346855,-83.15688,-78.38779,-77.99629,-76.2585,-65.57377,-70.19277,-68.03018,-77.563774,-81.45242,-73.77815
1102.1392042356058,7.433756026205691,3.2828645908073675,0.0,-60.751373,-72.11385,-80.94557,-79.38134,-77.83116,-75.09606,-69.50035,-68.94419,-69.10312,-77.850784,-81.483475,-74.52456
1105.4589006339058,6.464066209289898,2.556331238911598,0.0,-58.756016,-71.00257,-78.005554,-79.86693,-79.07104,-77.73219,-70.006615,-68.28109,-71.325096,-77.6937,-87.999374,-74.775505
1108.778597032206,5.820832302147699,2.074392707170147,0.0,-58.676495,-71.91113,-77.96135,-80.68165,-79.121,-83.49095,-65.91398,-69.39429,-75.34234,-75.48118,-87.47962,-74.99597
1112.098293430506,5.203122344308977,1.6115778169453765,0.0,-59.99535,-72.66049,-77.54059,-81.05011,-79.191956,-84.73342,-65.05761,-71.48703,-76.538536,-74.800095,-87.74292,-75.22498
1115.417989828806,4.523755340082301,1.1025668134905915,0.0,-63.07308,-72.73197,-76.86879,-80.51424,-79.04176,-83.49683,-68.47203,-78.638756,-76.58505,-75.350784,-89.06047,-76.02319
1118.737686227106,5.290578313554024,1.468189303329627,0.0,-60.36182,-72.72049,-77.62118,-81.36066,-78.95218,-83.9463,-65.52,-72.03891,-76.9995,-74.99789,-87.621994,-75.21959
1122.057382625406,6.070394719911389,1.8400070839300968,0.0,-57.88007,-71.96352,-78.11264,-80.56201,-78.76625,-81.90839,-66.106224,-68.657875,-76.10423,-76.126854,-87.62664,-74.61413
1125.377079023706,6.902144083349917,2.2365865862441883,0.0,-57.860554,-70.64883,-78.77905,-77.71799,-77.83564,-75.74443,-71.21797,-66.1566,-72.631996,-77.59652,-89.01872,-73.88127
1128.696775422006,7.693815595196775,2.614056901179602,0.0,-58.502285,-70.322525,-80.953125,-77.06154,-77.35783,-73.887184,-72.330826,-66.278336,-70.793076,-77.178505,-87.44558,-72.87033
1132.0164718203062,8.444960050095231,2.972203846863,0.0,-60.849186,-70.90261,-83.05107,-76.64683,-77.817505,-73.85554,-66.38301,-67.09218,-71.75351,-77.2954,-82.92867,-72.76316
1135.3361682186062,9.521673641021732,3.4855827068830214,0.0,-67.16701,-72.438705,-81.94372,-76.08862,-76.84064,-73.61599,-65.27202,-68.53907,-73.293076,-74.41638,-81.78897,-71.31114
1138.6558646169062,10.234063519925009,3.8252514052287534,0.0,-70.54635,-73.411064,-79.045876,-75.988174,-78.72485,-72.844795,-65.228355,-69.753876,-74.41703,-72.317665,-82.11418,-69.219696
1141.9755610152065,11.208896876334832,4.290053597232784,0.0,-72.34539,-73.73412,-76.67483,-76.600746,-79.132454,-72.64536,-65.609375,-71.298134,-74.26777,-72.93832,-82.9127,-65.56684
1145.2952574135063,12.125970460092455,4.72731583201041,0.0,-73.24693,-73.110214,-75.071434,-79.11673,-78.69172,-72.293915,-66.22654,-73.01753,-73.05436,-74.617004,-83.60583,-61.91205
1148.6149538118063,12.891608527301218,5.092373356540531,0.0,-74.65889,-73.33892,-74.63567,-79.53955,-78.00147,-72.23501,-67.17642,-73.72354,-72.155334,-77.18253,-80.46487,-59.551247
1151.9346502101064,13.720799802090044,5.487733157862752,0.0,-79.34465,-77.8247,-74.57785,-80.08524,-75.9556,-71.77083,-69.90893,-75.09184,-72.82989,-79.7295,-74.036644,-59.866123
1155.2543466084064,14.766582607539556,5.986364167087988,0.0,-80.38577,-80.5226,-75.69069,-80.60124,-74.919136,-68.83751,-67.05974,-76.066055,-75.33763,-80.60114,-73.019775,-66.04048
1158.5740430067065,15.672367684103824,6.418244022555935,0.0,-80.081245,-81.00498,-76.72758,-81.11667,-74.48936,-66.572296,-62.758373,-75.37145,-76.983536,-79.79361,-73.69969,-68.37518
1161.8937394050065,16.367934034240413,6.749891233950507,0.0,-80.05924,-81.895386,-77.28949,-80.70771,-74.25459,-67.97273,-52.281467,-74.79641,-78.03682,-78.981255,-74.84409,-69.236534
1165.2134358033063,17.32507147907926,7.206255985407782,0.0,-80.798584,-80.71152,-76.89491,-79.51554,-74.16935,-70.32497,-46.111023,-73.476295,-79.40814,-77.75798,-75.3618,-70.244896
1168.5331322016066,18.41554412213577,7.726195184739007,0.0,-79.87375,-77.91516,-76.31873,-78.731224,-75.28098,-71.287544,-59.125114,-74.36714,-78.79395,-77.82667,-75.775986,-72.271774
1171.8528285999066,19.474795818331657,8.231248183837295,0.0,-79.650764,-75.46058,-75.87045,-78.45508,-77.32627,-72.04078,-69.43886,-79.21889,-77.615074,-80.563675,-75.32787,-76.131546
1175.1725249982069,19.28964268126814,9.207450369565462,0.0,-78.199936,-73.93058,-73.55171,-78.899666,-73.087234,-73.376366,-68.46424,-77.08779,-73.60498,-84.06847,-75.62352,-73.1413
1178.4922213965067,19.09050740278551,10.257372057058372,0.0,-81.39741,-75.637314,-81.44175,-79.56132,-73.0828,-75.172935,-68.006424,-74.672676,-72.83299,-82.320045,-78.73557,-73.047516
1181.8119177948067,18.86898644804932,11.425320079045576,0.0,-81.32339,-79.25501,-82.661354,-82.13844,-72.82935,-70.77089,-69.417435,-76.29179,-74.49737,-79.83736,-78.54205,-75.25303
1185.1316141931068,18.68365747322836,12.402449352512413,0.0,-79.2174,-78.582245,-83.10045,-81.821434,-72.31691,-69.85278,-72.06752,-76.749245,-80.9299,-77.92614,-74.32761,-75.857285
1188.4513105914068,18.492058986596977,13.412634026659212,0.0,-77.94806,-77.63828,-85.224525,-81.610214,-70.7448,-71.010025,-77.48071,-78.763756,-81.61047,-76.64442,-71.84037,-76.273224
1191.7710069897068,18.346702242869032,14.179013539250851,0.0,-78.09813,-77.59315,-82.37352,-82.619385,-73.95856,-73.78311,-78.50329,-79.750275,-79.26883,-77.77806,-70.95366,-75.98924
1195.090703388007,18.160825851373826,15.159029014714502,0.0,-80.29211,-76.25149,-77.77027,-81.57801,-78.865616,-78.71769,-77.64312,-79.98738,-77.02501,-80.05344,-71.571724,-75.35723
1198.410399786307,17.926898969667967,16.392386098712997,0.0,-82.76843,-73.2631,-75.7031,-76.73603,-75.3267,-72.94767,-73.2634,-78.471504,-82.94623,-79.32806,-74.17906,-74.4842
1201.730096184607,16.899220713920215,16.55165855938407,0.0,-83.44781,-75.42104,-76.2887,-77.13246,-71.94856,-71.7469,-74.43749,-80.001595,-82.09545,-74.70005,-76.40995,-75.62011
1205.049792582907,16.239960913942966,15.923171300453916,0.0,-81.03355,-76.8088,-78.76318,-76.38326,-68.95263,-67.79073,-73.47632,-80.31529,-82.497375,-72.75468,-75.17411,-75.19977
1208.369488981207,15.39305214894362,15.115794044481795,0.0,-78.48859,-79.25923,-79.35726,-76.13265,-65.9789,-64.00428,-70.21605,-81.088875,-82.84702,-71.791664,-71.13903,-74.13048
1211.689185379507,14.695832049502926,14.451118374611417,0.0,-78.65104,-79.7439,-75.90344,-76.69693,-64.795906,-63.29346,-68.10619,-82.26502,-79.22579,-72.5188,-67.52673,-74.457245
1215.0088817778071,14.054458419326972,13.839682405372466,0.0,-80.27841,-77.492874,-74.78886,-76.43508,-63.97465,-65.23054,-67.061104,-82.276886,-73.1056,-73.255135,-64.08101,-75.6928
1218.3285781761072,13.258911524185407,13.081269580117278,0.0,-82.23253,-76.13694,-74.195045,-72.69686,-62.95183,-68.81264,-64.94756,-81.743935,-70.73815,-73.47292,-61.121067,-76.80977
1221.6482745744072,12.459062028633298,12.318754988701938,0.0,-80.69928,-75.16187,-73.749115,-71.69051,-65.187546,-70.79305,-63.15766,-79.537476,-71.04021,-73.19365,-62.632305,-75.82941
1224.9679709727072,11.588298085164062,11.4886360522446,0.0,-78.653275,-73.038185,-73.27552,-70.99616,-69.79022,-70.817604,-63.54407,-72.854645,-70.388466,-72.61111,-67.55029,-74.80954
1228.2876673710073,10.798392499809172,10.735601215037107,0.0,-77.11907,-72.1329,-73.18038,-69.08374,-72.72617,-69.49108,-67.53799,-69.274704,-69.58915,-72.95265,-71.6935,-74.82146
1231.6073637693073,10.144938319869198,10.11264858482805,0.0,-73.0851,-72.030334,-73.87932,-67.66729,-73.40979,-68.90703,-68.84336,-69.1626,-68.69528,-73.90017,-72.67396,-75.357155
1234.9270601676074,9.436480044763323,9.437259308243856,0.0,-70.91266,-72.37684,-74.13208,-66.82369,-73.45868,-69.243675,-70.55463,-70.20436,-68.404045,-74.231,-75.38552,-76.454185
1238.2467565659074,8.767999086144659,8.799981310489791,0.0,-69.80051,-72.81659,-75.1681,-68.52957,-73.59396,-70.93731,-72.34459,-71.44313,-68.067375,-73.2583,-80.97738,-78.588264
1241.5664529642074,8.122417874285007,8.18453415858931,0.0,-69.13098,-71.78137,-76.53689,-68.95699,-73.19456,-72.838394,-71.049706,-72.51417,-65.55633,-71.39519,-88.2497,-77.86965
1244.8861493625077,7.317351046959148,7.417045766942974,0.0,-70.421875,-69.0846,-80.52363,-70.20073,-70.506966,-76.67809,-70.081375,-73.71547,-61.669205,-69.13262,-85.07724,-73.71848
1248.2058457608075,6.419733281660092,6.561326475550898,0.0,-70.276085,-69.08381,-81.29048,-75.406815,-72.08566,-78.31747,-69.421005,-75.676445,-61.535755,-65.66168,-85.59286,-72.648674
1251.5255421591075,5.691870972419149,5.867438894920019,0.0,-69.650375,-72.65761,-77.52588,-78.8734,-77.51318,-76.63786,-71.14948,-76.69296,-62.153416,-66.26736,-86.413826,-72.96529
1254.8452385574076,5.116268798170861,5.3187043402876455,0.0,-67.91454,-74.691505,-74.28303,-78.73443,-77.58381,-76.76328,-72.04577,-77.45402,-63.737713,-69.60834,-84.97767,-74.35378
1258.1649349557076,4.231023874268941,4.474780358081921,0.0,-65.96724,-72.22578,-74.08417,-78.42054,-80.71277,-79.4917,-71.04178,-76.751884,-65.78365,-79.342415,-83.11029,-75.67047
1261.4846313540077,3.5602822538635306,3.835347220381863,0.0,-65.11577,-68.4791,-75.14651,-80.50514,-81.23053,-80.884514,-69.5901,-74.82217,-67.907845,-75.37979,-84.58015,-75.120544
1264.8043277523077,2.769323361319079,3.0813082416380557,0.0,-66.322556,-69.49425,-74.80372,-79.069435,-80.57357,-80.378555,-70.95019,-74.66821,-70.29909,-74.37686,-91.15433,-77.16869
1268.1240241506075,2.185162625738668,2.5244146171637216,0.0,-67.81162,-69.80104,-74.11904,-77.94183,-79.028625,-79.41507,-72.702385,-74.62428,-71.912895,-73.75102,-95.95204,-79.90866
1271.4437205489078,1.4040622825780402,1.7797740162361877,0.0,-69.371414,-70.99047,-75.1995,-77.03222,-77.781876,-78.48436,-73.13477,-83.06503,-73.2748,-74.703926,-93.84165,-81.56165
1274.7634169472078,2.1268069450743896,2.1395401313110614,0.0,-67.9638,-70.25883,-74.10047,-77.48217,-78.34326,-79.09053,-73.17539,-74.94164,-72.21953,-73.54108,-96.79565,-80.25026
1278.083113345508,3.0315926659674632,2.589922210448954,0.0,-66.53262,-70.23639,-74.37963,-78.4704,-79.711334,-80.41691,-70.49622,-74.34274,-71.685104,-74.21665,-92.98489,-78.208015
1281.402809743808,4.076340710187985,3.1099744012227437,0.0,-65.33081,-70.96348,-76.36891,-80.46135,-80.57152,-82.07579,-66.91517,-74.06192,-70.51459,-74.66459,-85.363884,-75.40492
1284.722506142108,4.853646457490346,3.4968998030187817,0.0,-65.237495,-74.55183,-76.510635,-80.66218,-80.07823,-80.92125,-68.15511,-75.65676,-68.44646,-77.61176,-83.517525,-76.55883
1288.042202540408,5.9602582071412815,4.04774636159871,0.0,-66.298615,-76.00641,-76.08469,-80.129395,-79.05475,-78.65203,-70.53218,-75.73442,-65.66728,-81.250404,-82.31438,-78.82935
1291.361898938708,6.899907091464215,4.515482543114971,0.0,-68.64499,-76.32987,-81.58352,-80.22704,-77.448326,-78.27103,-66.911285,-73.99655,-64.15083,-79.46838,-80.53471,-76.45034
1294.681595337008,7.720239417268192,4.923825612582223,0.0,-70.08441,-75.65552,-83.72479,-79.20569,-78.18113,-78.303635,-65.90412,-72.81023,-64.232994,-77.06629,-79.49883,-74.30431
1298.001291735308,8.510953214546541,5.317425241530531,0.0,-71.35037,-74.245834,-83.419716,-76.20506,-76.835175,-76.81373,-66.072105,-71.26335,-65.98784,-72.55649,-79.98953,-72.96065
1301.320988133608,9.284740236569863,5.702599100645807,0.0,-71.7929,-73.141716,-80.74956,-75.9692,-77.52071,-74.9272,-66.14899,-71.863655,-72.03034,-71.58185,-81.42025,-71.2493
1304.6406845319082,10.117777980091514,6.11726664265486,0.0,-71.75373,-72.52181,-79.19572,-77.36278,-77.98668,-73.39296,-66.333206,-69.869,-76.776,-71.53514,-84.38866,-70.17978
1307.9603809302082,10.847664676044182,6.480587902117019,0.0,-72.15544,-73.53125,-78.37403,-78.111824,-77.41084,-72.80606,-66.95748,-70.66625,-77.056015,-72.01926,-82.648125,-69.83106
1311.2800773285082,11.94316911445694,7.025905489788626,0.0,-76.685974,-76.40662,-75.536766,-79.47991,-75.65275,-71.569885,-69.96036,-73.98361,-77.51944,-76.3815,-74.92003,-69.13968
1314.5997737268085,12.824986202902036,7.464854297823762,0.0,-79.139534,-76.365524,-77.705185,-79.14039,-75.1657,-72.10913,-68.351204,-77.49764,-77.1871,-76.379745,-73.94463,-68.437836
1317.9194701251083,13.667655968082231,7.884316444611274,0.0,-78.96344,-76.14409,-78.12751,-80.366264,-75.32935,-71.80053,-64.484344,-79.81514,-76.29006,-77.33385,-73.06503,-67.58745
1321.2391665234084,14.39856951929551,8.248148849637039,0.0,-78.7558,-76.46268,-79.93439,-81.65953,-75.698746,-71.8904,-60.955288,-79.80946,-75.696495,-76.57277,-72.7792,-67.87903
1324.5588629217084,15.210376670797595,8.652248278164302,0.0,-78.62113,-77.44241,-83.197174,-83.64184,-76.05612,-71.34701,-56.789078,-79.22949,-75.14882,-75.71555,-72.65253,-68.88952
1327.8785593200084,16.052387507952403,9.071382425330222,0.0,-78.84278,-78.63866,-85.057594,-83.469475,-75.158936,-70.46775,-58.150455,-77.69237,-74.190346,-75.830635,-73.312584,-69.97076
1331.1982557183085,16.98394248658257,9.535089641766602,0.0,-80.5349,-78.29247,-84.410385,-82.41522,-73.625015,-71.00703,-63.81336,-73.95894,-72.742226,-77.481606,-75.29196,-70.74172
1334.5179521166085,17.719898578769357,9.901432110816746,0.0,-80.96452,-77.616875,-83.91911,-81.37989,-72.522446,-71.33951,-65.759636,-73.0502,-72.842606,-79.086334,-77.72671,-71.49268
1337.8376485149086,18.783374249735942,10.430806494985548,0.0,-82.13984,-76.92558,-83.24804,-80.90438,-72.65636,-72.88813,-67.868355,-74.77587,-72.60921,-81.17407,-78.795135,-73.23388
1341.1573449132086,19.47251382005561,10.77384474739122,0.0,-83.14893,-76.208885,-83.32157,-81.09403,-73.86399,-75.53553,-68.69736,-75.62818,-72.932274,-82.6194,-79.01307,-74.37838
1344.4770413115086,19.26284920206448,11.663376805567276,0.0,-81.3071,-78.78986,-82.48991,-82.09555,-73.55909,-71.02954,-69.47598,-76.80188,-75.74266,-80.08326,-78.31012,-75.7664
1347.796737709809,19.028875193722232,12.656044920934182,0.0,-78.961174,-78.11684,-83.01999,-82.062515,-72.75854,-69.69856,-72.021996,-77.72945,-81.75103,-77.933334,-74.16951,-76.56046
1351.1164341081087,18.77260370260793,13.743313288515353,0.0,-78.030174,-77.68372,-84.52315,-82.3454,-72.17879,-71.23656,-77.98886,-79.847374,-81.07324,-77.022385,-71.669754,-77.7826
1354.4361305064087,18.57641904937887,14.575654672776892,0.0,-78.31308,-77.58205,-80.80752,-83.1036,-75.669815,-75.66781,-79.047066,-80.33097,-78.45149,-78.38341,-71.21875,-76.50795
1357.7558269047088,18.365807676596848,15.469203473242596,0.0,-80.98649,-75.67004,-77.107796,-81.58809,-79.27232,-78.87469,-77.46073,-80.151855,-76.88246,-80.369514,-71.99318,-75.88236
1361.0755233030088,18.10326450625031,16.583080334851658,0.0,-83.01353,-73.20036,-75.451454,-76.91175,-75.18259,-73.34114,-73.23347,-78.50394,-83.28811,-79.46163,-74.39066,-74.523384
1364.3952197013089,18.723474909646765,16.1280283559999,0.0,-82.202415,-74.402115,-75.909256,-81.05138,-77.10976,-78.78482,-75.95737,-79.911446,-77.844955,-80.00702,-72.817924,-76.30622
1367.714916099609,19.52932515049013,15.536771349110357,0.0,-79.36483,-76.346794,-77.93239,-83.62587,-74.249084,-78.46948,-79.25554,-80.98509,-77.273254,-78.49117,-72.415405,-81.506645
1371.034612497909,19.608891368503897,14.590502400155929,0.0,-78.38054,-78.04175,-81.828545,-84.154366,-73.00554,-72.97152,-79.60908,-81.56263,-79.22051,-77.7237,-71.898384,-81.49138
1374.354308896209,18.734595936752218,14.827330714380698,0.0,-78.54095,-77.27864,-79.79197,-83.018,-76.78624,-76.82169,-79.37611,-80.42387,-77.99696,-78.70225,-71.50601,-77.49979
1377.674005294509,17.87035707949101,15.061434913281335,0.0,-80.4359,-76.31116,-78.06745,-81.22025,-78.63809,-77.90028,-77.23146,-79.70004,-77.66854,-80.09458,-70.982216,-74.43056
1380.993701692809,16.981306289266566,15.30226014496213,0.0,-80.634766,-75.043106,-77.907845,-77.86337,-72.734024,-68.63714,-72.75474,-78.6603,-81.83897,-78.361145,-71.80571,-72.441666
1384.313398091109,16.109633971070586,15.538377912684137,0.0,-79.76393,-77.500656,-79.691376,-75.7889,-68.092804,-65.71269,-71.79997,-79.744385,-83.50408,-72.99345,-72.93045,-73.997734
1387.6330944894091,14.902903205317909,15.865255993705087,0.0,-81.28167,-77.79873,-75.764496,-78.89724,-64.27071,-68.18396,-75.0201,-83.37211,-81.417984,-70.84791,-74.35785,-80.27836
1390.9527908877092,14.13399050008199,16.07353833529549,0.0,-81.36814,-77.95391,-75.04436,-80.66688,-64.126625,-68.4951,-74.87679,-82.46501,-81.41173,-70.35182,-69.56683,-80.80354
1394.2724872860092,12.936288700588456,16.39797065853173,0.0,-83.528404,-78.18927,-76.889656,-76.69427,-62.01557,-73.81051,-72.32497,-81.76542,-82.18357,-69.439064,-71.36084,-79.76335
1397.5921836843092,12.196446946193475,16.598378288633846,0.0,-83.52576,-78.61794,-78.558754,-74.12184,-62.657894,-74.50348,-72.76252,-82.37455,-81.62747,-70.20764,-73.31934,-79.98977
1400.9118800826093,12.50647961423355,15.467537855253754,0.0,-80.53501,-80.58254,-75.20858,-77.568825,-64.0648,-68.63535,-73.07357,-81.338036,-81.676926,-70.2832,-66.27907,-78.39451
1404.231576480909,12.81713840722634,14.334413638627993,0.0,-78.32505,-77.21807,-73.190506,-73.4216,-65.54958,-67.64582,-69.34756,-81.69154,-74.98897,-70.95754,-61.422535,-75.76105
1407.5512728792094,13.06243109800324,13.439711494829186,0.0,-82.72317,-75.634605,-73.81381,-71.749245,-62.91442,-68.632324,-65.70618,-81.782394,-71.49869,-72.594925,-60.754158,-77.65492
1410.8709692775094,13.273420152494198,12.67013145241839,0.0,-80.974686,-76.565414,-74.66152,-74.66681,-64.60289,-69.44829,-63.98231,-81.18616,-71.03587,-74.0843,-61.62404,-75.72303
1414.1906656758094,13.556586953599885,11.637283946039426,0.0,-74.638985,-78.07556,-76.81537,-82.01594,-73.33913,-72.494514,-62.578053,-79.27814,-71.64309,-75.6929,-67.63624,-72.15197
1417.5103620741097,13.885216054657182,10.438613246560392,0.0,-75.72387,-76.195724,-73.48734,-77.74537,-74.82696,-69.82751,-61.717583,-77.789474,-71.87433,-76.810646,-72.50188,-69.06752
1420.8300584724095,14.094963111397783,9.673563376028422,0.0,-76.948364,-75.04867,-73.91331,-76.41521,-74.294075,-67.820854,-59.677326,-77.96163,-71.47602,-76.48053,-73.06959,-68.49766
1424.1497548707096,14.399743069630809,8.561882138587817,0.0,-78.58214,-75.805145,-78.93729,-80.69626,-75.47485,-71.0278,-60.27929,-79.48239,-74.6411,-75.96104,-72.79289,-67.88701
1427.4694512690096,14.678597036181335,7.544765644454373,0.0,-79.875145,-78.62926,-77.277214,-83.01532,-75.00738,-70.716324,-62.333492,-80.03555,-76.36858,-79.70356,-72.64366,-67.19476
1430.7891476673096,14.8901128287824,6.773264331112766,0.0,-80.85676,-79.6591,-76.30448,-82.37481,-74.49177,-68.631546,-64.06405,-78.04557,-75.94186,-82.08644,-72.481384,-66.81562
1434.1088440656097,15.168405349342189,5.7581957044879415,0.0,-79.629295,-80.99506,-76.8281,-79.68074,-75.276634,-68.36975,-66.446594,-74.15317,-76.24432,-80.229355,-73.85138,-67.22087
1437.4285404639097,15.500133550785057,4.548221073570779,0.0,-78.32292,-80.5403,-79.364655,-78.19702,-77.0644,-73.09247,-70.01798,-69.286514,-76.600845,-80.86308,-75.25868,-72.83685
1440.7482368622098,15.698641274395523,3.824166535653683,0.0,-77.576,-78.2709,-79.7495,-78.13857,-77.44817,-74.89145,-70.3693,-68.15023,-76.609604,-81.25104,-75.39294,-72.86581
1444.0679332605098,15.901019759661256,3.085993441084429,0.0,-73.62708,-76.027794,-79.23302,-77.89367,-78.89335,-75.978775,-64.493324,-67.864815,-78.775185,-83.44181,-76.579315,-72.41123
1447.3876296588098,16.18854562738,2.03724629158395,0.0,-75.08398,-74.18669,-78.960304,-79.64987,-79.5836,-76.58219,-62.44297,-68.773125,-81.851875,-85.14497,-79.68479,-72.57781
1450.70732605711,16.448514177391235,1.0890141274756855,0.0,-79.98149,-73.956856,-77.24017,-77.51627,-77.44574,-77.50538,-65.36528,-69.92456,-82.52762,-78.34143,-77.84563,-77.21503
1454.02702245541,16.06167722021436,2.118667476129352,0.0,-74.593704,-74.30206,-78.78481,-79.36038,-79.9555,-76.494156,-62.426907,-68.78353,-81.49285,-85.62349,-80.50946,-72.40658
1457.34671885371,15.793045987022452,2.8336897708646056,0.0,-72.656654,-75.365135,-78.79813,-78.20761,-80.001785,-76.12854,-63.38339,-68.03291,-79.26017,-84.18446,-78.54803,-72.390366
1460.66641525201,15.51743845899058,3.5672810394527863,0.0,-75.87719,-77.3872,-79.10249,-77.86301,-78.078865,-75.1866,-69.848755,-68.281136,-76.64426,-81.6012,-75.88038,-72.60782
1463.98611165031,15.210461536556227,4.384368988987576,0.0,-78.13151,-79.56823,-78.93248,-78.10371,-77.20002,-73.602646,-70.16478,-69.770226,-76.239204,-81.0813,-74.80113,-72.22266
1467.30580804861,14.79082454805082,5.5013269797308695,0.0,-79.79202,-80.86029,-76.355255,-79.35939,-75.572266,-70.160324,-68.681526,-73.99582,-75.224724,-80.57436,-73.60669,-65.749084
1470.62550444691,14.449532391227905,6.409752624236369,0.0,-81.30846,-80.00165,-75.49094,-82.008804,-74.90524,-69.886955,-66.931564,-77.75781,-76.061584,-81.84741,-72.8684,-65.28988
1473.94520084521,14.115669560699596,7.298403450034499,0.0,-81.04638,-78.68092,-76.4855,-82.600365,-75.31648,-71.47261,-65.25916,-79.15978,-76.83957,-80.30192,-72.73693,-66.37244
1477.2648972435102,13.822492490016526,8.078759998127373,0.0,-78.51006,-75.777405,-78.11039,-80.27033,-75.25279,-71.49322,-63.82148,-79.814384,-75.70869,-77.188934,-72.920334,-67.553986
1480.5845936418102,13.39984971575069,9.203718562022074,0.0,-74.75843,-72.53411,-72.52849,-76.89918,-74.29242,-66.75628,-63.40007,-78.501434,-69.90317,-74.901085,-72.82351,-68.67548
1483.9042900401105,13.131825907451592,9.917124059128936,0.0,-74.07893,-73.63985,-72.699844,-78.62144,-74.918106,-68.58739,-62.951817,-77.99774,-70.567184,-75.40336,-72.537186,-70.509415
1487.2239864384103,12.83171352907629,10.715940484585555,0.0,-74.13211,-75.9442,-75.332306,-81.14228,-75.3692,-72.52171,-61.47804,-79.20304,-70.5746,-75.109505,-71.85477,-71.73623
1490.5436828367103,12.456561871203515,11.714490787536718,0.0,-77.39233,-75.53327,-74.36726,-74.340416,-70.0596,-71.65039,-62.08067,-79.378845,-70.41104,-73.543076,-65.884575,-74.28687
1493.8633792350104,12.031394715207153,12.846168559753938,0.0,-81.16151,-75.03078,-73.096596,-70.24853,-64.35732,-70.80916,-64.23741,-77.00709,-72.701416,-71.40893,-62.34133,-76.29496
1497.1830756333104,11.61603341217279,13.951745854363178,0.0,-76.07649,-76.80016,-74.82959,-71.04793,-66.357445,-70.97526,-67.43382,-77.47249,-73.65542,-68.91425,-65.39799,-78.86053
1500.5027720316104,11.296209748062752,14.8030282890428,0.0,-79.05985,-80.29369,-76.2762,-70.61133,-65.003624,-72.18693,-72.63985,-80.6873,-75.17991,-70.104614,-70.21527,-79.49547
1503.8224684299105,11.029678019156538,15.512462282096504,0.0,-80.036575,-81.069336,-74.02559,-69.68771,-63.8498,-73.51183,-74.75155,-83.53566,-76.78063,-69.76516,-73.88084,-80.9359
1507.1421648282103,10.671702407854934,16.465294683641083,0.0,-81.51342,-80.40286,-74.259094,-70.3634,-67.29159,-73.63648,-75.03038,-83.031204,-79.154305,-68.941376,-75.269325,-79.76006
1510.4618612265106,11.6357032596568,16.22047181394266,0.0,-82.106224,-79.79114,-76.57018,-72.991684,-63.19373,-73.961525,-73.813324,-82.78892,-81.168816,-70.51879,-73.53198,-80.09147
1513.7815576248106,12.81774240548338,15.92027475992946,0.0,-82.24718,-79.37408,-75.64095,-77.70979,-63.150776,-70.62531,-72.85312,-81.229576,-82.11441,-69.77127,-67.75835,-79.02563
1517.1012540231106,13.61178187392411,15.718616202310852,0.0,-79.84401,-79.32287,-74.0372,-80.15134,-64.479065,-66.25603,-73.79874,-81.73735,-81.90755,-70.38582,-65.25653,-79.08185
1520.420950421411,14.805566190476371,15.415436281221565,0.0,-79.92339,-78.89502,-75.54712,-77.69537,-64.02446,-65.80804,-72.86755,-83.2118,-81.84735,-71.0958,-71.648834,-77.8599
1523.7406468197107,15.69306577026427,15.190042088287308,0.0,-78.73375,-78.96725,-80.31107,-76.071724,-66.770874,-64.04892,-70.29182,-80.48052,-83.59596,-72.28799,-71.58794,-73.75989
1527.0603432180108,16.818040288382303,14.904337475735923,0.0,-80.22673,-76.25747,-78.8809,-78.78012,-72.85758,-68.87595,-71.57778,-78.971245,-80.726974,-78.8011,-70.292564,-71.832596
1530.3800396163108,17.837748524923693,14.64536685734015,0.0,-78.80433,-77.25752,-79.73751,-81.66051,-76.30994,-76.23671,-77.00988,-79.63314,-78.0538,-79.13315,-69.77507,-74.15571
1533.6997360146108,18.800174722910544,14.400943895240411,0.0,-78.187935,-77.68221,-81.90298,-83.261246,-74.70986,-74.10862,-79.46822,-80.46698,-79.37471,-77.90668,-71.24049,-77.57205
1537.0194324129109,18.65971148825119,13.28767399728476,0.0,-78.06374,-77.70787,-85.25298,-82.081116,-70.62363,-70.56231,-76.92887,-78.69424,-81.69813,-76.704796,-72.25422,-76.50922
1540.339128811211,18.521525824326623,12.192455448820322,0.0,-79.600334,-78.929474,-82.94303,-81.63885,-72.21047,-69.91407,-71.77783,-76.305824,-80.31602,-78.170105,-74.749245,-75.38817
1543.658825209511,18.416559130413663,11.360520594802336,0.0,-81.18836,-79.94974,-82.63477,-82.05544,-72.72046,-70.4724,-69.21691,-76.00986,-74.76032,-79.40933,-78.33699,-74.730064
1546.978521607811,18.297131983081712,10.413976479925507,0.0,-82.40176,-77.980156,-83.31338,-82.08552,-72.46941,-71.43297,-67.334724,-74.476524,-72.626816,-79.87611,-78.65428,-72.802895
1550.298218006111,18.18944795389599,9.560504833243192,0.0,-78.99761,-75.70047,-79.77622,-80.323326,-71.584946,-72.36086,-65.71232,-72.94151,-73.72508,-80.91418,-77.64253,-71.37812
1553.617914404411,18.06768300336814,8.595431984269856,0.0,-77.40458,-75.83151,-74.6521,-80.25362,-70.90961,-71.349174,-64.01758,-73.729866,-75.06159,-82.48726,-74.61648,-71.45852
1556.937610802711,17.915173575965973,7.386687538842287,0.0,-80.53246,-79.99039,-76.82124,-78.74721,-74.8772,-71.088036,-49.825653,-72.84206,-79.8107,-77.13022,-76.1915,-70.97602
1560.2573072010111,17.8186306240343,6.621516762973686,0.0,-82.09572,-82.6219,-78.25312,-78.1535,-76.71302,-73.6609,-44.170593,-69.851204,-82.833664,-75.53965,-80.92443,-71.65333
1563.5770035993112,17.68405186987951,5.554885510544952,0.0,-80.97707,-79.813774,-79.21121,-80.08653,-77.790054,-76.63521,-50.175034,-66.09627,-83.39501,-77.3209,-81.33954,-74.06651
1566.8966999976112,17.57102080022955,4.659034808543124,0.0,-80.28631,-77.3731,-79.377014,-79.42776,-76.691795,-77.98031,-60.644554,-65.64169,-79.14658,-79.45599,-80.02919,-73.28035
1570.2163963959113,17.46372355803543,3.808628720729057,0.0,-77.71097,-75.33263,-80.178955,-78.44662,-76.58208,-77.77446,-65.263504,-66.701195,-79.761185,-82.547806,-78.55459,-72.34034
1573.5360927942113,17.337137203600662,2.8053428557414373,0.0,-78.738594,-74.85187,-81.70655,-80.010796,-76.62793,-77.06372,-64.130165,-68.0858,-84.25456,-84.93177,-76.79694,-71.87541
1576.855789192511,17.201002779788915,1.7263818274503275,0.0,-81.048256,-73.93713,-80.07514,-80.360855,-76.98233,-76.835434,-66.012115,-69.1983,-84.58264,-80.72493,-77.14344,-73.05834
1580.1754855908114,17.9140770860743,1.1103604946590837,0.0,-84.68816,-75.7227,-77.06899,-76.49731,-76.17382,-77.44809,-71.64955,-71.13023,-81.88167,-77.30167,-77.6231,-73.27566
1583.4951819891114,18.633496438895605,1.768967243331145,0.0,-84.60583,-75.01501,-80.60556,-82.2862,-77.21786,-77.90195,-71.50675,-71.70962,-84.20674,-78.23069,-78.73926,-71.87864
1586.8148783874117,19.514554946545665,2.5755497696944523,0.0,-83.2808,-75.05607,-82.187035,-83.5477,-78.37442,-79.204636,-71.8894,-74.57584,-84.96248,-80.14673,-80.97553,-71.465546
1590.1345747857115,19.018255819526765,2.024819654106744,0.0,-84.39182,-75.17228,-81.447205,-83.261116,-77.68606,-78.460945,-71.377426,-73.62385,-84.43382,-78.86058,-79.97141,-71.63421
1593.4542711840115,18.504270912537407,1.4544640926596104,0.0,-84.51478,-75.406075,-78.7903,-80.02189,-76.95954,-77.77479,-71.87963,-71.732185,-82.85327,-77.24231,-78.28219,-72.31212
1596.7739675823116,19.508857995751747,1.664422689965842,0.0,-84.41248,-76.31628,-79.301544,-82.02975,-78.65491,-79.88389,-72.60634,-78.039635,-82.20998,-78.21064,-81.743866,-72.33164
1600.0936639806116,18.40206253128743,1.9969614558199589,0.0,-84.12041,-74.87345,-82.039925,-83.155785,-76.99727,-77.54818,-69.99111,-70.437355,-85.65414,-79.694916,-78.0779,-71.54446
1603.4133603789116,17.649098575081478,2.223190883721119,0.0,-82.3579,-74.684296,-82.551994,-82.34732,-76.53291,-76.99501,-66.450294,-68.73371,-86.07474,-82.65386,-76.68165,-71.84204
1606.7330567772117,16.86689820178649,2.4582044477783564,0.0,-76.39792,-74.40553,-80.96449,-80.02693,-77.396736,-76.765785,-62.71775,-68.42504,-83.532036,-85.37236,-76.08844,-71.948235
1610.0527531755115,15.82552741987963,2.7710862454820084,0.0,-72.65174,-75.190834,-78.81031,-78.3228,-80.02667,-76.17094,-63.15443,-68.12221,-79.50534,-84.45137,-78.78862,-72.36852
1613.3724495738118,15.04737042604433,3.004884968623671,0.0,-71.95079,-75.404106,-77.71736,-77.18448,-80.42907,-76.03421,-68.16766,-68.098526,-76.74422,-82.48227,-80.67501,-71.998116
1616.6921459721118,14.21085405223088,3.2562178765510814,0.0,-73.40778,-73.91585,-76.38637,-77.08494,-80.6582,-75.54032,-67.40743,-68.22749,-75.24141,-79.07476,-82.18109,-67.534836
1620.0118423704118,13.444324314010409,3.4865231690124,0.0,-72.66281,-72.813416,-75.26174,-76.73973,-80.712135,-75.11347,-66.388,-67.75423,-73.91921,-76.871475,-83.52908,-61.55972
1623.331538768712,12.39375142082583,3.8021697582478153,0.0,-72.796425,-72.87242,-74.981285,-77.058685,-79.195206,-73.526344,-65.479225,-68.251305,-73.458916,-74.51782,-83.84796,-57.398457
1626.651235167012,11.250649230762138,4.145616947664061,0.0,-72.731705,-73.73581,-76.66596,-76.15943,-79.0964,-72.63362,-65.5039,-70.69604,-74.143524,-73.03118,-82.79475,-64.487915
1629.970931565312,10.211642935063807,4.457788331067231,0.0,-70.92726,-74.09719,-77.72978,-76.06227,-79.28732,-72.52461,-65.59124,-71.87576,-74.91694,-72.307144,-82.797264,-69.167274
1633.290627963612,9.504524425053608,4.670243408975599,0.0,-70.02809,-74.45666,-80.474915,-76.30486,-78.557014,-73.31348,-65.57051,-71.72868,-73.43922,-72.16809,-82.300224,-70.70825
1636.610324361912,8.61301384763756,4.938099428157345,0.0,-70.02472,-75.099655,-82.79376,-77.40101,-77.99505,-76.45697,-65.80286,-71.20521,-67.48014,-75.330666,-80.254074,-72.939606
1639.930020760212,7.903132163337996,5.151384706945213,0.0,-70.97578,-75.10267,-83.82085,-78.22238,-77.52396,-77.861465,-66.062744,-72.4174,-63.674526,-74.58241,-79.549126,-73.60812
1643.249717158512,7.151792756940797,5.377126035820115,0.0,-71.13165,-74.41581,-83.169044,-78.99576,-76.91227,-78.964874,-66.48767,-73.821884,-62.77011,-72.47439,-79.653534,-73.187126
1646.5694135568122,5.955009189112774,5.736701895513972,0.0,-69.92917,-73.29072,-78.85131,-79.23514,-76.87807,-77.293015,-70.1767,-76.66176,-62.33524,-67.593864,-84.62177,-73.06113
1649.8891099551122,4.892364791421572,6.055975390839554,0.0,-68.22755,-70.91602,-74.41675,-77.950775,-78.4043,-75.9998,-73.35729,-77.033966,-63.285046,-64.54182,-88.76792,-73.446144
1653.2088063534122,4.080173334540432,6.29999983201237,0.0,-66.25627,-65.93041,-72.5927,-77.28649,-78.00857,-75.65611,-75.59349,-77.1793,-64.758514,-64.286545,-86.08132,-74.1754
1656.5285027517125,3.174296182648511,6.572172315345937,0.0,-65.75839,-60.986675,-72.12893,-76.23717,-76.772705,-74.92456,-79.478325,-77.52196,-66.35868,-64.57999,-82.740105,-78.31466
1659.8481991500123,2.2739000275319534,6.842698022954586,0.0,-65.998505,-58.912777,-72.40386,-74.745255,-76.70263,-74.762985,-80.285614,-76.75556,-67.486694,-64.72891,-81.95749,-79.87074
1663.1678955483123,1.3682972125785418,7.114788081242254,0.0,-66.79166,-56.645344,-71.51984,-73.431786,-76.82935,-75.99975,-77.33818,-75.803116,-69.98143,-65.96907,-84.96413,-80.72613
1666.4875919466124,1.875402014758711,7.869421947061888,0.0,-66.94179,-59.28365,-70.45859,-75.11408,-76.112076,-77.474236,-73.58226,-76.72677,-69.59325,-64.892784,-82.23264,-82.11023
1669.8072883449124,2.3662008829039904,8.599790591996912,0.0,-64.82509,-63.60024,-75.70819,-76.579346,-78.53005,-79.526505,-67.523415,-75.500534,-69.23354,-64.91977,-81.295685,-82.81179
1673.1269847432125,2.8725125609113977,9.353244192202826,0.0,-65.7255,-64.71607,-74.14475,-75.95075,-77.500946,-80.13808,-68.50033,-75.37435,-68.088715,-66.82698,-81.482796,-81.989265
1676.4466811415125,3.492249289282262,10.275488117147471,0.0,-67.82335,-65.822205,-68.61115,-73.59043,-75.66331,-81.43974,-71.31292,-78.66155,-65.644684,-72.3811,-80.950645,-79.94801
1679.7663775398123,3.9636661474492136,10.977013964588926,0.0,-70.47661,-67.175476,-66.84824,-72.17981,-78.14715,-82.38682,-73.67458,-79.47174,-65.551094,-74.079285,-83.45039,-79.479904
1683.0860739381126,4.512976882774499,11.794455412495918,0.0,-75.41835,-70.308105,-67.20845,-69.583176,-78.368385,-81.07754,-76.74161,-77.26472,-66.44678,-74.64418,-84.04041,-82.664024
1686.4057703364126,5.146878600331629,12.737778570969745,0.0,-77.68277,-70.63648,-69.86102,-65.09662,-78.317795,-78.03531,-78.92248,-72.71213,-68.35879,-74.81055,-79.08249,-84.18965
1689.7254667347129,5.8431343972426735,13.773892213284723,0.0,-77.53726,-73.09626,-70.30617,-64.166214,-77.512886,-75.32185,-75.55504,-72.78291,-72.18764,-73.85449,-76.05229,-82.930084
1693.0451631330127,6.294188928734516,14.445116432285946,0.0,-77.413315,-78.13901,-69.692024,-63.374855,-76.41968,-74.0075,-73.09261,-74.531746,-73.066574,-72.5398,-74.21995,-80.37717
1696.3648595313127,6.751184726933396,15.125181981607296,0.0,-79.27833,-78.85255,-69.22539,-62.365906,-75.538284,-73.44561,-72.02378,-75.050735,-73.90413,-72.05985,-73.7182,-77.50181
1699.6845559296128,7.1635214290681,15.738789342873574,0.0,-80.718544,-78.86678,-68.89218,-61.5605,-75.72986,-73.46415,-72.72103,-75.34351,-75.243965,-72.16184,-74.25098,-76.39491
1703.0042523279128,7.76143044627658,16.628550968329737,0.0,-82.7142,-78.59386,-68.519005,-63.244125,-76.1584,-75.71871,-73.59186,-78.47233,-75.18963,-72.9187,-75.77402,-77.79559
1706.3239487262128,7.009643346032228,16.51761192738169,0.0,-82.09255,-78.28306,-68.070305,-61.819366,-77.271126,-76.45062,-73.7197,-78.06863,-75.13135,-73.48423,-75.50118,-77.77855
1709.643645124513,6.125042377753786,16.387073929309327,0.0,-79.007484,-78.475174,-67.898384,-61.326,-77.21889,-76.27781,-74.20191,-79.46865,-75.1288,-72.09497,-75.308464,-78.4897
1712.963341522813,4.900119015650925,16.206315543082187,0.0,-77.390236,-77.118095,-69.978615,-61.069675,-77.79181,-75.381096,-72.62063,-80.6309,-73.98487,-73.73955,-77.156105,-79.96167
1716.283037921113,4.06104695919795,16.082496114418216,0.0,-76.40446,-77.34243,-71.22982,-60.69609,-77.84389,-74.88602,-70.77385,-80.83282,-74.0184,-76.99662,-78.70622,-81.924545
1719.602734319413,3.072308048769284,15.936590782396264,0.0,-73.293755,-78.14513,-73.24536,-61.480206,-77.292404,-74.84419,-70.74525,-80.14355,-73.765625,-80.8122,-84.754364,-84.02701
1722.922430717713,2.0696656449991,15.788633752205197,0.0,-72.285255,-78.63089,-72.695305,-69.52999,-77.97157,-77.059494,-73.06183,-79.12789,-73.65499,-82.489525,-88.477455,-85.842
1726.242127116013,1.1278269581639628,15.64964935009016,0.0,-73.78773,-77.46666,-68.46045,-71.85062,-78.88021,-79.012215,-76.25699,-78.212036,-73.427086,-81.34793,-81.98846,-84.97116
1729.5618235143131,2.046350055382573,14.843738334077813,0.0,-73.61449,-79.30813,-70.96344,-64.96807,-76.67554,-76.62405,-75.212395,-80.34661,-72.93587,-82.71682,-84.90861,-85.59919
1732.8815199126132,2.9205641592267693,14.076703973401612,0.0,-78.01659,-78.33643,-66.52381,-63.98894,-76.37508,-75.3596,-76.51681,-81.93613,-73.14764,-79.146614,-84.13405,-85.20602
1736.2012163109132,3.706137784488817,13.387442657704112,0.0,-79.01695,-76.5213,-67.00318,-65.222,-76.906334,-76.36714,-77.94213,-79.95132,-71.94914,-75.66805,-82.85231,-84.40847
1739.5209127092132,4.399585870092202,12.779012175212468,0.0,-78.37487,-71.04933,-68.484146,-65.77594,-77.711266,-77.728264,-79.18067,-74.83404,-69.29176,-75.70543,-81.86177,-84.265465
1742.8406091075133,5.198768321421749,12.077810492554134,0.0,-74.89751,-71.0807,-68.237625,-67.43368,-78.481445,-80.51504,-77.13837,-75.26553,-65.872505,-69.95551,-83.83559,-83.5109
1746.1603055058133,6.015642914798001,11.361085746604882,0.0,-73.16395,-73.07824,-67.5092,-72.396034,-77.011955,-80.63392,-74.80046,-79.85215,-65.02153,-61.913754,-86.47592,-81.86688
1749.4800019041134,6.839938280911904,10.637850023942354,0.0,-72.550064,-72.525085,-68.20475,-68.332756,-71.78415,-76.277794,-72.04285,-77.70702,-66.008064,-57.248184,-86.413124,-77.39718
1752.7996983024134,7.751766319839556,9.837813243695951,0.0,-70.60391,-72.21898,-72.03853,-66.463,-72.69279,-73.03206,-72.52598,-75.909645,-67.99287,-63.60974,-84.75578,-77.23048
1756.1193947007134,8.6896390954221,9.014924844102277,0.0,-69.859695,-72.711525,-74.87906,-67.83037,-73.549324,-70.991394,-72.679054,-72.06143,-68.79016,-72.74678,-80.82608,-78.56292
1759.4390910990137,9.347613893072536,8.43761858006744,0.0,-70.298645,-72.98,-76.445244,-70.26264,-73.73797,-70.58193,-69.91841,-69.80261,-66.53897,-74.455376,-77.74355,-76.22077
1762.7587874973135,10.079272805129834,7.795661966264131,0.0,-70.43832,-73.976234,-79.41254,-72.870766,-74.46366,-70.95097,-67.46377,-69.11919,-66.70595,-74.61648,-77.16167,-72.94899
1766.0784838956135,10.739141625572191,7.21669388900194,0.0,-71.17202,-74.16398,-79.00668,-76.240616,-75.53323,-72.251205,-67.66406,-70.325,-74.000465,-72.36089,-77.73129,-70.55255
1769.3981802939136,11.374696387843647,6.659058935951032,0.0,-74.49059,-74.47884,-76.62774,-79.467766,-76.8089,-72.000946,-67.718666,-72.25202,-77.57548,-74.17616,-78.39258,-69.29666
1772.7178766922136,11.943927179635592,6.159616551597603,0.0,-76.896515,-75.258675,-74.53312,-80.199684,-77.77772,-72.00674,-67.65111,-74.30277,-77.85932,-76.7835,-77.95456,-68.18485
1776.0375730905137,12.607801997981651,5.577133616788018,0.0,-76.93892,-74.58383,-75.037834,-80.64197,-77.697845,-72.62891,-67.669685,-75.32902,-73.5342,-77.65787,-77.94792,-63.799736
1779.3572694888137,13.261462780464866,5.0036124642621225,0.0,-75.414986,-73.71181,-74.63176,-79.18793,-77.573875,-72.27401,-67.565865,-73.26361,-71.74372,-77.846,-79.45628,-58.489044
1782.6769658871135,14.11466327492302,4.255015418163717,0.0,-74.57525,-74.236534,-76.29079,-78.06576,-78.307236,-74.00609,-68.35734,-70.59178,-73.68975,-78.984024,-79.48182,-65.08161
1785.9966622854138,14.764512962342168,3.684838115677633,0.0,-74.45199,-75.07593,-77.96002,-77.7776,-78.81211,-74.86388,-68.440544,-69.093765,-75.888756,-80.12242,-78.84838,-70.64049
1789.3163586837138,15.409790653483808,3.1186722770038,0.0,-72.682976,-76.05488,-78.41758,-77.48141,-79.54722,-75.888954,-67.62279,-68.04584,-77.391335,-82.79373,-78.57357,-72.41078
1792.636055082014,16.027135610624615,2.5770145841858296,0.0,-72.87755,-74.773094,-79.049194,-78.82312,-79.55628,-76.32476,-62.855106,-68.48365,-80.65199,-85.27468,-79.00944,-72.269875
1795.955751480314,16.72632944236073,1.9635427912278487,0.0,-77.11844,-73.89818,-80.35902,-80.62006,-77.83729,-76.89947,-62.59503,-68.75694,-83.27342,-83.84385,-77.45221,-72.64529
1799.275447878614,17.538293435405294,1.251126599864239,0.0,-84.0481,-75.04219,-77.79956,-77.55773,-76.0754,-77.03508,-69.941696,-70.34864,-83.08642,-77.76119,-77.675446,-73.58196
1802.595144276914,16.64200717018956,1.5333197212427343,0.0,-79.47955,-73.75706,-78.82524,-79.275536,-77.719284,-77.22957,-63.902973,-69.26016,-83.231026,-80.63608,-78.33031,-73.94685
1805.914840675214,15.446310342771474,1.9097813865012776,0.0,-75.23685,-74.329544,-77.431984,-78.849915,-81.44404,-76.42176,-62.692745,-68.54567,-80.08612,-84.930984,-81.503914,-72.78528
1809.234537073514,14.353453969054094,2.253864034296245,0.0,-74.0769,-73.52502,-75.89894,-76.47218,-81.70958,-76.75426,-67.027245,-66.68809,-76.8455,-81.99174,-81.083115,-68.39335
1812.554233471814,13.433907693347734,2.543380502264312,0.0,-73.44111,-73.06458,-75.42917,-75.18118,-81.48599,-78.25752,-65.64937,-65.26985,-74.488266,-78.35967,-82.24854,-63.167442
1815.873929870114,12.432829102741856,2.8585671822256105,0.0,-73.44409,-73.09614,-76.13909,-75.25326,-80.86601,-77.653496,-64.72692,-64.59071,-74.17124,-75.42342,-83.56512,-59.26354
1819.1936262684144,11.28789919980666,3.2190450291008994,0.0,-74.44666,-73.53602,-77.66251,-75.359406,-78.76902,-75.55837,-64.92585,-65.76267,-74.17601,-73.17939,-80.71178,-58.889885
1822.5133226667144,10.48542188640626,3.471702675092364,0.0,-71.383705,-73.12934,-78.55588,-75.75509,-78.20612,-73.86612,-65.10708,-67.52391,-74.29297,-72.92133,-81.1948,-66.65169
1825.8330190650145,9.40997578340454,3.8103037498364336,0.0,-67.29732,-73.365,-81.776886,-76.41252,-77.35442,-73.198135,-65.29201,-69.69511,-73.21065,-74.21645,-82.11439,-71.606995
1829.1527154633145,8.36113718258251,4.1405275299776845,0.0,-66.4327,-74.43304,-83.01863,-78.250404,-77.91938,-76.155846,-65.4285,-71.13143,-68.293526,-76.735054,-81.22846,-74.21976
1832.4724118616143,7.563305261308349,4.391722587781641,0.0,-67.66538,-76.073715,-83.255714,-79.88446,-77.78089,-78.21289,-65.79533,-72.59439,-65.18161,-78.82551,-80.17725,-75.578964
1835.7921082599144,6.82770360034698,4.623324629287801,0.0,-69.13012,-76.22082,-81.41372,-80.180016,-77.46246,-78.28231,-67.23843,-74.25192,-63.96486,-79.0993,-80.43942,-76.22722
1839.1118046582144,5.896736424754582,4.916436934337022,0.0,-69.1018,-75.70016,-76.655106,-79.95241,-77.78085,-77.92809,-70.01849,-77.064384,-63.816708,-74.74452,-81.77355,-75.843735
1842.4315010565144,5.084502665833552,5.1721663687981705,0.0,-67.74071,-75.16412,-74.25666,-78.80743,-78.10929,-77.25188,-71.85471,-77.527596,-63.94214,-71.57542,-84.208046,-74.66565
1845.7511974548145,4.263423354677045,5.430680799629921,0.0,-67.250496,-70.3249,-73.34376,-77.834816,-78.419754,-76.80165,-74.03659,-77.51324,-65.27746,-68.62645,-85.01337,-74.76816
1849.0708938531145,3.2104829548255625,5.762196019254639,0.0,-66.34958,-62.507957,-72.59752,-76.53087,-78.90964,-75.54746,-76.55272,-77.38497,-66.503555,-66.70275,-83.51961,-75.64551
1852.3905902514143,2.29138461705324,6.051571455268189,0.0,-65.68256,-59.321156,-72.213066,-75.33423,-78.54253,-74.68977,-80.550964,-76.73349,-67.35255,-66.19731,-83.04986,-78.392624
1855.7102866497144,1.4680805145778302,6.310786355169992,0.0,-66.48869,-56.600403,-71.58722,-73.59484,-78.11848,-75.53733,-80.59632,-75.91501,-68.66913,-67.856384,-85.54285,-79.20288
1859.0299830480144,1.8891957870565277,7.138308894368029,0.0,-66.35232,-57.90872,-71.92658,-74.190216,-76.37888,-75.6044,-78.35915,-76.28535,-68.89007,-64.22495,-82.62493,-80.38213
1862.349679446315,2.3153742112305715,7.975780899712511,0.0,-64.467186,-61.029167,-72.89461,-76.040794,-76.9079,-77.97378,-72.52481,-76.505806,-68.58165,-63.837353,-81.377945,-82.10212
1865.6693758446147,2.696228120662039,8.724186893969511,0.0,-64.52285,-64.22303,-76.00411,-76.69388,-79.19225,-79.72303,-67.94787,-74.83294,-68.78057,-64.58964,-81.00422,-82.870926
1868.9890722429147,3.1858981656288465,9.686424612385784,0.0,-66.27961,-65.130394,-71.720726,-74.76904,-76.42984,-80.46049,-69.41871,-76.24837,-66.076065,-67.854095,-81.13953,-81.342354
1872.3087686412148,3.734646329731711,10.764755187921097,0.0,-69.46081,-66.52096,-67.1756,-72.48315,-77.05192,-81.963196,-72.861595,-79.75808,-65.759705,-74.73132,-81.94096,-79.13514
1875.6284650395148,4.276311646861461,11.829167447273186,0.0,-76.68319,-70.01748,-66.81772,-69.51429,-77.784355,-80.63511,-77.45479,-77.46272,-66.92317,-75.79691,-82.88812,-82.44173
1878.9481614378149,4.797988133089365,12.854300181078424,0.0,-78.17773,-70.421814,-69.546196,-65.04543,-78.21958,-77.77109,-78.89716,-73.23301,-68.80202,-75.62311,-79.44968,-84.14164
1882.267857836115,5.244536646894198,13.73180091346418,0.0,-77.172905,-72.21131,-70.38255,-64.48825,-77.90417,-76.30511,-76.11404,-74.19535,-72.043106,-74.16643,-77.28722,-83.53011
1885.587554234415,5.599738005136737,14.429797754493796,0.0,-75.76035,-77.44229,-70.06939,-63.91793,-77.61611,-74.9639,-73.11774,-76.76052,-74.129074,-72.83731,-75.57154,-81.93754
1888.907250632715,6.081379174640246,15.376258141038004,0.0,-77.02967,-78.45974,-68.97724,-62.938995,-77.02863,-74.71334,-72.060905,-78.81969,-76.70585,-71.97158,-74.3496,-79.20815
1892.226947031015,6.570244463572586,16.336914454550204,0.0,-80.41596,-78.61869,-67.889786,-61.40744,-77.22318,-76.17304,-73.74495,-78.46795,-75.40874,-73.09113,-75.14465,-77.92273
1895.546643429315,5.590468317167009,15.64809391367436,0.0,-75.748604,-77.940025,-69.105255,-62.964302,-76.90412,-75.06795,-72.14556,-81.74385,-77.5606,-70.89455,-75.5476,-79.947784
1898.866339827615,4.575594742557633,14.934598522765285,0.0,-75.55967,-77.748955,-69.74642,-63.548523,-77.104805,-74.814705,-71.54633,-82.21925,-75.85875,-72.032005,-78.18274,-81.90934
1902.1860362259151,3.861280516980644,14.432407983607604,0.0,-78.04888,-78.20385,-69.24158,-63.873764,-76.81608,-75.15722,-73.779564,-81.567276,-73.500725,-75.18177,-82.4441,-83.55761
1905.5057326242152,3.245385900150524,13.999410237496086,0.0,-78.6853,-78.30596,-66.59606,-64.07615,-76.50426,-75.51438,-76.240456,-81.97509,-73.143105,-77.89763,-84.807495,-84.78689
1908.8254290225152,2.6373060364362018,13.571906565197022,0.0,-80.509575,-78.366646,-64.265854,-65.46637,-76.22252,-75.375336,-78.9324,-82.99699,-72.92045,-78.789894,-80.1194,-85.226456
1912.1451254208152,1.6628928608122893,12.886856400287238,0.0,-77.94819,-71.79151,-64.663445,-65.39595,-74.55531,-77.52399,-82.01101,-84.38852,-71.64042,-79.1649,-82.49468,-82.16381
1915.4648218191155,2.583089657937903,12.901535782013092,0.0,-82.099724,-78.39473,-63.536697,-66.69043,-76.089554,-75.831566,-80.72472,-83.85618,-72.4859,-78.45909,-78.73524,-83.872475
1918.7845182174156,3.3512922873233464,12.913790486305452,0.0,-81.008575,-74.52114,-65.04427,-66.416725,-76.70395,-76.61817,-79.79672,-80.91089,-71.61935,-76.818954,-79.18296,-84.61795
1922.1042146157156,4.210711048820051,12.92750031022766,0.0,-78.32461,-71.54204,-68.26037,-65.74946,-77.375404,-77.38061,-78.9909,-76.19734,-70.25047,-75.33549,-81.75678,-84.39134
1925.4239110140156,5.063113233944581,12.941098202655107,0.0,-78.10387,-70.53088,-70.23174,-64.770485,-78.28784,-77.67033,-78.60064,-72.7431,-69.1152,-75.587105,-78.591545,-83.97015
1928.7436074123157,5.984105786426092,12.955790278618396,0.0,-76.70623,-72.02088,-70.23142,-65.35451,-75.345726,-76.25469,-77.88433,-72.98072,-69.49512,-66.7801,-76.9204,-83.99423
1932.0633038106157,6.7412736495034284,12.967868951492916,0.0,-76.18962,-74.57771,-70.09766,-66.39202,-70.70067,-74.33459,-78.719795,-74.94056,-69.56472,-62.250706,-75.071815,-84.2718
1935.3830002089155,7.564961054242699,12.981008773186185,0.0,-75.7108,-77.86885,-69.80855,-67.63465,-65.843285,-72.71064,-78.46072,-79.58746,-69.620544,-61.06955,-73.84504,-84.59481
1938.702696607216,8.731342482440114,12.999615399807729,0.0,-75.354164,-77.094444,-71.03264,-67.948296,-65.8949,-72.222244,-72.543724,-80.775955,-71.09615,-60.831253,-73.9472,-81.94511
1942.022393005516,9.879646257251409,13.017933643796782,0.0,-74.52891,-75.78843,-75.50194,-67.825966,-66.27666,-72.08789,-67.46996,-71.13867,-72.86066,-65.78259,-71.74975,-80.77214
1945.342089403816,10.650263148553528,13.03022686145104,0.0,-74.40038,-75.755196,-74.88534,-68.5565,-66.646034,-72.06728,-65.60843,-70.67534,-73.649025,-67.82502,-68.73437,-79.423416
1948.661785802116,11.896187507204992,13.050102391684696,0.0,-80.22612,-75.35973,-73.12164,-70.16449,-65.161934,-70.81781,-64.92843,-76.66925,-73.03916,-70.61601,-62.918106,-76.51008
1951.981482200416,12.667257931058977,13.062402844288558,0.0,-82.69902,-75.33106,-73.62314,-71.184814,-62.97444,-70.09846,-64.73265,-81.04439,-71.63016,-72.47741,-60.77014,-77.25968
1955.301178598716,13.80645590095341,13.080575828495451,0.0,-80.612595,-77.50157,-75.18117,-77.316475,-64.21507,-67.149345,-65.222855,-81.114044,-71.126564,-74.69105,-62.566765,-75.37051
1958.620874997016,14.745184727182451,13.095550841253942,0.0,-77.40172,-80.189445,-77.60513,-80.10916,-67.28133,-65.52152,-65.25254,-79.35514,-71.7339,-76.179596,-63.98338,-72.1879
1961.940571395316,15.549093065930046,13.10837513863678,0.0,-76.00214,-81.22501,-79.818565,-81.05708,-69.296425,-63.05046,-65.59349,-77.49403,-73.73736,-77.15891,-64.835396,-70.779655
1965.260267793616,16.558257912783915,13.124473777599178,0.0,-77.52277,-80.25477,-84.751656,-78.91409,-70.08718,-66.29047,-68.583405,-76.44853,-77.382965,-77.09727,-67.47306,-71.9554
1968.579964191916,17.76424230927501,13.14371216809001,0.0,-77.971214,-78.27375,-85.51944,-80.39562,-70.01859,-70.33166,-76.45112,-77.574905,-80.72985,-76.39354,-70.966934,-74.13708
1971.899660590216,18.616773617066816,13.157312120338712,0.0,-78.10913,-77.763885,-85.29815,-82.04377,-70.46618,-70.40097,-76.36908,-78.33356,-81.76192,-76.69489,-72.47402,-76.32625
1975.219356988516,17.55985402246958,13.323064792172238,0.0,-77.90304,-78.36573,-85.12262,-80.38028,-70.52052,-70.28677,-75.93234,-77.75128,-80.39646,-76.80576,-70.07255,-73.97793
1978.539053386816,16.365216943865175,13.51041517214654,0.0,-76.15687,-80.36926,-83.30088,-79.907974,-70.503136,-66.5416,-67.510994,-77.286606,-76.47023,-77.495186,-66.31911,-71.69567
1981.858749785116,15.137127965579468,13.70301168605423,0.0,-77.919624,-81.238365,-77.81842,-79.26693,-67.059265,-62.40893,-66.21638,-79.86079,-72.723694,-75.387825,-65.345505,-72.13268
1985.178446183416,13.971928162443504,13.885745530309697,0.0,-80.49761,-77.23647,-74.58877,-75.844666,-63.904366,-65.37963,-67.13457,-82.50536,-73.49383,-73.0621,-63.8509,-75.828384
1988.498142581716,13.207007017773796,14.005705198120827,0.0,-80.66665,-76.26331,-73.615166,-72.7284,-64.07117,-67.22543,-67.51492,-82.415634,-73.51973,-71.90283,-61.91207,-76.49254
1991.817838980016,12.335774341496446,14.142337298253928,0.0,-77.620895,-76.7676,-73.262054,-72.56938,-66.42397,-69.23956,-68.4743,-80.2391,-74.36116,-70.328606,-62.034927,-76.45424
1995.137535378316,11.198392894338978,14.32070849576406,0.0,-77.20699,-78.253784,-76.13229,-70.57543,-65.637375,-72.03256,-70.27264,-78.82792,-74.07407,-69.375946,-69.1744,-80.40034
1998.4572317766165,10.439598252326446,14.439707367513114,0.0,-77.422615,-80.01806,-73.22689,-68.06758,-65.09618,-73.009125,-73.42999,-81.544754,-73.604576,-67.68594,-73.2351,-81.4226
2001.7769281749163,9.268434271462937,14.623376551030606,0.0,-78.42909,-81.68375,-70.79932,-65.2715,-65.400826,-72.39411,-75.3079,-81.21577,-71.705605,-65.0745,-74.76118,-81.19818
2005.0966245732163,8.37656133174518,14.763245585013811,0.0,-79.31105,-81.33868,-70.28483,-62.64574,-68.33486,-72.32877,-74.0801,-76.64392,-71.55588,-65.46423,-73.9328,-77.653015
2008.4163209715164,7.623451603068168,14.881352913471098,0.0,-79.2344,-79.86484,-69.888504,-61.706333,-71.63026,-72.548706,-72.78078,-73.41083,-72.03618,-66.31544,-73.40174,-76.21025
2011.7360173698164,6.825562856749406,15.006482764601008,0.0,-79.23577,-79.07909,-69.34573,-62.3598,-75.13324,-73.251816,-72.072105,-74.5186,-73.373825,-71.14742,-73.54051,-77.378006
2015.0557137681164,6.03490509527765,15.130478607936467,0.0,-76.53103,-78.278,-69.12047,-63.15383,-77.029945,-74.57531,-71.71557,-78.26766,-75.53628,-72.08204,-74.454765,-79.55645
2018.3754101664165,5.135344557447322,15.271553258632292,0.0,-73.91297,-77.75306,-69.46774,-63.360664,-76.99421,-75.07137,-70.84384,-82.410194,-78.56812,-70.73219,-76.45569,-81.07685
2021.6951065647163,4.255089119985221,15.409600364013976,0.0,-76.51524,-77.55506,-69.99043,-62.36233,-77.30964,-74.51298,-70.78931,-81.7109,-74.563416,-74.36821,-78.4408,-81.8258
2025.0148029630168,3.214401623659932,15.572807417740131,0.0,-73.54895,-78.34851,-72.30092,-61.48854,-76.95249,-74.29828,-71.12485,-80.500534,-73.38944,-80.40291,-85.63736,-83.674675
2028.3344993613168,1.9868564469080403,15.765318649325842,0.0,-72.34651,-78.64661,-72.14879,-69.9438,-78.0439,-77.25307,-73.267715,-79.118324,-73.58972,-82.56439,-88.02698,-85.99823
2031.6541957596169,1.0310041110339256,16.50081233776518,0.0,-73.10966,-75.63697,-69.95367,-73.88111,-80.35,-79.49711,-74.48972,-75.718124,-73.91211,-81.85871,-81.409805,-85.56147
2034.973892157917,1.8604700634738196,16.392568686539736,0.0,-72.591705,-77.11256,-72.34023,-71.94308,-78.98736,-77.935974,-72.501625,-79.18001,-74.49965,-81.5477,-85.607925,-85.82245
2038.2935885562167,2.7953496813464698,16.270568762375138,0.0,-73.35008,-77.40616,-73.52508,-64.88666,-77.85279,-75.71331,-70.68906,-79.773964,-75.670555,-80.53796,-85.07414,-84.63654
2041.6132849545168,3.620525441881615,16.16288497263028,0.0,-74.94567,-77.63792,-72.182465,-60.557434,-77.85175,-74.80374,-70.4943,-80.330894,-73.97385,-79.12211,-80.23815,-82.90554
2044.9329813528168,4.446263068028241,16.055127860544577,0.0,-77.33558,-77.05621,-70.51704,-61.068027,-77.76954,-74.99167,-71.10615,-81.10742,-73.94954,-74.999466,-77.85595,-81.14295
2048.2526777511166,5.269391264384592,15.947711273838229,0.0,-76.228676,-77.50146,-68.80575,-61.994774,-77.25166,-75.13482,-72.55279,-81.22097,-75.716805,-71.7765,-76.56391,-79.781746
2051.5723741494166,6.317666254592391,15.810913479914756,0.0,-78.58332,-78.483955,-68.43489,-62.282097,-77.12732,-75.03157,-73.0098,-78.63764,-76.80382,-72.47578,-74.46874,-78.216995
2054.8920705477167,7.270088983123069,15.68662421482436,0.0,-80.58441,-79.08845,-69.03542,-61.51522,-75.35032,-73.19168,-72.60383,-75.04805,-74.851456,-71.40806,-74.16044,-76.3315
2058.2117669460167,8.11789464383607,15.575987268274316,0.0,-79.99891,-80.02962,-69.819855,-61.838913,-72.38294,-72.23956,-73.07147,-74.55935,-73.774506,-66.76241,-74.03974,-76.672874
2061.5314633443168,9.061286057967266,15.452876571687051,0.0,-80.12615,-81.351425,-70.64289,-64.50935,-68.653435,-72.086266,-74.17986,-79.38052,-73.018295,-66.43202,-74.57258,-79.02958
2064.851159742617,10.237145846877343,15.299429216185104,0.0,-79.571365,-81.42409,-71.91232,-67.93569,-64.92905,-73.29642,-75.546165,-83.54998,-73.91172,-67.2334,-75.08892,-81.76406
2068.170856140917,10.969679386190348,15.203835051401008,0.0,-79.5686,-81.27414,-74.0953,-69.2074,-64.212395,-73.5048,-74.56776,-83.16035,-74.895096,-70.18357,-73.32387,-80.77791
2071.490552539217,12.143941334954851,15.050596210848855,0.0,-79.52109,-80.58269,-75.52257,-74.8692,-64.900345,-69.4175,-72.687546,-81.3522,-79.47167,-70.21017,-66.45355,-78.25365
2074.810248937517,13.213569851993132,14.911011824294462,0.0,-78.518936,-79.576904,-73.369934,-77.65113,-65.24995,-66.07522,-72.43893,-81.98621,-79.24452,-71.00311,-62.69904,-76.40369
2078.129945335817,14.162570873917058,14.787169085086711,0.0,-79.238754,-79.05669,-74.169426,-76.51844,-63.62218,-64.185936,-70.70581,-83.132805,-79.24073,-71.676025,-66.40064,-76.631325
2081.449641734117,15.120283061193398,14.662189556187473,0.0,-78.316315,-80.22556,-78.08432,-76.668686,-65.435356,-63.042664,-68.367226,-81.34224,-80.753845,-72.29138,-68.90072,-73.30654
2084.769338132417,15.894123811404684,14.561204882828047,0.0,-78.92398,-79.30578,-80.17096,-77.95117,-68.66052,-63.394363,-68.25682,-80.26581,-79.49657,-75.2767,-69.01332,-71.24357
2088.089034530717,16.717258664360802,14.453787427448717,0.0,-78.63149,-77.71949,-80.15722,-80.040565,-72.25986,-69.849915,-70.45013,-79.081154,-79.06083,-78.732124,-68.436264,-70.87362
2091.408730929017,17.749746158780507,14.319049870214627,0.0,-77.99653,-77.90011,-81.20105,-81.774925,-74.38257,-74.20174,-76.95177,-79.38239,-78.653046,-78.54485,-69.22147,-73.86315
2094.728427327317,18.944770451420496,14.163101585227212,0.0,-78.12595,-77.77165,-83.0069,-83.0544,-73.73561,-72.388016,-78.8542,-80.42517,-80.24263,-77.53307,-71.41847,-78.65388
2098.048123725617,19.01212568147602,15.345115175217744,0.0,-79.51116,-76.28851,-77.92978,-82.949814,-76.39808,-78.82403,-79.06215,-80.59941,-77.1486,-79.11115,-72.106384,-78.92722
2101.367820123917,19.058299912905305,16.15542447134497,0.0,-81.90556,-74.53337,-75.82217,-82.2035,-76.25172,-79.43872,-76.6064,-80.28434,-77.17128,-79.5245,-72.66638,-77.53749
2104.6875165222173,17.88946494095305,16.448331557331503,0.0,-82.86134,-73.24117,-75.64756,-76.666374,-75.107925,-72.811226,-73.171555,-78.35425,-83.36527,-79.18191,-74.396774,-74.44513
2108.0072129205173,17.144528012855144,16.63501086629201,0.0,-83.514595,-74.88555,-75.59868,-77.06041,-72.71694,-71.942924,-74.11719,-79.45858,-82.47039,-75.56931,-76.20942,-75.25011
2111.3269093188173,16.42587766355778,15.84436157942238,0.0,-80.84217,-76.28224,-78.45816,-75.90223,-69.71539,-67.98022,-73.15988,-79.44847,-82.98878,-73.71373,-74.661644,-74.365654
2114.6466057171174,15.61193342150698,14.948871254873993,0.0,-78.44646,-79.58368,-80.06471,-76.446335,-66.68234,-63.434868,-69.49278,-80.6431,-82.66314,-72.61086,-70.49691,-73.16386
2117.9663021154174,14.89239218382745,14.157241824789056,0.0,-78.47061,-80.42798,-77.090775,-77.66556,-65.29704,-62.429615,-67.09581,-81.366295,-76.21121,-73.301125,-66.908554,-72.881454
2121.285998513717,14.269207275691858,13.471622310811131,0.0,-79.63378,-78.3619,-75.81823,-78.202866,-64.864395,-65.17962,-66.085976,-81.00595,-71.50225,-74.34547,-64.245804,-74.858765
2124.605694912017,13.505108248276192,12.630971009779069,0.0,-80.095406,-77.1457,-75.187996,-76.8862,-65.67634,-68.83005,-64.05043,-80.83468,-71.052986,-74.629845,-62.273438,-75.23209
2127.925391310317,12.82095542498862,11.87827542927732,0.0,-76.752525,-76.28381,-75.077034,-75.92609,-69.67359,-71.78307,-62.268597,-80.24285,-70.729546,-73.92076,-65.42098,-74.24378
2131.2450877086176,12.287673123262286,11.291565533467256,0.0,-76.154305,-75.2281,-74.56311,-75.382225,-72.83,-72.20921,-61.438625,-77.95762,-70.18903,-73.6282,-68.719284,-73.71609
2134.5647841069176,11.468840494107225,10.390697072274666,0.0,-73.961525,-72.8219,-73.71353,-71.45088,-74.13054,-70.14852,-65.837845,-72.41432,-68.799484,-74.27773,-70.92929,-74.464264
2137.8844805052177,10.96912249429912,9.840914162448636,0.0,-72.728096,-72.907585,-73.23319,-70.33876,-74.19084,-68.82706,-67.473946,-71.34147,-67.702095,-75.776764,-71.51919,-75.40615
2141.2041769035177,10.18952626971114,8.983213057009257,0.0,-70.57148,-73.24902,-74.88153,-69.53487,-74.0017,-68.820564,-67.554855,-70.17951,-66.84741,-77.45804,-72.12759,-77.50705
2144.5238733018177,9.511226813106504,8.236957270488233,0.0,-70.302505,-73.21181,-77.887955,-71.1408,-73.804855,-70.6993,-68.92488,-69.50492,-66.192215,-74.95127,-77.077736,-75.12391
2147.8435697001178,8.890289058800086,7.5538100444237,0.0,-70.89052,-71.48791,-80.16627,-71.89641,-72.738014,-73.22299,-67.53661,-70.33355,-62.882282,-71.96659,-82.742874,-73.229614
2151.163266098418,8.170908505406805,6.7623573969931625,0.0,-72.408264,-69.030045,-82.016685,-72.00457,-71.12437,-77.09643,-67.39379,-71.87702,-60.975567,-69.4655,-81.11241,-72.081635
2154.482962496718,7.602328205771989,6.136813126578601,0.0,-72.428444,-70.21336,-83.21931,-73.99693,-71.37231,-78.44858,-67.084305,-72.20221,-61.08779,-69.31697,-79.5272,-71.96765
2157.802658895018,7.006528824986335,5.481322795298421,0.0,-71.12239,-73.99855,-82.87334,-78.94071,-76.5808,-78.97373,-66.68823,-74.26898,-62.45434,-71.575836,-79.748955,-72.88776
2161.122355293318,6.341805942278596,4.750003769721309,0.0,-69.11198,-75.94377,-78.79375,-80.20707,-77.41929,-78.208374,-69.336464,-75.98437,-63.854664,-76.49944,-81.04558,-76.73063
2164.442051691618,5.680964564118915,4.022955122369021,0.0,-66.55072,-75.911354,-75.80847,-79.93647,-79.30981,-78.7252,-70.60193,-76.17981,-65.82563,-81.05365,-82.39572,-78.31882
2167.761748089918,4.93361965368911,3.200736471734962,0.0,-63.58233,-73.73126,-77.0367,-80.509605,-80.08043,-81.64774,-67.41567,-74.85962,-69.98246,-76.06083,-84.46693,-76.27904
2171.081444488218,4.239672395768519,2.4372651881872747,0.0,-62.66794,-71.868324,-76.33934,-80.03328,-80.283264,-83.498436,-65.58858,-72.86991,-73.51875,-74.44047,-87.14831,-75.38403
2174.401140886518,3.6638202806215423,1.803720565787136,0.0,-64.815704,-71.447014,-75.14522,-77.93926,-79.21924,-81.811104,-70.23411,-74.028336,-73.97986,-74.151955,-92.95212,-76.70348
2177.720837284818,3.0277165686950167,1.1038879605409808,0.0,-66.607895,-72.615616,-74.75231,-76.74706,-78.14959,-80.13315,-73.20813,-77.29642,-74.894455,-76.46096,-93.755646,-80.147675
2181.040533683118,2.381223325983676,1.545035807423485,0.0,-67.73645,-71.45116,-73.978195,-76.749756,-77.81418,-78.88028,-73.314514,-75.97104,-73.217255,-74.52841,-96.03362,-80.41735
2184.360230081418,1.401642691528822,2.213472628085671,0.0,-68.62336,-70.42624,-75.77636,-77.649734,-78.330505,-78.30652,-73.22392,-77.51522,-72.31662,-73.4143,-94.456024,-81.646736
2187.6799264797182,1.993889996370214,2.79384615651766,0.0,-67.82687,-69.91729,-74.66586,-78.24317,-79.47721,-79.312225,-72.69626,-74.93399,-71.77995,-73.8135,-95.2018,-79.654366
2190.9996228780183,2.7530370472535166,3.537773311471744,0.0,-65.97104,-68.05064,-75.36918,-79.546524,-81.275665,-80.65078,-70.298996,-74.94421,-69.0362,-74.637634,-88.16893,-75.32806
2194.3193192763183,3.4246527760193675,4.195924031733183,0.0,-65.07799,-66.956764,-74.50622,-79.62071,-81.73741,-80.530174,-70.31878,-75.36236,-67.146965,-75.88727,-84.04805,-75.04883
2197.6390156746183,4.174558679994595,4.930795312571919,0.0,-66.55806,-70.922516,-73.20153,-78.0434,-80.15909,-78.23222,-72.50165,-77.16092,-65.3408,-75.53104,-83.62894,-75.404724
2200.9587120729184,4.966984484302665,5.707334025888642,0.0,-68.01671,-73.09626,-73.74452,-78.22659,-77.6485,-76.178535,-72.938805,-77.196945,-63.72774,-66.48876,-87.121475,-73.75627
2204.2784084712184,5.737842654958066,6.462737508127732,0.0,-69.52071,-69.41487,-78.010445,-77.79644,-76.721375,-77.02878,-71.623116,-76.23662,-61.969307,-64.08004,-88.94369,-72.77234
2207.5981048695185,6.59928354171673,7.306907642625177,0.0,-69.96316,-68.97871,-79.94167,-71.09265,-69.30495,-77.48236,-71.19752,-74.810265,-61.21202,-66.37657,-86.59952,-73.73463
2210.9178012678185,7.457273004575115,8.147695549713996,0.0,-69.0337,-71.012535,-76.25438,-68.33509,-72.13821,-74.53344,-72.44822,-73.5165,-65.02022,-69.98164,-88.437965,-77.22676
2214.2374976661185,8.345232234043365,9.017852369166729,0.0,-68.993416,-72.68668,-75.01547,-67.8086,-73.50075,-71.51891,-73.04116,-73.15265,-68.89976,-71.98097,-84.94632,-79.195435
2217.5571940644186,8.956125184286583,9.616497722431498,0.0,-70.37139,-72.297104,-74.2823,-66.311615,-73.3702,-70.471344,-71.93937,-71.58683,-69.241875,-72.59362,-77.71368,-76.98149
2220.8768904627186,9.561562314607189,10.209796637758783,0.0,-71.71343,-71.95182,-74.03721,-66.55948,-72.79102,-69.49012,-70.12879,-70.18832,-69.77464,-72.5032,-74.4932,-74.931404
2224.1965868610187,10.335975217213308,10.968683584266948,0.0,-76.99588,-72.073494,-73.410965,-67.934944,-72.1457,-69.98346,-68.08441,-67.67455,-71.05867,-71.57943,-71.952255,-74.22946
2227.5162832593187,11.195297299062636,11.810777393095645,0.0,-78.695496,-73.08271,-73.1462,-69.79475,-69.24957,-71.04397,-63.985966,-70.84289,-71.91531,-71.67161,-68.23236,-74.969765
2230.8359796576187,11.828877370565372,12.431655020796644,0.0,-80.62672,-74.45818,-73.06955,-70.34904,-65.65449,-71.26886,-63.642925,-74.68785,-72.48212,-71.67943,-63.749165,-75.75834
2234.155676055919,12.498339762448332,13.08769557573625,0.0,-82.22988,-75.32056,-73.39182,-70.83189,-63.525368,-70.24327,-64.83618,-80.47182,-71.888916,-72.062195,-60.900295,-76.93052
2237.475372454219,13.046000048137136,13.624375995873244,0.0,-81.970276,-75.835106,-73.72543,-71.916794,-63.582882,-68.3155,-66.28046,-81.90359,-71.74868,-72.24022,-60.899414,-77.17775
2240.795068852519,13.922015174706992,14.482828175918709,0.0,-79.89731,-77.80459,-74.12111,-75.826614,-63.62771,-64.81314,-69.54951,-83.17361,-76.99136,-71.89435,-64.855064,-76.16312
2244.114765250819,14.70829640799887,15.253345508754308,0.0,-79.44876,-79.37125,-75.16837,-77.39723,-63.892757,-65.15504,-72.16235,-83.24345,-81.47549,-71.19598,-70.51639,-77.52263
2247.434461649119,15.51277305739502,16.041693463628036,0.0,-81.90283,-77.026855,-78.05244,-78.19355,-65.82189,-69.21141,-74.793976,-83.0341,-81.3433,-70.986664,-76.325356,-78.823814
2250.754158047419,14.594896495315648,15.897072807775244,0.0,-81.20101,-77.987724,-74.8607,-79.607185,-63.93876,-68.05728,-74.93734,-83.0882,-81.32541,-70.70759,-72.42397,-80.537506
2254.073854445719,13.360783279076571,15.702625896172265,0.0,-80.05556,-79.60913,-73.9982,-80.05684,-64.620186,-66.47923,-73.531784,-81.311386,-81.99082,-70.33051,-63.881634,-78.702675
2257.393550844019,12.357254579213732,15.54450988718247,0.0,-80.95893,-80.45281,-75.61523,-76.369896,-63.74284,-70.11343,-72.85676,-81.465904,-81.735794,-70.229706,-67.49827,-78.81675
2260.713247242319,11.436475006290678,15.399431832862929,0.0,-80.06185,-80.96857,-76.152245,-71.00171,-63.835087,-73.24834,-73.75903,-82.66985,-78.56403,-70.80073,-71.88393,-80.16334
2264.032943640619,10.641990799247983,15.274252879794435,0.0,-79.5355,-81.3384,-72.384384,-68.60219,-64.34498,-73.50616,-75.43231,-83.59123,-74.269905,-68.224236,-74.61734,-81.35732
2267.352640038919,9.45554148255986,15.087315893488976,0.0,-79.44156,-81.771454,-70.88681,-65.76097,-66.1856,-72.65601,-75.29167,-81.6043,-72.383644,-66.34165,-74.91829,-80.94771
2270.672336437219,8.611531249944571,14.954333618496824,0.0,-79.65445,-81.42992,-70.41205,-63.11217,-68.30231,-72.13129,-74.13588,-77.63761,-71.519455,-65.83387,-74.14173,-77.99677
2273.9920328355192,7.512162174265089,14.781116997311006,0.0,-79.04325,-79.82375,-69.861176,-61.901066,-71.724754,-72.61213,-72.7122,-73.42382,-72.00022,-66.31266,-73.28979,-76.38907
2277.3117292338197,6.592826600745326,14.636266459576357,0.0,-78.33202,-78.97008,-69.50271,-62.911182,-75.25027,-73.56506,-71.92506,-74.20937,-72.8644,-71.14406,-73.76262,-78.93139
2280.6314256321198,5.513415059300843,14.466194348022343,0.0,-75.53447,-77.69296,-70.08089,-63.943512,-77.5937,-75.09866,-73.00004,-77.26407,-74.36201,-72.48407,-75.64432,-81.95146
2283.95112203042,4.470066685186973,14.301804350084645,0.0,-76.43522,-77.80267,-69.82589,-64.22445,-77.22369,-75.342735,-74.29323,-79.95081,-73.34121,-72.03918,-79.01536,-83.20198
2287.2708184287194,3.378264486210305,14.129779966196006,0.0,-78.44263,-78.24012,-67.34704,-63.962955,-76.520134,-75.3977,-75.33797,-81.59905,-73.20856,-77.57895,-85.64979,-84.38783
2290.5905148270194,2.2220634388206832,13.947608898016238,0.0,-77.565056,-78.06402,-66.70676,-64.17583,-76.33886,-75.90385,-78.49787,-82.320786,-72.8548,-80.79948,-81.44548,-85.49269
2293.9102112253195,1.1298376507765746,13.77551777342272,0.0,-75.55084,-75.10837,-66.05954,-67.039116,-75.13758,-78.636635,-81.58593,-83.103584,-72.00512,-78.738304,-80.07225,-83.16743
2297.2299076236195,1.5363169254844986,14.42026436736107,0.0,-75.558014,-77.826416,-68.19678,-66.98815,-76.3554,-77.66271,-79.01588,-80.795,-72.67603,-80.87963,-80.711464,-86.05659
2300.5496040219195,2.108960265192944,15.328575973368038,0.0,-72.56771,-79.45889,-72.202515,-66.81749,-77.27004,-76.67482,-73.619896,-79.44912,-73.23847,-82.60708,-87.53055,-85.58733
2303.86930042022,2.623788096066235,16.1451821598919,0.0,-72.66968,-77.66241,-73.42286,-65.95819,-77.79775,-75.9709,-71.30146,-79.731995,-74.82819,-81.082954,-86.42693,-84.88811
2307.18899681852,3.417688506278249,15.651659045130868,0.0,-74.464905,-78.11108,-71.9283,-61.311638,-77.19195,-74.3323,-70.62705,-80.63149,-73.46835,-79.45274,-82.84813,-83.30674
2310.50869321682,4.22846295354829,15.14764629310507,0.0,-76.608635,-77.80915,-69.76931,-62.911476,-77.22996,-74.52872,-71.16942,-81.81415,-74.718605,-73.99856,-78.819725,-82.09783
2313.82838961512,5.128861661138714,14.58791919260116,0.0,-74.71909,-77.84983,-70.043976,-64.114494,-77.394806,-75.245094,-72.60025,-79.27085,-75.32447,-71.11813,-77.034096,-82.087105
2317.14808601342,6.098129516845408,13.985380026437529,0.0,-77.34459,-75.35151,-70.18975,-63.914318,-76.719315,-74.543655,-74.84585,-73.09138,-72.5114,-72.22825,-74.94695,-82.08546
2320.46778241172,6.7738857605019085,13.565300477543593,0.0,-76.608955,-75.6117,-70.12079,-64.400085,-72.07494,-73.55935,-77.18669,-74.13758,-70.70324,-64.24273,-73.99154,-82.46532
2323.78747881002,7.659794384324638,13.014581044981652,0.0,-75.76594,-78.17888,-69.835976,-67.605385,-65.73853,-72.644226,-78.404884,-79.88718,-69.57261,-61.062584,-73.81921,-84.55692
2327.10717520832,8.481254670413202,12.50392550956676,0.0,-75.02388,-75.14881,-71.169044,-68.004486,-66.612595,-72.139336,-70.84866,-80.43584,-70.61342,-59.375435,-74.35975,-80.86268
2330.42687160662,9.275442624386136,12.01022364506496,0.0,-74.66638,-72.887665,-74.25025,-66.93735,-68.73587,-71.43398,-67.816574,-74.316284,-71.891396,-63.348602,-73.509384,-72.97979
2333.74656800492,9.964808350227342,11.581683848573617,0.0,-75.458534,-72.365974,-73.45799,-67.06214,-70.53884,-70.66052,-66.82417,-69.15169,-72.0012,-69.006035,-72.32259,-73.0261
2337.06626440322,11.002890821229602,10.936366516729628,0.0,-77.723366,-72.26224,-73.19035,-69.54606,-72.42792,-69.71876,-66.74528,-69.78315,-69.90208,-72.737274,-71.00387,-74.78898
2340.38596080152,11.901454794304255,10.377779967208356,0.0,-73.53899,-73.61872,-74.24147,-74.95125,-74.971985,-70.86521,-64.702896,-75.2183,-69.52388,-75.01415,-71.337906,-73.38471
2343.70565719982,12.538453106004583,9.981794038943232,0.0,-73.467026,-74.109,-73.51743,-79.314964,-74.94868,-70.09149,-64.08712,-77.1647,-69.85515,-75.356964,-72.19883,-71.64273
2347.02535359812,13.40114506507723,9.445507097603668,0.0,-74.84628,-72.80411,-72.23223,-77.06794,-74.48373,-66.920525,-62.796173,-78.39044,-70.404144,-75.123276,-72.80076,-68.93809
2350.34504999642,14.238058523557656,8.925245196360429,0.0,-78.415764,-74.77641,-76.93304,-78.898766,-74.94016,-68.56592,-60.26512,-79.037056,-72.32462,-75.78987,-72.86528,-68.16558
2353.66474639472,14.874869085117773,8.529375981769721,0.0,-78.879715,-76.882545,-81.35125,-83.0609,-75.98435,-71.53623,-58.2635,-79.41797,-75.2124,-75.82856,-72.68552,-68.44806
2356.98444279302,15.733591357955746,7.995556770500524,0.0,-78.33433,-78.880745,-77.68583,-83.4634,-74.64159,-69.533134,-56.22291,-79.121315,-75.46035,-78.873314,-72.75754,-69.28772
2360.30413919132,16.679306843209233,7.40765878486351,0.0,-79.39798,-80.71446,-76.52972,-81.34547,-73.179855,-68.93503,-48.94522,-77.288956,-76.69332,-80.528175,-73.769585,-69.903595
2363.6238355896203,17.440981283863987,6.934168738063541,0.0,-81.50011,-81.71046,-77.52416,-78.66642,-75.31684,-71.53602,-44.435444,-71.40235,-81.22701,-76.54138,-77.355034,-70.21864
2366.9435319879203,18.469479643139124,6.2948093080054015,0.0,-81.882454,-81.057144,-78.597404,-79.681786,-78.29127,-77.29052,-49.03282,-69.4717,-84.08369,-75.22973,-82.83931,-75.31246
2370.2632283862204,19.464274999378546,5.676401134327826,0.0,-81.17574,-78.01998,-78.27504,-80.50059,-79.338425,-80.77763,-65.63663,-69.59093,-83.57929,-76.053566,-83.68267,-75.73149
2373.5829247845204,18.437214530155977,6.11848931331362,0.0,-81.67519,-80.64532,-78.68216,-80.056305,-78.546974,-77.79274,-49.721024,-68.85639,-84.228615,-75.53166,-82.83745,-75.28076
2376.9026211828204,17.679266499542393,6.4447406633178375,0.0,-82.05297,-82.63355,-78.52581,-78.63424,-76.77892,-73.89627,-44.09207,-69.20748,-83.17936,-75.81114,-81.046326,-71.65931
2380.2223175811205,16.90018172199377,6.780090120241961,0.0,-80.73059,-82.096016,-77.4756,-79.47164,-74.76253,-69.86692,-46.618702,-73.332924,-79.94146,-77.49088,-76.42832,-69.66313
2383.5420139794205,15.835329898351189,7.238445219781711,0.0,-79.48929,-79.75206,-76.704094,-82.6193,-73.84657,-67.60141,-56.35459,-78.647156,-75.51547,-81.5452,-72.796524,-68.956345
2386.861710377721,15.055468902001016,7.574128792531295,0.0,-79.50253,-78.89597,-77.129944,-83.19908,-74.77376,-70.177536,-60.627327,-79.836716,-75.98721,-80.0618,-72.380295,-67.79225
2390.1814067760206,13.95421607106451,8.048152351241711,0.0,-78.62045,-76.05398,-78.6502,-80.80829,-75.39248,-71.82955,-63.542324,-79.94282,-75.79774,-77.18683,-72.88004,-67.57809
2393.5011031743206,13.225018901063253,8.362028173228579,0.0,-76.0341,-73.61947,-75.03153,-77.93669,-74.3779,-68.12322,-64.76965,-78.55142,-72.22128,-75.109695,-73.14001,-68.07589
2396.8207995726207,12.426912632735013,8.705565245655732,0.0,-72.712296,-72.30622,-73.36779,-77.752556,-74.48378,-66.94181,-65.66147,-77.168106,-68.989624,-74.18648,-72.526794,-70.11552
2400.1404959709207,11.547832162605356,9.083956874841665,0.0,-72.073235,-73.93033,-74.05356,-74.14978,-74.96413,-68.13308,-66.125404,-73.21952,-68.24663,-76.02951,-72.46168,-74.19295
2403.4601923692207,10.502923659228468,9.53372756635151,0.0,-70.94026,-72.83163,-74.00294,-69.229126,-73.97766,-68.82367,-67.95922,-70.32485,-67.14566,-76.16138,-71.786514,-76.58678
2406.779888767521,9.726154164974352,9.868080432124309,0.0,-71.201996,-72.1028,-74.0348,-66.938065,-73.443436,-68.96357,-69.77086,-69.83264,-68.900375,-74.01462,-73.97957,-75.449974
2410.099585165821,9.017507570009007,10.173110459177977,0.0,-71.03839,-71.91563,-74.055466,-66.01288,-72.67093,-70.34563,-71.735916,-71.91676,-69.80866,-71.17323,-76.93547,-75.49349
2413.419281564121,7.885922544543016,10.6601902156937,0.0,-72.815765,-71.9809,-70.20358,-65.996994,-71.48581,-73.55327,-71.42108,-77.93632,-68.853264,-56.93123,-80.46866,-74.6687
2416.738977962421,7.015606212024233,11.0348094071772,0.0,-73.14404,-72.74523,-68.2767,-68.02755,-71.68882,-76.08419,-71.93805,-79.41015,-66.661804,-57.06224,-83.68345,-78.197296
2420.058674360721,5.909730577748284,11.51082280657508,0.0,-73.391464,-72.848495,-67.61971,-71.8891,-77.55277,-80.525955,-75.0056,-79.25963,-65.12109,-62.522133,-85.68389,-82.34969
2423.378370759021,5.070173727571552,11.872201878374648,0.0,-73.72636,-71.10082,-67.68617,-69.05939,-78.96941,-81.32352,-76.31407,-76.39711,-65.47164,-70.11976,-85.73372,-83.16299
2426.698067157321,4.276638166407288,12.213771534405833,0.0,-78.392876,-70.09559,-67.15035,-67.299324,-77.679375,-79.30213,-79.20048,-76.24585,-67.93721,-76.80306,-82.21796,-83.39263
2430.017763555621,3.1987450941365188,12.677740112441256,0.0,-81.56843,-73.74133,-64.62121,-66.85965,-76.47211,-76.91255,-80.36417,-81.29966,-71.440895,-77.73712,-78.67706,-84.0651
2433.337459953921,2.4247162531742648,13.010913290688984,0.0,-81.690475,-78.51216,-63.40288,-66.572014,-75.90068,-75.69824,-80.77468,-83.95626,-72.66754,-78.935814,-78.97073,-83.89393
2436.657156352221,1.278960966108656,13.50409249834128,0.0,-76.09229,-73.03412,-65.81618,-65.85268,-74.89366,-78.41464,-81.84204,-83.33601,-71.7705,-79.001656,-80.20668,-83.123
2439.976852750521,1.4207606878952557,12.293246522657444,0.0,-77.36637,-70.27581,-64.82287,-65.33399,-72.86412,-78.887115,-79.17703,-85.29336,-71.897385,-78.7846,-86.60808,-79.307274
2443.296549148821,1.5433412579948764,11.24651534341346,0.0,-79.32947,-68.51268,-65.93456,-69.087654,-73.870186,-79.7286,-70.60986,-83.30023,-71.81872,-78.47608,-85.51539,-80.207436
2446.6162455471213,1.6767613160852546,10.107224388686742,0.0,-78.857994,-66.1635,-72.45996,-72.2913,-77.12586,-79.85872,-67.94842,-79.23103,-71.8547,-75.37532,-83.72035,-81.83663
2449.9359419454213,1.8170626278052275,8.909173528368711,0.0,-70.6681,-63.451916,-73.80518,-76.068085,-77.82577,-79.26605,-67.26344,-76.63614,-70.91882,-69.43775,-82.55933,-82.66217
2453.2556383437213,1.90344415393615,8.171550619302186,0.0,-66.863914,-60.69684,-70.87183,-75.567795,-76.45552,-78.254776,-71.32034,-77.13201,-69.790726,-65.391754,-82.21468,-82.52802
2456.5753347420214,2.0135926299119093,7.230978683176145,0.0,-66.18811,-58.32325,-71.6963,-74.37323,-76.1431,-75.769,-78.00286,-76.4416,-68.66249,-64.038635,-81.970924,-80.51685
2459.8950311403214,2.145341464002852,6.105958524108871,0.0,-65.7114,-58.705517,-72.04927,-75.10934,-78.33723,-74.72979,-81.13867,-76.62493,-67.55467,-66.6916,-83.21272,-78.47161
2463.214727538621,2.2390272963560984,5.305963209208054,0.0,-65.80431,-61.451717,-72.40774,-76.547714,-81.39364,-77.53763,-77.179756,-76.4909,-67.94093,-72.66178,-84.63216,-75.594376
2466.534423936921,2.3698597795838863,4.188767887460526,0.0,-65.851456,-64.04845,-74.05598,-79.93361,-82.03951,-80.08901,-71.52355,-75.4322,-67.910324,-74.619934,-86.71987,-74.99843
2469.854120335221,2.47494451106021,3.2914359138095888,0.0,-66.411064,-69.27528,-75.19467,-79.23031,-80.91903,-80.12297,-71.484146,-74.82136,-69.670204,-74.4472,-91.03993,-77.25784
2473.1738167335216,2.602242550973515,2.204421655957689,0.0,-67.56742,-70.30363,-73.78638,-77.59973,-78.53383,-79.63376,-72.66814,-74.17092,-71.93864,-73.864746,-95.77689,-80.08544
2476.4935131318216,2.7421321470118016,1.0098864885480447,0.0,-67.249695,-73.05793,-74.56766,-76.16555,-78.3789,-79.90258,-73.53681,-78.02551,-74.729546,-77.25041,-94.07989,-80.40002
2479.8132095301216,3.667731226489316,1.2840316297259395,0.0,-65.005585,-72.14336,-75.32032,-77.687004,-78.68802,-81.85203,-71.29685,-76.22383,-75.15476,-74.8644,-92.326324,-78.00914
2483.1329059284217,4.569016072731015,1.5509753496288394,0.0,-61.699646,-72.33943,-76.77243,-79.792725,-79.46103,-84.251854,-66.67497,-73.1847,-75.698524,-74.359566,-89.09203,-75.62171
2486.4526023267217,5.639788866132182,1.8681182305207635,0.0,-58.63906,-72.33381,-77.812675,-80.9504,-79.07953,-84.744026,-64.810455,-70.15472,-75.94269,-75.14927,-87.56293,-74.98432
2489.7722987250218,6.805323554671517,2.213327812965159,0.0,-57.81253,-70.79248,-78.632385,-77.92748,-78.076965,-76.23253,-70.76109,-66.20157,-72.969765,-77.507935,-88.966545,-74.045265
2493.091995123322,7.844016268077555,2.5209691739720075,0.0,-58.366005,-70.14181,-81.31616,-76.52454,-77.31751,-73.84464,-72.12726,-66.184074,-71.073,-77.13523,-87.91154,-72.790764
2496.411691521622,8.997327780371682,2.8625584801524333,0.0,-63.39374,-70.829346,-82.92179,-75.6398,-77.114586,-75.184906,-65.978035,-66.1835,-72.902504,-76.85857,-81.79941,-71.93351
2499.731387919922,9.852382018721954,3.1158095583834235,0.0,-68.86335,-72.04482,-81.67708,-75.869934,-76.840866,-75.654076,-65.19184,-66.332695,-73.68161,-74.144516,-80.5199,-69.881355
2503.051084318222,10.923167645610716,3.4329562403144216,0.0,-73.1204,-73.474304,-77.71079,-75.55251,-78.631996,-74.42997,-65.062744,-67.09383,-74.08776,-72.86798,-80.8809,-63.18882
2506.370780716522,11.82566257796803,3.700258365099477,0.0,-73.32139,-73.44679,-76.21863,-76.0022,-79.0453,-73.696465,-65.21134,-67.6191,-73.78983,-73.59442,-82.83844,-57.813473
2509.690477114822,12.771310680873253,3.980341652154927,0.0,-72.10587,-72.578255,-74.60411,-77.548775,-79.15104,-73.36937,-65.94241,-69.467285,-72.9452,-75.46583,-84.23212,-57.662125
2513.010173513122,13.60720572712006,4.227918135909198,0.0,-72.84047,-72.58984,-75.13553,-78.13028,-78.970184,-73.86528,-67.15429,-70.85009,-72.76211,-77.80446,-82.1465,-60.59552
2516.329869911422,14.356813912004952,4.449938064655645,0.0,-75.8617,-75.93598,-76.78556,-78.113365,-77.812355,-73.5711,-68.93017,-71.03271,-74.03967,-79.75926,-76.53769,-65.99933
2519.649566309722,15.37998045741013,4.752980864997384,0.0,-78.53918,-80.89135,-78.86412,-78.2645,-76.709366,-72.46347,-69.65477,-70.030136,-76.08927,-80.73313,-75.258896,-71.17908
2522.969262708022,16.159008568929004,4.983714425940903,0.0,-78.47227,-80.80679,-80.13401,-78.53641,-76.68715,-72.88787,-66.29275,-67.84641,-77.94329,-79.89733,-77.07054,-72.564095
2526.288959106322,16.95274044039498,5.218802965660784,0.0,-80.0299,-80.15106,-79.84905,-79.245,-77.52241,-74.83805,-57.583862,-66.29265,-80.53464,-78.698975,-79.51798,-73.3183
2529.608655504622,17.722391602504253,5.446759249512406,0.0,-80.88953,-79.42737,-79.2055,-79.95246,-77.9969,-77.02016,-51.28727,-66.0046,-83.34364,-77.53726,-81.27064,-74.048225
2532.9283519029223,18.8974981657535,5.794803842278082,0.0,-81.23812,-78.50469,-78.51703,-80.562256,-79.94176,-79.752365,-58.223885,-68.69939,-84.61852,-76.061386,-83.09572,-75.699814
2536.2480483012223,18.64181770082152,6.888730138322264,0.0,-81.67642,-81.131035,-77.86369,-78.33221,-77.59717,-74.557816,-52.24896,-71.76825,-82.91542,-74.82661,-81.33147,-74.10473
2539.5677446995223,18.44590629828766,7.726935102411682,0.0,-79.89459,-77.879845,-76.336,-78.704285,-75.32217,-71.290695,-59.525063,-74.420715,-78.84281,-77.76804,-75.830635,-72.329666
2542.8874410978224,18.238678195687893,8.61355845384188,0.0,-77.517944,-75.47174,-74.48021,-80.04102,-71.19991,-71.34817,-64.523,-74.02193,-75.004585,-82.80056,-74.55351,-71.68433
2546.2071374961224,17.965956391499052,9.780395948392531,0.0,-80.12544,-76.67131,-81.977,-80.85321,-71.97685,-71.73484,-65.84462,-73.008675,-73.38914,-79.94062,-77.78949,-71.4414
2549.5268338944225,17.79532135949183,10.510456215565055,0.0,-82.05748,-79.46043,-83.2945,-82.60189,-73.03502,-70.808014,-66.960075,-74.19878,-71.9939,-78.50198,-78.432274,-72.54634
2552.8465302927225,17.593201996328293,11.375221876731676,0.0,-81.09709,-80.3529,-82.76993,-81.4598,-72.946144,-69.31134,-68.73014,-74.9676,-77.03956,-78.701935,-74.924164,-73.03436
2556.1662266910225,17.319766268362255,12.54511388697814,0.0,-79.04968,-79.35986,-85.46384,-78.88918,-69.34691,-68.54778,-73.369896,-76.02416,-80.68771,-76.66372,-71.11256,-73.045425
2559.4859230893226,17.043988478863294,13.72502638392271,0.0,-76.99131,-79.278824,-83.28306,-80.33064,-71.51592,-69.900696,-71.488304,-78.1437,-79.22421,-77.756325,-67.502495,-72.919426
2562.8056194876226,16.795557456806073,14.787936011585575,0.0,-79.968,-76.61904,-79.19395,-79.09654,-72.77167,-69.14553,-71.31609,-79.03123,-80.538635,-78.89174,-69.815125,-71.68012
2566.125315885922,16.51319104380957,15.996037867856511,0.0,-81.42453,-76.119385,-77.99525,-76.162926,-70.30316,-69.008934,-73.54431,-79.60294,-82.592255,-73.81058,-75.354546,-74.807106
2569.4450122842227,17.03508244603678,15.46383168841287,0.0,-80.873856,-74.7522,-77.571655,-77.472404,-72.70276,-68.77479,-72.83121,-78.54398,-82.26979,-78.04958,-72.419846,-72.745186
2572.7647086825227,17.618137394613544,14.869253112748472,0.0,-79.9435,-76.60554,-78.640144,-81.10885,-77.2479,-76.59281,-76.46899,-79.39435,-78.187996,-79.84553,-70.15491,-73.6561
2576.0844050808228,18.459822130354944,14.010933133547235,0.0,-78.01994,-77.59626,-83.23117,-82.46014,-73.21148,-72.750656,-78.77078,-79.72832,-79.97284,-77.41042,-71.12234,-77.14108
2579.404101479123,19.161483891263,13.295403574253976,0.0,-78.4743,-77.86073,-84.684875,-82.950676,-72.60261,-69.98874,-75.241066,-79.48618,-81.957054,-77.19425,-72.79348,-77.49054
2582.723797877423,18.050630285979956,13.857088549574067,0.0,-77.93619,-77.61153,-83.54732,-81.802025,-72.46316,-72.60129,-77.91691,-79.194756,-79.93312,-77.39479,-70.5737,-75.65946
2586.043494275723,17.192137742944333,14.291171277085748,0.0,-77.76313,-78.05368,-80.984184,-81.100464,-73.583595,-72.25161,-73.28809,-78.95202,-79.24585,-78.72094,-68.31953,-72.24675
2589.363190674023,16.37398216893445,14.704858275273637,0.0,-79.475815,-77.701065,-79.72443,-78.4782,-70.629776,-65.480705,-69.45102,-79.5792,-80.43601,-77.283066,-69.61832,-71.40134
2592.682887072323,15.659401533120509,15.066174298269392,0.0,-78.497635,-79.32215,-80.2282,-76.239174,-66.73755,-63.746307,-69.81124,-80.54996,-83.26917,-72.47778,-71.03131,-73.45264
2596.002583470623,14.76838099698791,15.51670427401702,0.0,-80.16432,-78.70156,-75.21521,-78.09621,-63.99804,-66.17464,-73.59784,-83.22327,-81.91748,-70.995575,-71.80633,-78.485695
2599.322279868923,13.956140739960674,15.927400288822753,0.0,-80.83769,-78.420235,-74.62958,-80.47845,-64.130325,-67.22017,-74.52254,-82.238014,-81.63515,-70.381966,-67.85195,-80.10511
2602.641976267223,13.137319920028904,16.34142365774162,0.0,-83.22711,-78.15639,-76.20309,-77.55967,-62.41792,-72.847435,-72.48219,-81.613785,-81.99564,-69.54716,-69.7719,-79.61728
2605.961672665523,13.391581971069357,15.641041300871349,0.0,-79.736855,-79.73902,-73.85771,-80.09786,-64.77139,-66.249535,-73.68594,-81.37991,-81.94011,-70.38818,-63.817425,-78.661125
2609.281369063823,13.733717399547078,14.698605664937922,0.0,-78.90582,-78.55185,-73.74621,-76.47752,-63.84513,-65.03089,-70.86324,-82.81038,-77.68932,-71.47231,-64.661385,-76.515396
2612.601065462123,14.1066672569612,13.67128955912795,0.0,-80.28529,-77.73837,-75.04897,-76.91965,-64.06074,-65.33697,-66.62857,-81.82906,-72.072716,-73.66904,-63.95258,-75.549324
2615.920761860423,14.504530859885586,12.575346822928026,0.0,-76.52714,-79.738266,-77.62345,-81.04761,-69.33372,-68.01984,-64.237564,-78.71209,-71.81528,-76.65634,-64.03254,-71.595245
2619.2404582587237,14.886834819571495,11.5222641972276,0.0,-79.34747,-79.01995,-77.61874,-77.49845,-73.8532,-66.52681,-63.537197,-75.14194,-74.20442,-76.70441,-68.63227,-69.778854
2622.5601546570238,15.17267655429391,10.734893423502038,0.0,-81.39676,-79.447464,-76.12759,-74.56701,-73.62433,-65.861855,-63.302338,-73.52544,-75.48113,-78.28283,-71.11107,-69.76736
2625.879851055324,15.443365536290084,9.989261952295465,0.0,-80.98744,-79.11499,-78.50371,-78.77098,-74.42862,-67.5674,-60.939125,-75.68688,-74.42582,-77.02918,-72.59196,-69.964226
2629.1995474536234,15.75233157019944,9.13819370150145,0.0,-79.11865,-78.23857,-84.580376,-83.41686,-75.62599,-70.62246,-57.76742,-78.06057,-74.32144,-75.278595,-72.94284,-69.75304
2632.5192438519234,16.08570100847383,8.219904590201915,0.0,-77.71589,-78.89246,-78.50675,-83.09623,-74.23172,-69.30752,-55.469406,-78.64091,-74.998795,-78.38882,-73.08766,-69.83684
2635.8389402502235,16.490077408364744,7.106021905548929,0.0,-79.67496,-81.17973,-76.86771,-81.07562,-73.69424,-68.34233,-49.00482,-77.08337,-77.12682,-79.82122,-74.124626,-69.46837
2639.1586366485235,16.8348509384571,6.156319436759551,0.0,-80.11786,-82.75943,-78.85865,-78.85345,-75.76317,-72.28468,-51.778,-69.65514,-81.3487,-77.25339,-78.96863,-70.03586
2642.4783330468235,17.164863003690243,5.247278441071047,0.0,-80.693245,-79.86609,-79.6623,-79.38773,-77.67279,-75.36354,-56.115772,-65.919525,-80.9982,-78.48026,-80.00855,-73.34407
2645.798029445124,17.521822182649803,4.264009761993182,0.0,-79.33147,-76.282906,-79.4605,-78.523125,-76.304146,-78.32888,-64.61218,-65.94758,-78.17801,-80.77632,-79.26128,-72.840965
2649.117725843424,17.918720591221607,3.170725720210031,0.0,-77.85695,-74.531,-81.37156,-80.02446,-76.81719,-77.30562,-66.271355,-67.35136,-85.307945,-83.77909,-78.35191,-71.6887
2652.437422241724,18.307351042478363,2.1002163371190505,0.0,-83.90942,-74.780365,-82.58706,-83.2583,-76.97082,-77.42159,-69.25703,-70.07914,-86.09936,-80.40722,-77.767746,-71.434265
2655.757118640024,19.304374530589943,1.4012825423529145,0.0,-83.91034,-76.06207,-78.11606,-80.58567,-78.29343,-79.57839,-72.825874,-77.11349,-81.52429,-78.75857,-81.12891,-72.88987
2659.076815038324,18.39313859433007,1.3156842013362475,0.0,-84.39199,-75.74641,-77.843414,-78.69208,-76.67731,-77.63376,-72.02308,-71.672356,-82.3485,-77.455284,-77.94968,-72.57244
2662.396511436624,17.434169051455946,1.225601930994216,0.0,-83.81662,-74.988914,-77.69969,-77.45194,-76.118195,-77.01027,-69.63801,-70.27649,-83.064095,-77.77438,-77.73229,-74.02123
2665.716207834924,16.21718985551018,1.1112831293759202,0.0,-79.168015,-73.94929,-77.31369,-77.81264,-77.74268,-77.431885,-64.491356,-69.61064,-82.11849,-78.75275,-77.81422,-77.28034
2669.035904233224,15.458681570185918,1.0400314937812536,0.0,-78.4728,-73.8102,-76.59732,-78.48347,-78.373436,-77.01412,-63.221462,-69.2263,-80.37927,-79.526566,-77.45808,-77.92636
2672.355600631524,14.50893489835795,1.4351483652340369,0.0,-76.97887,-72.16852,-75.92026,-76.68457,-80.51489,-76.24374,-63.351215,-66.06277,-78.03826,-82.281624,-79.55714,-70.14152
2675.675297029824,13.776659233598677,1.7397922016202294,0.0,-75.78899,-72.31983,-75.87966,-74.98656,-81.36276,-77.24505,-66.4179,-64.61403,-76.48292,-81.366486,-80.12996,-64.644585
2678.994993428124,12.821174897523292,2.137296075853998,0.0,-73.74179,-73.240036,-76.03969,-74.1248,-81.72869,-79.69427,-64.4615,-63.768585,-74.28,-77.68339,-82.25898,-62.042046
2682.314689826424,11.89550308995351,2.522397239614921,0.0,-74.01804,-73.674225,-78.17147,-74.91108,-80.0624,-79.60131,-64.31779,-63.81997,-74.31556,-74.92513,-81.2501,-60.055958
2685.634386224724,11.076618241864429,2.8630725258302467,0.0,-75.067375,-73.462616,-79.033356,-75.32972,-78.0015,-77.94043,-64.70606,-64.61797,-74.348,-73.86958,-79.5516,-60.757015
2688.954082623024,9.960577107762072,3.3273717904651137,0.0,-69.48586,-72.53879,-81.19466,-75.94862,-77.3262,-74.632645,-65.097435,-67.22422,-73.80498,-73.7208,-81.15329,-69.88533
2692.273779021324,9.088631646689182,3.690121535082254,0.0,-65.5138,-72.93488,-82.23563,-76.66032,-77.05004,-73.39541,-65.4313,-69.15452,-72.583534,-75.43024,-82.06451,-72.14125
2695.593475419624,8.36204155639961,3.99240003925564,0.0,-65.41388,-73.93339,-83.01807,-78.10951,-77.878044,-75.979034,-65.417534,-70.597626,-68.70538,-76.77602,-81.423515,-73.78707
2698.913171817924,7.467013720759388,4.36475259259565,0.0,-67.53155,-76.099556,-83.07141,-79.96453,-77.733,-78.2078,-65.77871,-72.709816,-65.13004,-79.023056,-80.30375,-75.7971
2702.232868216224,6.571980887033105,4.737107225256584,0.0,-69.315544,-75.973,-80.09009,-80.251656,-77.4137,-78.2458,-68.248215,-74.97253,-63.822674,-76.95703,-80.65493,-76.467995
2705.5525646145243,5.713395187322634,5.094298996079813,0.0,-68.83043,-75.37608,-76.09433,-79.66403,-77.46802,-77.50183,-70.45203,-77.22869,-63.51559,-72.72709,-82.77146,-74.95498
2708.8722610128243,4.906870725282658,5.429832072050513,0.0,-67.750404,-74.091705,-73.89737,-78.37381,-77.62568,-76.515945,-72.807556,-77.462746,-63.988625,-68.50447,-85.71368,-74.2617
2712.1919574111243,4.194135668080255,5.726346557786499,0.0,-67.14043,-68.87071,-73.162445,-77.67236,-77.575035,-75.91116,-74.46347,-77.39611,-65.28643,-66.55897,-85.86489,-74.44704
2715.5116538094244,3.236310745057785,6.124824171038606,0.0,-66.230255,-61.395226,-72.52861,-76.47265,-77.57833,-74.64059,-77.59736,-77.63907,-66.470764,-65.69223,-83.33679,-76.46138
2718.8313502077244,2.3324532352889893,6.500850075727048,0.0,-66.0147,-59.105885,-72.240845,-75.07877,-77.307175,-74.2577,-81.1519,-76.86799,-67.30426,-65.2965,-82.332085,-79.229
2722.1510466060245,1.636051064624583,6.790569697925091,0.0,-66.21732,-57.14502,-71.84421,-73.80931,-77.2096,-75.064735,-79.28066,-75.94557,-69.02244,-65.09734,-84.2142,-79.81173
2725.4707430043245,2.057091644758302,7.648545286418017,0.0,-65.88258,-59.134712,-70.838715,-75.11818,-76.15098,-77.00903,-75.1502,-76.65223,-68.946205,-64.330475,-81.768196,-81.46566
2728.7904394026245,2.4283050498959016,8.40498553174602,0.0,-63.962612,-63.049114,-75.36918,-76.509026,-78.273796,-79.141624,-68.73066,-75.9147,-68.83458,-64.202194,-81.18816,-82.69822
2732.1101358009246,2.895194195610115,9.35638905068448,0.0,-65.69101,-64.73072,-74.07275,-75.91117,-77.52368,-80.14173,-68.55196,-75.38603,-67.962364,-66.730965,-81.48933,-81.984764
2735.4298321992246,3.282402715824639,10.145423347319314,0.0,-67.848915,-65.60467,-69.0679,-73.76403,-74.76758,-81.1737,-70.40211,-77.89758,-66.121704,-72.34068,-81.60858,-80.09269
2738.7495285975247,3.632136990946411,10.85809448799286,0.0,-70.38571,-66.56609,-67.05689,-72.116295,-76.79052,-81.829895,-72.900665,-79.89437,-66.138245,-75.48178,-82.412254,-78.918625
2742.0692249958247,4.123867186262561,11.860117864390748,0.0,-77.77777,-69.885704,-66.48733,-69.404785,-77.483734,-80.28612,-77.90632,-77.74734,-67.266396,-76.63424,-82.37436,-82.41995
2745.3889213941247,4.512161729422778,12.651365204660598,0.0,-78.39182,-70.53582,-68.521706,-65.80864,-77.95005,-77.962395,-79.36315,-74.318634,-68.70934,-76.08568,-81.91402,-84.144325
2748.708617792425,4.883268342350361,13.407587834125524,0.0,-77.67965,-71.60543,-70.32735,-64.745056,-77.93087,-76.831795,-77.325356,-74.04529,-70.5568,-74.2653,-77.8943,-83.900955
2752.028314190725,5.35970539801161,14.37844760987677,0.0,-75.58736,-77.480705,-70.17563,-64.0751,-77.59393,-75.33386,-73.46036,-77.299706,-74.307495,-72.3355,-76.31335,-82.26221
2755.348010589025,5.874121371056731,15.426698937725924,0.0,-76.306526,-78.33275,-69.087234,-63.129803,-76.96384,-74.85862,-72.04888,-80.093895,-77.89143,-71.34113,-74.51439,-79.654915
2758.667706987325,6.411329275640915,16.52139453198975,0.0,-80.241745,-78.59544,-67.82625,-61.202118,-77.22795,-76.620415,-74.11558,-78.845276,-74.930595,-72.76879,-75.393845,-78.28108
2761.987403385625,7.492742458754636,16.402284511059488,0.0,-82.26818,-78.563126,-68.43107,-62.337955,-76.32411,-75.18251,-73.421486,-77.61551,-75.27459,-73.10818,-75.43039,-77.4434
2765.307099783925,8.734919580617321,16.265467478222746,0.0,-80.92027,-80.28144,-70.28419,-64.04324,-73.00093,-73.03723,-73.4294,-77.865265,-76.17597,-67.92644,-74.90481,-78.4368
2768.626796182225,9.72169632847972,16.156780991941005,0.0,-81.03178,-81.09963,-72.279015,-66.86363,-69.44245,-73.4724,-74.229965,-81.17538,-76.08269,-67.66859,-75.19592,-79.46157
2771.946492580525,10.852742463250612,16.03220425208866,0.0,-81.05185,-80.57559,-73.840935,-70.14156,-64.81335,-73.62301,-75.305824,-83.54433,-78.625755,-68.36936,-75.12371,-80.809326
2775.266188978825,11.696210778025726,15.939302177104144,0.0,-81.493126,-80.12181,-76.85039,-72.59707,-63.029488,-73.84864,-73.48496,-82.78428,-81.232605,-70.63969,-72.63689,-80.0825
2778.585885377125,12.706242991963308,15.828054265555712,0.0,-82.058,-79.71073,-75.61493,-77.62639,-63.274952,-70.35974,-72.84799,-81.28214,-82.14701,-69.86474,-67.50941,-78.959
2781.905581775425,13.706281077434657,15.717907136640026,0.0,-79.97569,-79.22606,-74.064186,-80.084404,-64.40298,-66.1677,-73.972206,-81.88916,-81.86371,-70.427574,-65.83148,-79.09872
2785.225278173725,14.459068776892286,15.634992890689862,0.0,-80.34092,-78.71021,-74.38901,-79.07469,-63.724552,-66.36103,-74.26544,-82.97378,-81.64372,-70.8296,-70.414604,-79.27829
2788.544974572025,15.63146221211808,15.505862037849536,0.0,-79.48407,-78.28163,-79.79508,-76.306526,-66.44857,-65.08537,-71.88542,-81.14154,-83.07556,-71.62584,-72.87523,-75.06846
2791.8646709703253,16.65661148262071,15.392949089336527,0.0,-80.2221,-75.89801,-78.03735,-76.79376,-70.61409,-66.73784,-72.0121,-79.03058,-82.91426,-76.28852,-72.22508,-72.81767
2795.1843673686253,17.44949035626454,15.30561908383118,0.0,-81.301254,-75.359215,-77.6678,-78.80591,-75.62964,-74.581314,-75.10495,-78.92427,-79.58093,-79.6097,-71.69814,-73.005356
2798.5040637669254,18.34742832506669,15.20671756133434,0.0,-80.1332,-76.25067,-77.70737,-81.88494,-78.835915,-78.77167,-77.9483,-80.13259,-76.74385,-79.969734,-71.80709,-75.96004
2801.8237601652254,19.35347897845118,15.095908190547403,0.0,-78.56387,-77.29974,-79.33203,-83.77375,-74.34565,-76.736305,-80.02978,-80.88568,-78.08092,-78.23554,-71.9511,-80.965935
2805.143456563525,19.005803747373264,15.76278828422638,0.0,-80.83305,-75.37238,-76.57392,-82.520706,-76.65452,-79.39317,-77.888535,-80.60803,-76.4235,-79.66126,-72.136604,-78.338326
2808.463152961825,18.61213245280584,16.517893987286985,0.0,-82.79917,-73.53618,-75.43997,-79.03484,-75.45239,-76.20109,-74.32948,-79.266235,-80.63009,-79.70727,-73.82579,-75.21436
2811.782849360125,17.530028417374933,16.290434570412778,0.0,-82.69286,-73.45314,-76.05046,-76.40254,-73.78763,-71.77912,-73.40995,-78.016,-83.551834,-77.88973,-74.59194,-74.28437
2815.102545758425,16.399136933970283,16.052719980187824,0.0,-81.571625,-76.45161,-78.1943,-76.4973,-69.845375,-68.99718,-73.76895,-80.16017,-82.25928,-73.22254,-75.69398,-75.278595
2818.4222421567256,15.532215661542187,15.87049220850798,0.0,-81.127495,-77.40617,-78.62033,-77.61701,-65.97503,-67.64565,-74.17007,-82.58199,-81.95252,-71.12654,-75.12733,-77.20081
2821.7419385550256,14.449883816663736,15.642984905846086,0.0,-80.35931,-78.7004,-74.37665,-79.110985,-63.718742,-66.377785,-74.275116,-82.96333,-81.63948,-70.820854,-70.3699,-79.314896
2825.0616349533257,13.382249822906402,15.418567107091256,0.0,-79.04413,-80.2457,-73.689064,-79.56858,-64.96464,-65.65472,-73.76131,-81.54998,-81.28123,-70.61792,-63.55911,-77.81457
2828.3813313516257,12.223540446942062,15.17500516632225,0.0,-79.8131,-80.88809,-75.47822,-75.4356,-64.62439,-69.187614,-73.0815,-81.380196,-80.36502,-70.40363,-66.52591,-78.32646
2831.7010277499257,11.348848793631468,14.99114405233284,0.0,-79.50408,-80.86944,-76.192215,-70.643616,-64.62531,-72.36804,-73.36763,-81.323715,-76.09527,-70.403854,-70.617744,-79.697945
2835.020724148226,10.18231390447467,14.74593718038419,0.0,-78.41263,-81.27799,-71.60797,-67.4629,-64.78192,-73.19352,-74.945625,-82.84754,-73.1389,-66.200775,-75.02554,-81.455345
2838.340420546526,9.412431778526797,14.58410714029914,0.0,-78.24434,-81.45528,-70.88905,-65.70694,-65.13033,-72.50557,-75.32399,-81.78404,-71.92771,-65.09943,-74.89725,-81.812546
2841.660116944826,8.68576743556966,14.43136152407335,0.0,-78.33052,-81.55388,-70.45574,-63.91675,-65.777275,-72.351105,-75.28188,-79.173096,-70.93476,-64.29307,-74.2327,-79.94838
2844.979813343126,7.697874623015743,14.223705406250769,0.0,-78.15404,-80.03811,-69.99731,-62.75039,-69.13708,-72.80567,-73.97267,-75.39085,-71.144424,-64.46877,-73.37669,-78.8216
2848.299509741426,6.841199315317816,14.043631347233044,0.0,-77.62942,-77.5259,-69.902695,-63.37245,-72.8811,-73.284256,-74.886765,-73.58528,-71.393616,-65.910866,-73.56083,-80.171906
2851.619206139726,5.775680190219627,13.819658096115246,0.0,-77.38307,-73.14374,-70.311485,-64.17075,-77.79625,-75.42417,-75.40887,-73.089096,-72.3775,-74.050835,-76.176895,-82.92689
2854.938902538026,4.551834114333153,13.562404351881614,0.0,-77.29858,-72.60041,-70.0548,-64.827896,-77.55538,-76.45301,-76.900536,-76.116165,-71.15725,-73.3141,-79.4793,-83.97558
2858.258598936326,3.5883181265578696,13.359872268502894,0.0,-79.413475,-77.19214,-66.47834,-65.365326,-76.89287,-76.35962,-78.22958,-80.54253,-72.064476,-75.87799,-82.46115,-84.557304
2861.578295334626,2.648185861121129,13.162255468380978,0.0,-81.97473,-78.4279,-63.6652,-66.33157,-76.19385,-75.68413,-80.09143,-83.59598,-72.95607,-78.274345,-79.19157,-84.5706
2864.897991732926,1.473737306941665,12.915385135644406,0.0,-77.06056,-70.67621,-65.13914,-65.31983,-74.24304,-78.1652,-82.39924,-84.44134,-71.515434,-78.96522,-83.0151,-81.88111
2868.217688131226,2.3787603786778853,12.989356989718136,0.0,-81.36201,-78.46938,-63.40425,-66.609505,-75.80728,-75.71235,-80.87756,-83.99793,-72.54523,-79.07764,-78.94603,-83.776276
2871.537384529526,3.5199411338964683,13.082631138116176,0.0,-80.18343,-74.88986,-65.75908,-65.96603,-76.95177,-76.61983,-79.136345,-80.36969,-71.65826,-76.31516,-80.758156,-84.68423
2874.8570809278262,4.318654006584433,13.147913752350462,0.0,-77.991165,-71.72174,-68.990524,-65.22524,-77.37459,-77.05356,-78.390594,-75.99771,-70.57915,-74.605736,-81.50467,-84.21496
2878.1767773261263,5.070850161981387,13.209394333320734,0.0,-77.99522,-70.79183,-70.479355,-64.69143,-78.12796,-77.21365,-77.83677,-72.886566,-70.07109,-75.23158,-77.72,-83.88437
2881.4964737244263,6.206927228752292,13.302251332909115,0.0,-76.861496,-72.68946,-70.276955,-64.7186,-74.806946,-75.098694,-77.514465,-72.76236,-70.54459,-66.31012,-75.840385,-83.66722
2884.8161701227264,7.294597160011311,13.39115178633195,0.0,-76.34887,-77.721375,-69.82927,-65.991554,-68.01166,-72.94135,-77.78001,-76.961,-70.146675,-62.37695,-73.39282,-83.32848
2888.1358665210264,8.106577985350564,13.457518853645972,0.0,-76.389694,-79.3617,-70.02474,-66.39377,-65.40131,-72.46556,-77.03992,-80.09183,-70.13541,-61.91255,-73.823715,-83.25669
2891.4555629193264,8.900852926761173,13.522438734580865,0.0,-76.046074,-78.67014,-70.861755,-67.068115,-65.52815,-72.32344,-73.52124,-80.824165,-71.436905,-62.30355,-74.39911,-82.37292
2894.7752593176265,9.648894321929998,13.583579727172776,0.0,-75.73612,-77.76143,-71.94461,-67.644295,-65.729034,-72.36006,-70.942444,-78.80893,-72.495125,-63.602184,-73.86329,-82.67001
2898.0949557159265,10.727510692578536,13.67174018988682,0.0,-75.01422,-76.95579,-76.06167,-69.11088,-65.988525,-72.38878,-67.678055,-73.92294,-73.86494,-68.2854,-69.63367,-81.86637
2901.4146521142266,11.616087770513156,13.74436783441321,0.0,-76.01848,-76.5143,-74.38972,-70.594536,-66.54543,-70.916016,-66.84827,-76.2819,-73.33088,-68.91225,-64.80069,-78.68935
2904.7343485125266,12.41493047998832,13.809661060827642,0.0,-79.19183,-76.271545,-73.182365,-71.734276,-65.792465,-69.56755,-66.988655,-80.648476,-72.93256,-70.58308,-61.548172,-76.14253
2908.054044910826,13.408203206677394,13.890845980293951,0.0,-81.62617,-76.09654,-73.94808,-73.04981,-63.464996,-66.90093,-67.10809,-82.56842,-73.36309,-72.51056,-62.15392,-76.743835
2911.3737413091267,14.480978337786942,13.978529010628334,0.0,-79.12196,-79.041,-75.764,-77.38599,-64.57486,-63.98747,-67.27566,-81.87628,-73.925285,-73.477394,-65.826004,-74.62429
2914.6934377074267,15.405338954396106,14.054081414515828,0.0,-78.33816,-80.832756,-78.78717,-78.85946,-67.35603,-62.21972,-66.495224,-80.312294,-75.38302,-75.1273,-66.78186,-71.596054
2918.0131341057267,16.25296535765968,14.123361965000544,0.0,-77.78865,-79.02113,-81.08801,-80.27148,-70.39035,-66.54019,-67.89655,-79.30983,-77.34869,-77.95947,-67.370514,-70.85167
2921.332830504027,17.028257763172352,14.186730312699162,0.0,-77.40205,-78.4186,-81.388885,-80.88083,-72.78603,-71.09269,-71.68887,-78.75301,-79.10825,-78.49195,-68.02266,-71.96615
2924.652526902327,18.011573657805847,14.267101412771412,0.0,-78.1912,-77.80296,-81.60533,-82.19079,-74.31502,-74.49237,-77.662384,-79.48313,-78.55603,-78.222046,-69.95899,-74.73478
2927.972223300627,18.91581401920601,14.341009292194585,0.0,-78.14871,-77.75093,-82.26693,-83.26279,-74.44011,-73.43033,-79.324776,-80.55778,-79.76904,-77.747444,-71.34689,-78.101326
2931.291919698927,19.13368620068053,13.194205020104343,0.0,-78.51391,-77.88104,-84.44707,-82.824684,-72.61371,-69.92761,-74.682335,-79.203156,-82.011215,-77.26871,-72.93737,-77.28407
2934.611616097227,19.364176548676948,11.98098305680024,0.0,-80.77945,-78.80781,-82.23803,-81.93616,-73.61719,-70.48939,-69.835785,-77.46892,-78.12806,-79.727486,-77.88135,-76.14172
2937.931312495527,19.569956142301105,10.897830010458817,0.0,-83.15221,-76.300705,-83.22754,-81.53767,-74.07409,-75.6283,-68.81217,-75.89816,-73.116974,-82.63008,-79.07796,-74.677895
2941.251008893827,19.53541434725663,11.67606464424556,0.0,-81.728264,-78.17938,-82.33497,-82.1484,-74.386055,-71.74572,-69.068115,-77.062836,-75.491425,-80.36972,-78.39897,-75.97896
2944.570705292127,19.490551196962468,12.686841799710304,0.0,-79.61975,-78.206184,-82.521866,-81.98334,-73.455696,-69.51661,-70.89222,-78.473145,-82.21787,-78.63138,-75.136566,-76.99226
2947.890401690427,19.45051543612292,13.588856753919472,0.0,-78.532005,-77.97313,-84.6359,-83.20389,-73.00688,-69.97073,-76.04156,-80.46928,-81.67413,-77.3646,-72.63389,-78.86971
2951.210098088727,19.41779243285587,14.326113588173332,0.0,-78.29295,-77.9852,-82.74892,-83.54116,-73.1249,-72.0571,-79.019485,-81.166626,-79.82613,-77.700066,-71.79389,-80.015274
2954.529794487027,19.366084092545258,15.491114458381112,0.0,-79.44683,-76.246,-77.84961,-83.39892,-74.895645,-78.62184,-79.24383,-80.86398,-77.20052,-78.705536,-72.27598,-80.668076
2957.849490885327,19.320632790949684,16.515142798738644,0.0,-82.415276,-73.90889,-75.40938,-82.14713,-75.3202,-79.73211,-75.70566,-80.24593,-78.17503,-79.07437,-73.40204,-77.59222
2961.1691872836277,18.697849479212582,15.513305866085537,0.0,-80.560844,-75.77956,-77.02465,-82.22401,-78.072,-79.08755,-77.93799,-80.36902,-76.49887,-80.041794,-72.02702,-76.97665
2964.4888836819277,18.13220443124131,14.603384085668296,0.0,-78.63405,-77.4799,-80.163666,-82.28954,-76.1731,-76.17257,-77.87516,-79.91296,-77.7772,-78.80344,-70.47897,-75.027275
2967.808580080228,17.603722314593885,13.75324424934657,0.0,-77.91856,-78.13564,-83.63078,-81.08565,-71.68056,-71.533424,-76.499214,-78.72499,-80.001335,-77.51935,-69.16637,-74.385574
2971.128276478528,17.093728696796997,12.93284583452524,0.0,-78.53335,-79.320915,-85.59098,-79.1653,-69.82861,-68.199425,-72.317566,-76.643974,-79.706825,-76.73489,-69.62046,-72.9221
2974.4479728768274,16.474110655643045,11.936100696903036,0.0,-80.631996,-80.49606,-83.561905,-76.75592,-70.76906,-65.82168,-67.45578,-74.171555,-77.58624,-77.30206,-70.229614,-71.48702
2977.7676692751274,15.830034725573674,10.90001151144203,0.0,-82.50018,-80.68462,-78.187256,-75.671974,-73.31603,-65.15881,-64.86058,-72.65971,-76.95063,-78.464005,-71.07954,-70.54874
2981.0873656734275,15.237098451887448,9.946187851601678,0.0,-80.10471,-78.736176,-77.79393,-78.11177,-74.41284,-68.01701,-60.348724,-76.240814,-74.20689,-76.97363,-72.67691,-69.69679
2984.4070620717275,14.780323271430705,9.211398981899222,0.0,-78.96982,-76.107956,-78.29831,-79.914345,-75.3114,-69.5584,-57.715122,-78.55652,-73.72554,-75.68114,-72.91814,-68.806076
2987.726758470028,14.22225290248446,8.313662167034614,0.0,-78.60708,-75.97076,-79.075836,-80.86704,-75.497444,-71.75971,-61.734566,-79.82089,-75.25214,-76.5194,-72.83091,-67.72543
2991.046454868328,13.775539662966397,7.595059383016483,0.0,-80.110725,-77.25919,-78.057396,-81.47435,-75.625374,-72.28415,-65.23454,-79.41905,-76.85004,-78.674484,-73.06385,-67.09076
2994.366151266628,13.223246836895038,6.706616580568333,0.0,-82.90777,-79.33026,-75.58375,-81.967834,-75.81138,-73.38054,-70.94035,-78.354485,-77.621025,-80.678474,-73.27301,-66.29476
2997.685847664928,12.79727487709064,6.021379141536211,0.0,-80.20139,-77.64539,-75.3827,-81.5138,-76.773026,-73.1902,-69.30558,-77.185715,-75.57612,-79.01204,-74.30141,-65.17766
3001.005544063228,12.366414409902172,5.328277832116738,0.0,-74.95807,-73.74373,-75.03113,-80.160416,-78.326775,-72.267105,-67.075714,-74.539925,-73.43595,-76.60367,-81.23185,-64.03678
3004.325240461528,11.941578449744371,4.644867812638085,0.0,-73.22054,-73.24675,-75.41275,-78.62525,-78.775536,-72.16674,-66.072815,-72.69483,-73.38465,-74.131966,-83.79994,-62.585674
3007.644936859828,11.51651223597406,3.961087396958143,0.0,-73.44747,-73.62168,-76.40886,-75.94199,-79.07844,-73.045525,-65.36378,-69.44179,-73.77963,-73.27152,-82.99435,-61.652176
3010.964633258128,10.99304869997814,3.119020672666594,0.0,-74.59001,-73.476036,-78.42024,-75.4681,-78.23462,-76.12701,-64.88331,-65.55,-74.229294,-73.21565,-80.011894,-61.03742
3014.284329656428,10.590215100437808,2.4710046290005683,0.0,-75.64611,-73.34803,-81.7296,-74.93808,-76.38432,-81.29976,-64.98204,-63.828133,-74.244774,-75.5834,-77.93719,-64.82056
3017.604026054728,9.964027743357844,1.4636917976188966,0.0,-70.54973,-72.84627,-84.298935,-75.631935,-75.317986,-81.17985,-66.559,-64.22504,-74.264015,-78.214554,-82.55381,-66.358765
3020.923722453028,10.77830263853016,2.3831229604718103,0.0,-76.01341,-73.438194,-81.60412,-74.809235,-76.603745,-81.41237,-64.89678,-63.63894,-74.191666,-75.775635,-77.757835,-64.3824
3024.243418851328,11.559687138019497,3.265416229317695,0.0,-74.10336,-73.60224,-77.06652,-75.35553,-79.02937,-75.33038,-64.93006,-65.67062,-74.10427,-73.354836,-81.455246,-58.025055
3027.563115249628,12.201877882524602,3.9905401235877735,0.0,-72.71508,-73.01959,-75.14042,-77.21428,-78.8938,-73.066216,-65.55559,-69.33716,-73.38888,-74.16162,-83.73387,-57.52129
3030.882811647928,12.7066085176966,4.560452173652235,0.0,-72.81012,-72.61637,-74.50117,-78.71257,-78.432304,-72.410545,-66.50248,-72.30529,-72.14539,-75.76509,-83.76434,-57.73177
3034.202508046228,13.248903707687074,5.172779902406504,0.0,-76.224686,-74.2303,-74.65509,-79.555885,-77.33107,-72.34288,-67.799576,-73.67779,-72.014656,-78.16008,-77.9203,-58.9138
3037.522204444528,13.959099963520368,5.974691607195595,0.0,-81.2041,-80.00437,-74.873055,-81.11931,-75.363884,-71.173836,-70.40933,-77.37248,-74.53435,-80.91712,-73.201645,-62.763218
3040.841900842828,14.67441033125236,6.782377865366913,0.0,-81.283844,-79.707184,-76.12412,-82.53087,-74.6337,-69.48483,-64.88407,-78.26329,-76.17118,-82.04055,-72.51656,-66.22331
3044.161597241128,15.45972565743599,7.669109591765568,0.0,-79.077644,-79.053024,-77.0152,-83.34631,-74.59235,-69.34956,-58.652153,-79.462456,-75.61322,-80.13188,-72.39088,-68.54805
3047.4812936394283,16.062262005807106,8.349458081849825,0.0,-77.60234,-78.748085,-79.47386,-83.221085,-74.38778,-69.60372,-55.754948,-78.62663,-75.06198,-77.85101,-73.18648,-69.830345
3050.8009900377283,16.856543008802763,9.24631332145749,0.0,-79.45942,-78.03977,-83.1474,-82.449745,-73.711586,-71.18805,-62.382343,-75.08059,-73.24172,-77.6168,-74.83674,-70.45661
3054.1206864360283,17.422245905353474,9.885071651216402,0.0,-81.27162,-78.30086,-83.904625,-81.89274,-73.020424,-71.01779,-65.14066,-72.8215,-72.31817,-78.210526,-77.1517,-71.3062
3057.4403828343284,18.23838054659075,10.806602729585878,0.0,-82.036285,-79.4469,-83.06756,-82.42315,-72.91658,-70.98569,-68.01594,-75.0729,-72.353874,-79.232086,-78.767624,-73.719406
3060.7600792326284,19.02056126394412,11.68979504066056,0.0,-80.88757,-79.3267,-82.48945,-82.02542,-72.96516,-70.470215,-69.89981,-76.759605,-76.269104,-79.77277,-78.21889,-75.609085
3064.0797756309285,19.618933710135245,12.479137555961277,0.0,-80.17508,-78.36166,-82.24732,-81.826355,-73.90369,-69.73751,-70.50721,-78.53101,-81.47334,-79.253914,-76.54858,-76.827286
3067.3994720292285,18.49961502470728,12.30732413521965,0.0,-79.31596,-78.78652,-83.15141,-81.74175,-71.678116,-69.90338,-72.22644,-76.37761,-80.75884,-77.90425,-74.28153,-75.45404
3070.7191684275285,17.45692187711307,12.147272597793988,0.0,-79.65598,-79.609474,-84.56841,-79.54118,-70.09817,-68.59658,-72.104294,-75.27848,-80.575836,-77.27661,-72.42036,-73.11061
3074.038864825829,16.273652385710847,11.96564284245823,0.0,-80.76658,-80.670166,-82.898186,-76.53696,-70.948044,-65.23794,-66.78717,-74.03691,-77.20115,-77.19241,-69.83023,-71.293625
3077.3585612241286,15.03485200804756,11.775489195178617,0.0,-79.343544,-79.40416,-78.55502,-77.92403,-73.04718,-65.547806,-63.807846,-75.22402,-74.46469,-76.488075,-67.574104,-70.0577
3080.6782576224286,14.014723464817056,11.618901284255292,0.0,-75.13881,-78.22414,-77.3495,-81.01313,-74.05435,-70.78571,-62.80322,-78.18838,-72.269226,-76.174355,-67.26062,-70.989555
3083.9979540207287,13.169749317732824,11.489199260569988,0.0,-74.62245,-77.321014,-76.50955,-81.18638,-73.4269,-73.2784,-61.85389,-80.27844,-71.21396,-75.07029,-68.73217,-72.23829
3087.3176504190287,12.358787862410828,11.3647181243731,0.0,-76.15606,-75.4262,-74.67021,-75.55485,-72.53661,-72.218994,-61.52507,-78.55248,-70.227646,-73.64344,-68.39776,-73.67082
3090.6373468173288,11.244620778080462,11.193695465206703,0.0,-78.3332,-72.61659,-73.2248,-70.136024,-71.540596,-70.12805,-65.38023,-70.99242,-70.16493,-72.491104,-69.95193,-74.75001
3093.957043215629,10.476786468038934,11.075834268848151,0.0,-77.26456,-72.121666,-73.369736,-68.24498,-72.05707,-70.09284,-67.84712,-67.80862,-71.13586,-71.5303,-71.65749,-74.37934
3097.276739613929,9.239778519422163,10.885955756228512,0.0,-73.79402,-71.986916,-73.83646,-65.73641,-71.53035,-70.65882,-70.51501,-71.54063,-70.88366,-68.793686,-75.21967,-73.940216
3100.596436012229,8.026651224248702,10.699742881296384,0.0,-72.94818,-71.98915,-70.84899,-65.80396,-71.5108,-73.28865,-71.38726,-77.81675,-69.29425,-57.673576,-79.85606,-74.75623
3103.916132410529,7.064949898340268,10.552123443966156,0.0,-72.35422,-72.34958,-68.65388,-67.44817,-71.62804,-75.6934,-71.74711,-77.613976,-66.54975,-56.722908,-85.75164,-76.36404
3107.235828808829,6.098078325512367,10.403710382960314,0.0,-70.959595,-72.84611,-68.044426,-70.812675,-72.71298,-78.01261,-72.601494,-76.87847,-63.35122,-58.995773,-90.07887,-80.40687
3110.555525207129,5.115213788030084,10.252842430420149,0.0,-67.89858,-70.58964,-67.98076,-73.4649,-77.68485,-83.168945,-72.96762,-77.48212,-62.411613,-62.243355,-86.564156,-80.708916
3113.875221605429,4.242244011325395,10.118843127547487,0.0,-66.20424,-66.70975,-69.1527,-74.34066,-78.27758,-82.03545,-72.4241,-78.22646,-63.347027,-67.53451,-81.135826,-80.77397
3117.194918003729,3.466459260967446,9.999761552788264,0.0,-66.76233,-65.52622,-69.67572,-74.15626,-75.62384,-81.193474,-70.68197,-77.42793,-65.29289,-69.46313,-80.63959,-80.58658
3120.514614402029,2.3204296979782617,9.82384806000768,0.0,-71.290695,-65.53424,-72.56347,-74.18605,-75.415504,-80.16471,-68.05461,-77.26647,-69.80014,-73.6368,-82.56605,-81.09353
3123.834310800329,1.3719004053120325,9.678250506274075,0.0,-79.52237,-65.438965,-74.91625,-74.497856,-78.414246,-79.25932,-67.55907,-78.546394,-72.15396,-73.29456,-83.93667,-82.602234
3127.154007198629,2.355508770271828,9.64022805071628,0.0,-69.91672,-64.96452,-73.88043,-75.01345,-75.841064,-80.14254,-67.94049,-76.50784,-69.764694,-72.44259,-82.1647,-81.43889
3130.473703596929,3.4831400913110637,9.596638230502066,0.0,-65.59422,-65.34045,-71.71276,-74.515526,-77.17245,-80.54634,-69.99105,-76.2668,-64.865234,-66.52674,-80.09127,-81.568306
3133.7933999952293,4.407688182593184,9.5608988143237,0.0,-65.46556,-67.343704,-70.875656,-73.9184,-75.65774,-80.132645,-71.94383,-76.72919,-62.50462,-64.56873,-80.33818,-81.7631
3137.1130963935293,5.550254076673286,9.516731681878367,0.0,-65.81477,-70.52321,-71.20923,-70.42167,-70.97578,-77.80591,-72.49115,-74.9041,-61.49215,-60.61353,-85.52721,-81.70556
3140.4327927918293,6.637145215995261,9.474716717881268,0.0,-67.71798,-72.43243,-71.424706,-67.91941,-71.878105,-75.477356,-73.38769,-75.03007,-63.54979,-59.718082,-89.921776,-79.49162
3143.7524891901294,7.451691559557162,9.443229539395231,0.0,-68.930725,-72.421425,-72.66153,-67.08292,-72.75951,-73.554756,-73.41734,-75.25589,-67.04625,-64.5469,-90.031395,-78.77253
3147.0721855884294,8.567288739808058,9.400104912035818,0.0,-69.95202,-72.44303,-74.52388,-66.87639,-73.39469,-71.265884,-72.56711,-72.77398,-68.91795,-71.89577,-80.74467,-78.02546
3150.391881986729,9.335767101317552,9.370398541707402,0.0,-70.82152,-72.42595,-74.17085,-66.86539,-73.48324,-69.57581,-70.93275,-70.318924,-68.500374,-74.013374,-76.108696,-76.83275
3153.711578385029,10.540603957106878,9.323824257230353,0.0,-70.76638,-73.171875,-74.33315,-69.721016,-74.07251,-68.77757,-67.48126,-70.66903,-66.986084,-77.06998,-71.81631,-77.19397
3157.031274783329,11.742796867912707,9.27735217733412,0.0,-72.39716,-73.94865,-73.60821,-74.82208,-74.9419,-68.00878,-65.766235,-74.15193,-68.54068,-75.6841,-72.35025,-73.71526
3160.3509711816296,12.866734041826277,9.23390515841147,0.0,-73.4475,-71.99224,-72.31394,-77.700066,-74.47124,-66.66148,-64.72761,-77.739975,-69.681145,-74.284775,-72.584595,-70.10969
3163.6706675799296,13.667259389895207,9.202959976818708,0.0,-75.613106,-73.21217,-73.47861,-76.90722,-74.20487,-66.98962,-62.17626,-78.5961,-70.10776,-75.38347,-72.836494,-68.39924
3166.9903639782297,14.742372296905346,9.161400313254768,0.0,-78.94282,-75.98087,-78.30862,-79.99118,-75.314095,-69.56477,-57.769997,-78.64301,-73.81856,-75.65794,-72.91168,-68.72769
3170.3100603765297,15.799912940520844,9.120519924723222,0.0,-79.04581,-78.34081,-84.86601,-83.474884,-75.551216,-70.648026,-57.773426,-78.04516,-74.315506,-75.34008,-72.99689,-69.78607
3173.6297567748297,16.97106234204313,9.075247865581328,0.0,-78.51646,-77.70621,-81.33785,-82.141,-73.2443,-71.26793,-61.839474,-75.17778,-73.652954,-78.38984,-75.24516,-70.43521
3176.9494531731298,17.87634449091951,9.04025319544722,0.0,-77.36862,-76.003685,-76.50679,-80.61005,-71.14749,-71.613754,-64.24121,-72.98411,-74.4656,-81.304504,-76.341515,-70.879654
3180.26914957143,19.054087784022368,8.994726242225012,0.0,-78.0243,-74.297554,-73.87331,-79.1461,-72.449684,-72.25777,-67.607086,-75.989944,-73.95195,-83.89603,-75.11985,-72.914635
3183.58884596973,19.58279058789384,7.875135453192303,0.0,-80.25191,-76.482025,-76.56131,-77.97475,-78.842804,-73.053276,-68.72362,-78.1706,-79.61442,-77.8177,-76.87718,-76.053764
3186.90854236803,19.026216640164243,8.888367828434049,0.0,-78.094086,-74.39279,-74.10013,-79.15363,-72.83867,-72.08515,-67.51361,-75.97519,-74.07699,-83.977516,-74.73913,-73.14268
3190.22823876633,18.600259273982843,9.663815180305765,0.0,-79.06838,-75.10419,-79.40906,-79.831276,-71.79263,-73.61002,-66.69035,-73.624466,-73.58067,-81.864204,-77.97757,-71.740715
3193.54793516463,18.219099699194928,10.357708997801026,0.0,-82.234856,-77.96379,-83.3455,-81.97551,-72.48175,-71.4077,-67.15662,-74.25283,-72.66703,-79.74886,-78.59116,-72.589165
3196.86763156293,17.8404114294656,11.047103851044234,0.0,-81.611374,-80.33415,-82.93089,-82.030106,-73.31124,-70.37427,-68.03487,-75.27529,-73.5683,-79.1107,-78.17559,-73.53808
3200.18732796123,17.278015869407003,12.070934361739347,0.0,-79.873024,-79.856384,-84.441124,-78.9837,-70.2273,-68.21007,-71.09227,-75.01596,-79.88175,-77.34209,-72.09386,-72.768234
3203.50702435953,16.717306500772164,13.091695192747911,0.0,-77.864784,-80.01391,-85.03339,-78.9446,-70.07181,-66.89917,-69.418564,-76.58476,-78.064964,-77.07785,-68.056625,-72.24464
3206.82672075783,16.33419857083414,13.78913595404931,0.0,-76.49597,-79.818855,-82.29358,-80.69612,-70.729965,-66.86264,-67.55856,-78.23715,-76.45424,-77.755325,-66.79881,-71.12727
3210.14641715613,15.953441389855312,14.482297221203996,0.0,-79.03895,-79.231636,-80.220116,-78.3145,-69.05219,-63.750984,-68.01803,-80.19254,-78.801476,-75.873505,-68.68242,-70.99244
3213.46611355443,15.546395403863984,15.223316762095244,0.0,-78.72229,-78.94246,-79.94381,-76.03947,-66.357216,-64.09009,-70.568726,-80.81821,-83.31571,-71.85924,-71.66894,-74.150085
3216.7858099527302,15.12502451235697,15.99041452331998,0.0,-81.77674,-77.331276,-76.77556,-78.83103,-64.63918,-69.3701,-75.24163,-83.43217,-81.24378,-70.81115,-75.89131,-80.43172
3220.1055063510303,15.738096864671627,15.167582118215392,0.0,-78.73896,-78.96815,-80.378,-76.115005,-66.91477,-64.06731,-70.167366,-80.40316,-83.663445,-72.48125,-71.51081,-73.60198
3223.4252027493303,16.40818857078662,14.268221434110936,0.0,-78.17853,-78.445305,-80.78688,-80.09075,-70.99989,-67.30211,-68.71784,-79.30364,-78.192116,-78.23188,-67.85604,-70.814804
3226.7448991476303,16.944875974917597,13.547908756719508,0.0,-77.09326,-79.505646,-83.78411,-80.00664,-71.04428,-69.01636,-70.65316,-77.69173,-78.869606,-77.505775,-67.45884,-72.72732
3230.0645955459304,17.480194632641133,12.829433136396728,0.0,-78.49561,-78.90959,-85.66981,-79.544815,-69.61591,-69.28847,-74.62882,-76.75159,-80.88172,-76.363716,-70.90897,-73.50774
3233.3842919442304,17.94730184935504,12.202507206497431,0.0,-79.31541,-79.16327,-83.67033,-81.039154,-70.531555,-69.49446,-72.60917,-75.766304,-80.78079,-77.497246,-73.70575,-74.33192
3236.7039883425305,18.39441834303283,11.602411739028035,0.0,-80.75357,-79.74307,-82.52632,-81.791046,-72.46565,-70.10682,-69.90633,-76.07638,-76.76755,-79.08998,-77.36812,-74.839676
3240.0236847408305,18.91425199595122,10.904719250906162,0.0,-82.319,-77.99933,-83.04796,-82.51713,-72.90636,-72.12739,-68.5959,-75.51244,-72.63782,-80.83772,-79.11949,-74.40062
3243.3433811391305,19.566441934455877,10.02938534674509,0.0,-80.73034,-74.15844,-79.0385,-78.9087,-73.8718,-77.76182,-69.17831,-75.643524,-72.80724,-83.757805,-78.34212,-73.08499
3246.6630775374306,18.7939357340941,9.229092557578856,0.0,-77.710075,-74.488815,-74.73203,-79.517365,-71.44549,-72.55069,-66.577576,-74.43899,-73.98973,-83.09559,-76.361015,-71.8228
3249.9827739357306,17.953306937453462,8.358226842841637,0.0,-77.97693,-76.50587,-74.87241,-80.338936,-71.37447,-71.23789,-61.72435,-74.07917,-75.70832,-82.59021,-74.22103,-71.55054
3253.3024703340307,17.41470102720263,7.800247598177716,0.0,-79.54569,-78.89804,-75.69902,-80.67179,-72.466095,-70.65361,-52.947693,-75.21498,-76.9434,-80.83143,-74.31117,-70.95362
3256.6221667323307,16.897231318189853,7.264164811345799,0.0,-79.89743,-80.79067,-76.60426,-80.56079,-73.565834,-69.228516,-47.516964,-75.86071,-77.92053,-79.2443,-74.61018,-69.94798
3259.9418631306307,16.167683888451197,6.508375994244811,0.0,-79.92323,-81.99777,-77.48017,-80.685936,-74.58473,-67.60412,-57.26978,-74.05344,-78.14627,-78.7277,-75.28151,-69.04448
3263.261559528931,15.401442385725565,5.71457324016459,0.0,-79.46437,-81.72418,-77.486374,-79.42486,-75.42205,-68.237724,-65.89661,-73.180885,-76.81857,-79.923965,-74.92129,-67.80683
3266.581255927231,14.558678657086622,4.841495801194213,0.0,-77.7826,-78.388596,-76.939,-78.425705,-76.852295,-72.71027,-69.73835,-72.17405,-74.05091,-80.445854,-74.50693,-65.7351
3269.900952325531,13.936562556378927,4.197002554166005,0.0,-73.77143,-73.36289,-75.88264,-78.054474,-78.71752,-74.07919,-67.82482,-70.53878,-73.36826,-78.52105,-80.85766,-63.916504
3273.220648723831,13.304370978826087,3.542071421379981,0.0,-72.48761,-72.761154,-74.952805,-76.735596,-80.58578,-74.92614,-66.21146,-67.7301,-73.67385,-76.426926,-83.70872,-60.323788
3276.540345122131,12.688939244377258,2.904502973291396,0.0,-73.34177,-72.86251,-75.638245,-75.340675,-81.10466,-77.35651,-64.97627,-65.143936,-74.04724,-75.95047,-83.68258,-59.5489
3279.860041520431,11.994035121717232,2.1846035624306603,0.0,-73.51143,-73.75903,-78.1199,-74.39583,-80.66643,-80.46009,-64.06853,-63.416622,-74.32047,-76.16067,-81.47805,-60.90268
3283.179737918731,11.375198383785213,1.543507634907726,0.0,-71.72055,-73.960625,-81.980446,-75.2001,-80.16932,-79.91439,-65.31632,-63.074326,-74.27584,-78.25918,-81.54301,-63.859467
3286.499434317031,10.350050594508849,1.1652604149912675,0.0,-69.459785,-73.45488,-85.163994,-76.07512,-77.49788,-80.46015,-65.657364,-64.10007,-74.46242,-78.3915,-82.8234,-65.978294
3289.819130715331,9.75969901796008,1.7827959172903936,0.0,-71.94482,-72.35394,-83.81011,-75.09569,-74.608055,-81.42324,-66.15437,-64.22686,-74.4533,-77.77341,-82.54843,-66.62952
3293.138827113631,9.067191491694702,2.5071913454829806,0.0,-64.247734,-70.65704,-83.033585,-75.23305,-76.17829,-76.88989,-66.22624,-65.2751,-73.21338,-77.38074,-82.7744,-71.47494
3296.458523511931,8.434242056106163,3.1692862109208924,0.0,-61.4089,-71.45624,-83.03167,-77.13185,-77.911,-73.781685,-66.07566,-67.59761,-71.43322,-77.32379,-82.52859,-72.79316
3299.778219910231,7.845793926663179,3.784830618063733,0.0,-63.70802,-73.51474,-82.97725,-78.89452,-77.9115,-76.53319,-65.624855,-70.684,-67.35345,-78.03463,-81.15557,-74.45355
3303.0979163085312,7.181730289391413,4.479472401183164,0.0,-68.32871,-76.25999,-82.53307,-80.06469,-77.60726,-78.26114,-65.81514,-73.33871,-64.46027,-79.67727,-80.289154,-75.9364
3306.4176127068317,6.57128527962036,5.118026579252373,0.0,-70.132385,-75.09672,-80.99122,-79.92699,-77.21156,-78.457695,-67.57492,-75.92185,-63.67058,-73.15613,-80.0875,-75.039406
3309.7373091051318,5.853699894635633,5.868654626609585,0.0,-69.824486,-72.57979,-78.42057,-78.9733,-77.035484,-76.9332,-70.693436,-76.60084,-62.08092,-66.66378,-85.78122,-72.85304
3313.057005503432,5.013787058356011,6.747242938800821,0.0,-68.55283,-68.815765,-76.91377,-77.898506,-79.20463,-76.47796,-73.27979,-76.50814,-61.96013,-62.657692,-90.502205,-73.403275
3316.3767019017314,4.395240976191871,7.394271219435613,0.0,-66.641716,-66.46889,-77.14045,-77.14515,-78.449844,-76.66127,-74.492485,-76.6008,-61.883316,-62.233055,-85.26397,-78.39326
3319.6963983000314,3.8786432435097646,7.934656733781875,0.0,-64.966934,-65.00646,-76.85154,-76.025734,-79.0366,-77.37952,-72.96992,-77.055336,-63.06384,-62.129745,-81.04448,-81.90856
3323.0160946983315,3.226662671103574,8.616659063010628,0.0,-64.39078,-65.247406,-76.28519,-76.83924,-79.79095,-79.14072,-69.7977,-75.728325,-66.38055,-63.575253,-80.326744,-82.623245
3326.3357910966315,2.380679500861545,9.501597229901185,0.0,-68.951904,-64.80287,-74.62395,-75.65122,-76.21379,-80.108986,-67.85249,-76.05661,-69.856606,-71.261856,-81.89282,-81.68501
3329.6554874949315,1.8643753266206649,10.041675668317344,0.0,-76.96563,-66.2198,-72.34331,-72.71726,-76.47983,-79.965675,-67.92073,-78.8228,-71.180565,-75.96123,-83.45681,-81.559135
3332.975183893232,1.020096398500273,10.924831117829932,0.0,-80.08675,-67.617424,-69.37618,-67.44576,-78.01219,-79.5797,-69.34299,-83.18683,-74.15503,-74.80453,-85.380066,-82.08898
3336.294880291532,1.8006451072773346,10.9688378056843,0.0,-79.50127,-67.59721,-66.7351,-69.84473,-73.66466,-79.92656,-69.71843,-81.385605,-71.18435,-79.519905,-84.96553,-80.09118
3339.614576689832,2.816256265134895,11.02609711916811,0.0,-77.039154,-67.54675,-66.46357,-70.56842,-72.85322,-80.76536,-71.34645,-80.38349,-68.41704,-82.24739,-85.30037,-78.29505
3342.934273088132,3.922380717239304,11.08845949699858,0.0,-71.442116,-67.34584,-66.70291,-71.82662,-77.85637,-82.3236,-73.83741,-79.53265,-65.81802,-74.97491,-83.434944,-79.53548
3346.253969486432,5.047598366451178,11.151898333422606,0.0,-72.20768,-71.79883,-66.65894,-73.12581,-81.85061,-84.42053,-74.81002,-78.86449,-63.647976,-66.74077,-88.66173,-81.846504
3349.573665884732,5.885710955563017,11.199150425036011,0.0,-72.83867,-73.02712,-67.16374,-72.989136,-77.927025,-81.76166,-74.56713,-79.888115,-64.422134,-62.07398,-88.96094,-81.41834
3352.893362283032,6.800680267789618,11.2507356348592,0.0,-73.2819,-73.219246,-68.02938,-69.02803,-71.69482,-76.68466,-72.950775,-79.85672,-66.26924,-58.287148,-82.71117,-79.7617
3356.213058681332,7.711055417436971,11.302061829612212,0.0,-73.58995,-72.49382,-69.37282,-67.07924,-70.669334,-74.05391,-70.693985,-80.50731,-68.8272,-55.874264,-79.52977,-75.725044
3359.532755079632,8.481147849745579,11.345479001284575,0.0,-74.250694,-72.174866,-71.9528,-65.99552,-70.41725,-72.057106,-70.014885,-78.93332,-70.52623,-58.18747,-77.19132,-74.238655
3362.852451477932,9.292542059513558,11.39122473286364,0.0,-74.654755,-72.101425,-73.93365,-66.171974,-70.6675,-70.94749,-69.472824,-72.09086,-71.75781,-66.28527,-74.09366,-72.96463
3366.172147876232,10.468933214279302,11.457548689024588,0.0,-77.26514,-72.42772,-73.41757,-68.20658,-71.10493,-70.45294,-66.55775,-67.68366,-71.71709,-70.95886,-71.20827,-73.98731
3369.491844274532,11.652889276039655,11.52429914835826,0.0,-78.67332,-73.11467,-73.29049,-71.15555,-69.55606,-70.91107,-63.2319,-73.29342,-70.41463,-72.658195,-67.189415,-74.809654
3372.811540672832,12.737256588886922,11.585434876749527,0.0,-75.67895,-76.38104,-75.36403,-77.2019,-71.92219,-72.66155,-61.81632,-80.42532,-70.579865,-73.95222,-67.408424,-73.27159
3376.131237071132,13.911177664333646,11.65161957189019,0.0,-74.873856,-78.252594,-77.18561,-81.38517,-73.877396,-71.149155,-62.757587,-78.55503,-72.11318,-76.06308,-67.1879,-71.304924
3379.450933469432,15.124997128723134,11.720053705058682,0.0,-79.79649,-79.58217,-78.58987,-77.40641,-73.16579,-65.22817,-63.897495,-74.82909,-74.89795,-76.61273,-67.9655,-70.15818
3382.770629867732,16.232427611233053,11.78248971579859,0.0,-81.14481,-80.75145,-82.042244,-76.18777,-71.34483,-65.32671,-66.60423,-73.495514,-77.174736,-77.441315,-70.05722,-71.1692
3386.090326266032,16.98703315968553,11.825033749823,0.0,-80.45276,-80.29601,-84.01501,-78.19678,-70.846176,-67.32688,-69.09542,-74.38867,-78.67015,-77.63717,-71.86089,-72.163574
3389.410022664332,17.84690148513526,11.87351241178019,0.0,-80.02215,-79.60749,-83.0943,-81.09745,-71.43995,-69.50103,-70.796295,-75.31985,-79.83445,-78.06134,-74.26477,-73.931564
3392.7297190626323,18.87670380879619,11.9315718114044,0.0,-80.38253,-79.13885,-82.44257,-81.74407,-72.67201,-69.9423,-70.54215,-76.759415,-78.34911,-79.11227,-77.26165,-75.71681
3396.0494154609323,19.230948898693207,12.868363193713927,0.0,-78.89571,-78.04569,-83.046234,-82.30637,-72.962814,-69.64044,-72.25809,-78.56849,-82.242775,-77.867714,-73.908264,-77.01736
3399.3691118592324,19.634727464765582,13.936144489335735,0.0,-78.469,-78.062515,-84.34547,-83.55652,-72.63798,-70.17156,-77.48704,-81.05845,-80.835304,-77.56587,-72.34807,-80.37658
3402.6888082575324,18.75839929229011,14.333353894199938,0.0,-78.15178,-77.67531,-82.163895,-83.1407,-74.45838,-73.79182,-79.36552,-80.35223,-79.53536,-77.81222,-71.21922,-77.468925
3406.0085046558324,17.887777903741878,14.727976610288607,0.0,-79.083046,-77.09034,-79.40254,-81.64857,-76.870026,-76.705475,-77.17504,-79.67744,-77.88069,-79.26333,-70.05469,-74.3807
3409.3282010541325,16.83890649437355,15.203393926974192,0.0,-80.32045,-75.54422,-78.21399,-77.923935,-72.10702,-67.54865,-71.91384,-78.862015,-82.115715,-77.957855,-71.45712,-72.18418
3412.6478974524325,15.91394078333628,15.622649054380462,0.0,-79.85098,-77.86958,-79.75727,-76.12327,-67.342094,-65.56336,-72.19072,-80.53901,-83.09338,-72.18227,-73.495255,-74.807625
3415.967593850733,15.019227098831578,16.028191979175475,0.0,-81.83261,-77.34427,-76.33521,-79.161285,-64.50102,-69.541145,-75.43068,-83.4867,-81.03626,-70.771965,-75.78037,-81.0131
3419.2872902490326,14.103304377476215,16.443348230541282,0.0,-82.50754,-77.35758,-76.12726,-80.30757,-64.09144,-71.27657,-74.70801,-82.62834,-81.00483,-70.067635,-70.70294,-81.18968
3422.6069866473326,14.95383484624774,15.599751406660642,0.0,-80.51408,-78.353485,-76.212555,-77.9654,-64.32257,-66.67198,-73.988914,-83.2545,-82.08126,-70.99917,-73.27262,-78.45538
3425.9266830456327,15.644488734607268,14.91472782665598,0.0,-78.48522,-79.548164,-80.1141,-76.56637,-66.79716,-63.405617,-69.4028,-80.588715,-82.4026,-72.793045,-70.362305,-72.9782
3429.2463794439327,16.17008503133912,14.393416265405463,0.0,-78.89202,-78.73416,-80.531876,-79.12567,-69.959335,-64.875626,-68.13466,-79.83532,-78.54964,-77.303764,-68.32937,-70.81611
3432.5660758422327,17.002521111523656,13.5677663220923,0.0,-77.179344,-79.40514,-83.77766,-80.07886,-71.09365,-69.3034,-71.095474,-77.810486,-79.09851,-77.53436,-67.57912,-72.886406
3435.885772240533,17.681712597335665,12.89411170150551,0.0,-78.33138,-78.61863,-85.66287,-79.926926,-69.65542,-69.71811,-75.56224,-77.02877,-80.94281,-76.23383,-71.313,-73.84051
3439.205468638833,18.325480660349847,12.255591726954847,0.0,-79.30485,-78.9287,-83.27893,-81.7098,-71.28269,-69.93106,-72.501236,-76.14538,-80.718216,-77.80373,-74.14635,-75.106606
3442.525165037133,18.972044211270067,11.614299053711642,0.0,-81.00725,-79.37952,-82.52348,-82.05649,-72.88254,-70.54225,-69.84964,-76.625175,-75.77026,-79.832085,-78.31256,-75.503
3445.844861435433,18.430715285738145,10.741258501724538,0.0,-82.27642,-78.77366,-83.11042,-82.53914,-72.680786,-71.24716,-68.05167,-75.062386,-72.38829,-79.76133,-78.903244,-73.70955
3449.164557833733,17.81570073111503,9.74937977342517,0.0,-80.21137,-76.92857,-82.44579,-81.10623,-72.14909,-71.604645,-65.53002,-72.82648,-73.41799,-79.57949,-77.650925,-71.356476
3452.484254232033,17.29973021379594,8.917236571754035,0.0,-77.61426,-77.086586,-77.962395,-81.44079,-72.22421,-71.24551,-62.216835,-74.5458,-74.52441,-79.90673,-76.22918,-70.51483
3455.803950630333,16.784759114464777,8.086705204202032,0.0,-78.13802,-79.38716,-76.0833,-81.86857,-72.61384,-69.758095,-55.534283,-77.58235,-75.12202,-80.606026,-73.52655,-70.380325
3459.123647028633,16.329206124610362,7.352001745799052,0.0,-79.15846,-80.145676,-76.56501,-81.963196,-73.37623,-68.31515,-50.191135,-78.02687,-76.04867,-81.18204,-73.25863,-69.50452
3462.443343426933,15.93316120675762,6.713271285655824,0.0,-80.13013,-80.90383,-76.712036,-81.37494,-74.09131,-67.01552,-58.48458,-75.82154,-76.65973,-80.1559,-73.70337,-68.920364
3465.763039825233,15.49003422755692,5.998608158904168,0.0,-79.70679,-81.31006,-77.11873,-80.052,-75.060844,-67.06657,-64.63417,-74.117355,-77.05796,-79.75488,-74.253426,-68.02398
3469.082736223533,14.956162811140404,5.137594874568,0.0,-79.05293,-80.388664,-77.59238,-78.78703,-76.017136,-71.10909,-69.27075,-72.22098,-75.26485,-80.76474,-74.6476,-67.1294
3472.402432621833,14.409843682907876,4.256506259536814,0.0,-75.33073,-75.43547,-77.038605,-78.09412,-78.040146,-74.06059,-68.767715,-70.37418,-74.491005,-79.65446,-77.48383,-67.24188
3475.7221290201333,14.013813213688636,3.617799101756297,0.0,-73.09413,-73.331764,-76.37931,-77.45875,-80.170235,-75.06189,-67.5436,-68.80674,-74.66653,-78.231155,-82.54856,-65.97738
3479.0418254184333,13.510316203776776,2.805772833207331,0.0,-73.56631,-73.04327,-75.21855,-75.76506,-81.36811,-77.21643,-66.05286,-66.03867,-74.438896,-77.84442,-82.72432,-63.488995
3482.3615218167333,12.970240387569998,1.934753261820608,0.0,-74.477425,-72.899254,-76.03667,-74.26676,-81.613304,-79.357414,-64.74716,-63.602055,-74.72919,-78.60088,-81.69689,-62.361744
3485.6812182150334,12.425991582870545,1.057003608213536,0.0,-74.84803,-72.30198,-78.61974,-76.551,-80.81322,-78.11729,-66.73024,-62.680588,-74.841805,-80.586296,-81.754745,-62.864574
3489.0009146133334,13.128911854037774,1.9342171031312816,0.0,-74.5313,-72.74013,-75.95753,-74.37005,-81.58696,-79.02579,-65.00609,-63.75818,-74.9284,-79.02403,-81.52682,-62.47315
3492.320611011633,13.839152493569722,2.820566094890848,0.0,-73.5531,-73.471886,-75.43505,-75.92879,-81.22849,-76.63905,-66.46471,-66.37349,-75.0056,-78.93938,-82.330826,-65.37058
3495.640307409933,14.398980047685011,3.519206190276419,0.0,-73.22516,-74.03677,-77.09197,-77.673965,-79.76451,-75.098236,-67.91842,-68.82582,-75.275185,-79.260864,-81.374146,-68.41619
3498.960003808233,14.867059169511547,4.1033482888869175,0.0,-76.04466,-76.80673,-78.227455,-77.989265,-78.00825,-74.195015,-69.19041,-69.75164,-75.95318,-80.4274,-76.0275,-70.70345
3502.2797002065336,15.41196391944584,4.783365382850367,0.0,-78.555214,-80.992935,-78.89036,-78.27599,-76.66855,-72.359665,-69.49183,-69.969376,-76.1493,-80.67488,-75.337975,-71.13987
3505.5993966048336,16.001159639061033,5.518655653446727,0.0,-78.948074,-82.15745,-79.22793,-78.84893,-75.9339,-70.603226,-64.83117,-70.11709,-78.08648,-79.21734,-76.86493,-70.232254
3508.9190930031336,16.53843480857441,6.189151367560551,0.0,-79.65026,-82.6763,-78.57806,-79.31153,-75.414024,-70.7942,-55.34129,-71.11591,-80.281395,-77.76703,-77.92285,-69.52807
3512.2387894014337,17.10774468280883,6.899624980220873,0.0,-80.92862,-81.743286,-77.39963,-79.252625,-74.79368,-70.37812,-45.39422,-72.891266,-80.078964,-77.323944,-76.379486,-69.903
3515.5584857997337,17.70048881471468,7.639343512847195,0.0,-79.807755,-79.091705,-76.078064,-79.729294,-73.245575,-70.800125,-51.882553,-73.955696,-78.32457,-78.9938,-74.58452,-71.07764
3518.8781821980338,18.2965426798155,8.383192446519393,0.0,-78.20292,-75.86997,-74.762825,-79.91153,-71.970024,-71.317894,-63.903694,-74.51996,-75.595726,-83.166504,-74.34483,-72.07952
3522.197878596334,18.771297799091023,8.975665895489957,0.0,-77.551926,-74.58724,-73.86847,-79.493706,-71.643555,-72.00881,-66.31368,-74.63489,-74.209984,-83.37055,-75.42874,-72.125946
3525.517574994634,19.364106138241848,9.715464555926031,0.0,-79.514786,-73.88654,-76.94926,-78.967674,-72.92366,-75.852585,-68.74105,-75.73338,-73.21593,-83.594795,-77.543274,-72.67291
3528.837271392934,18.74364457080601,10.498507153461889,0.0,-82.447136,-77.24989,-83.30564,-81.40104,-72.643936,-72.50176,-67.9275,-74.85351,-72.5719,-80.965034,-78.82628,-73.363625
3532.156967791234,18.03377948575612,11.394379886393027,0.0,-81.01928,-80.12286,-82.657646,-81.78366,-72.95476,-70.09958,-69.106255,-75.59231,-76.25167,-79.05468,-77.17411,-74.07772
3535.476664189534,17.420477165326087,12.168387282288608,0.0,-79.63964,-79.62241,-84.63432,-79.38529,-70.01518,-68.512474,-72.168915,-75.296165,-80.5197,-77.22547,-72.263794,-73.05607
3538.796360587834,16.77625427884889,12.981417434186486,0.0,-78.24366,-79.91856,-85.414246,-78.823555,-69.90211,-67.03209,-69.84515,-76.48185,-78.35192,-76.94805,-68.54988,-72.37648
3542.116056986134,16.093599054836993,13.842950441042673,0.0,-76.935875,-79.796616,-81.205376,-80.54011,-70.00972,-65.684425,-67.05604,-78.84127,-75.942505,-77.753,-66.59955,-71.01528
3545.435753384434,15.477546983249267,14.620428111975588,0.0,-78.412834,-80.14795,-79.445885,-77.16706,-66.571014,-62.577515,-68.22067,-80.82722,-80.28164,-72.98872,-69.05094,-72.34941
3548.755449782734,14.711468096582184,15.587244483555615,0.0,-80.345436,-78.59086,-74.86825,-78.44132,-63.950935,-66.404625,-74.2094,-83.18923,-81.85113,-70.95972,-71.80101,-78.9647
3552.075146181034,14.12877209078393,16.32262571891508,0.0,-81.97904,-77.52093,-75.74359,-80.48649,-64.1193,-70.347,-74.78146,-82.55724,-81.098785,-70.140625,-70.43852,-81.14297
3555.394842579334,13.78806281212059,15.441662805433468,0.0,-79.47032,-79.836426,-73.67098,-79.24128,-64.22318,-65.33094,-73.58243,-82.1738,-81.19323,-70.70009,-65.79312,-78.00343
3558.714538977634,13.487419492084952,14.66429737477524,0.0,-78.75013,-78.41764,-73.55985,-76.12179,-64.313835,-65.67532,-70.83075,-82.60179,-77.33041,-71.34063,-63.75777,-76.38279
3562.0342353759343,13.209999497149608,13.946979877714098,0.0,-80.94602,-76.18391,-73.653275,-72.60816,-63.97858,-67.317314,-67.31576,-82.36377,-73.30976,-71.99628,-61.773968,-76.63684
3565.3539317742343,12.7619377267638,12.788438483692223,0.0,-82.40791,-75.43193,-73.93384,-71.5344,-62.925934,-70.3046,-64.1988,-81.16648,-71.369705,-73.03408,-60.877316,-76.98702
3568.6736281725343,12.45847760958023,12.003789735620796,0.0,-79.26324,-75.35883,-73.97111,-72.85351,-67.62664,-71.13711,-62.580067,-79.18606,-70.58217,-73.35901,-64.076065,-75.27946
3571.9933245708344,12.080632660635388,11.026806107899665,0.0,-75.908295,-74.403336,-74.40096,-74.811134,-73.94305,-71.70178,-62.64209,-76.2932,-69.96292,-73.68386,-69.94063,-73.69599
3575.3130209691344,11.741599767757029,10.150177780523396,0.0,-73.208755,-73.23918,-73.870094,-74.28993,-74.83383,-70.13801,-65.319916,-74.37673,-69.08634,-75.26059,-71.38971,-73.77725
3578.6327173674345,11.32881456495537,9.082850068378596,0.0,-71.558754,-74.0151,-74.290825,-73.07145,-75.01331,-68.37603,-66.36159,-72.51776,-67.88138,-76.3769,-72.42777,-75.11088
3581.9524137657345,11.016575971709276,8.275503048401244,0.0,-71.62373,-73.56973,-76.111145,-73.71698,-74.838425,-68.823685,-67.58876,-71.61442,-68.01428,-76.82871,-72.97413,-73.80953
3585.2721101640345,10.592264162815184,7.178371297676739,0.0,-70.978165,-73.90975,-79.24472,-76.08657,-75.63642,-72.43227,-67.38604,-69.828415,-73.71598,-72.28499,-78.71939,-70.66298
3588.5918065623346,10.184439321615358,6.123869460500231,0.0,-71.796486,-72.54476,-79.089584,-77.43534,-78.05782,-73.327034,-66.36544,-69.72173,-76.99083,-71.66683,-84.35787,-70.119804
3591.9115029606346,9.794679500939548,5.116077866071962,0.0,-71.6032,-74.21294,-78.56658,-76.7618,-79.08849,-73.15533,-65.77524,-72.38004,-75.21427,-72.40916,-82.44667,-69.9993
3595.231199358934,9.364623605201642,4.004093782880698,0.0,-67.42433,-73.74592,-81.67024,-76.49435,-77.67197,-73.225784,-65.3062,-70.31849,-73.240746,-73.845314,-82.05651,-71.6651
3598.5508957572347,9.050690745833055,3.192365944085213,0.0,-64.12613,-71.484344,-82.52164,-76.04591,-77.20276,-73.80489,-65.64406,-67.435844,-72.55069,-76.3444,-82.29177,-72.05882
3601.8705921555347,8.746441410798166,2.405676536421535,0.0,-62.190765,-70.40389,-83.159134,-75.26922,-76.638626,-75.96211,-67.80848,-65.38468,-72.658615,-77.484634,-85.28812,-72.01462
3605.1902885538343,8.45526330566571,1.6527850600111944,0.0,-62.638615,-71.06567,-82.40857,-74.182076,-74.12704,-78.283844,-72.42865,-65.23473,-72.90305,-78.4677,-87.89503,-72.18095
3608.509984952135,7.455617530789288,1.1720987458296137,0.0,-60.94795,-72.29164,-79.831665,-74.52843,-73.66525,-80.13638,-70.65588,-66.47241,-75.00579,-76.216866,-87.11027,-71.9731
3611.829681350435,8.364651385515286,1.4466382785743848,0.0,-62.631584,-71.564285,-82.14915,-74.14578,-73.33815,-79.883545,-71.963356,-65.5887,-73.5055,-78.301346,-87.36229,-72.212036
3615.149377748735,9.213304822054202,1.7029421738785548,0.0,-68.197845,-71.45831,-83.700615,-74.76551,-73.78984,-80.92201,-69.28571,-64.5622,-74.01832,-78.33698,-85.54095,-68.80895
3618.469074147035,10.020247630071353,1.946648940478088,0.0,-74.155045,-72.61271,-83.54874,-75.12898,-75.182724,-81.67802,-65.75498,-64.14112,-74.59063,-77.42069,-79.89872,-65.949104
3621.788770545335,10.917991248516616,2.2177786814126024,0.0,-75.95288,-73.423515,-81.82837,-74.79144,-77.03499,-81.438995,-64.90439,-63.484768,-74.13972,-76.20533,-77.61227,-64.17725
3625.108466943635,11.739719293668864,2.4659507735591286,0.0,-74.375885,-73.64259,-78.81692,-74.77066,-79.74768,-79.9903,-64.32772,-63.799255,-74.32366,-75.16874,-80.57262,-60.35956
3628.428163341935,12.486123287339996,2.6913740651075715,0.0,-73.73331,-73.078674,-76.14395,-75.17221,-81.176476,-78.523735,-64.618286,-64.31874,-74.23678,-75.72815,-83.23001,-59.902637
3631.747859740235,13.33328291746396,2.9472268122910865,0.0,-73.65604,-72.94915,-75.19988,-75.80383,-81.31598,-76.82962,-65.81595,-66.31875,-73.97924,-77.393974,-83.11169,-61.873604
3635.067556138535,14.119997130818485,3.1848242916535274,0.0,-73.479416,-73.77362,-76.128395,-76.89247,-80.81939,-75.7148,-67.22921,-67.97768,-75.19712,-78.994995,-82.307465,-66.9475
3638.387252536835,14.904767664049352,3.42183475543874,0.0,-73.70232,-75.10438,-77.90599,-77.68685,-79.22829,-75.369156,-68.434135,-68.73425,-76.13163,-80.65091,-79.361336,-71.486534
3641.706948935135,15.615784092722109,3.6365705621271633,0.0,-76.58559,-77.570465,-79.35466,-77.96795,-77.815956,-75.180275,-70.0469,-68.195854,-76.63015,-81.55002,-75.335396,-72.69133
3645.026645333435,16.737621893549814,3.975379533931073,0.0,-78.6369,-77.105705,-80.28367,-78.441505,-76.90964,-76.288284,-65.545685,-66.83242,-77.56558,-81.60244,-77.29985,-72.75184
3648.3463417317353,17.586303443460327,4.231691919823203,0.0,-79.19364,-76.08129,-79.462845,-78.42454,-76.33118,-78.56287,-64.82158,-65.984314,-78.252625,-80.845314,-79.28338,-72.79349
3651.6660381300353,18.539366607537367,4.519528851728046,0.0,-79.08872,-75.829544,-78.85042,-78.64174,-76.779854,-80.08303,-66.307846,-65.948,-79.850296,-79.6625,-80.632065,-73.34795
3654.9857345283353,19.25167738146212,4.734655566784564,0.0,-79.0484,-76.33879,-78.69244,-78.83552,-77.199875,-80.32949,-68.28608,-67.39307,-79.78894,-79.2844,-81.39233,-73.93761
3658.3054309266354,18.241194354237585,5.003644140539237,0.0,-80.39702,-77.08267,-78.85085,-79.98591,-77.35498,-79.4962,-60.550247,-65.98495,-80.63514,-78.105545,-81.5043,-74.16406
3661.625127324936,17.433897528087233,5.218544951351771,0.0,-80.6984,-79.291306,-79.41942,-79.465,-77.917076,-76.36911,-54.95478,-65.738914,-81.651855,-78.32188,-80.52097,-73.563324
3664.944823723236,16.51713971446738,5.4625840595012445,0.0,-79.011345,-81.542625,-79.94311,-79.10016,-76.33521,-72.93785,-61.036057,-67.80614,-79.73267,-78.616104,-78.3855,-71.50084
3668.264520121536,15.78006355838185,5.658792267489252,0.0,-79.1968,-82.451035,-78.486244,-79.12695,-75.62303,-68.91637,-65.04013,-71.64789,-77.67051,-79.26996,-76.09374,-69.3072
3671.584216519836,14.660461909753078,5.95682800141466,0.0,-80.5162,-80.49082,-75.506836,-80.58959,-75.07126,-69.22206,-67.613304,-76.138145,-75.092415,-80.65248,-72.998535,-65.68429
3674.903912918136,13.557882694000694,6.250332397536374,0.0,-82.40116,-79.786705,-75.34,-81.99706,-75.60285,-72.37817,-71.214455,-78.22292,-75.74303,-81.17307,-73.26297,-65.12693
3678.223609316436,12.762253952967557,6.462127187278225,0.0,-81.83313,-78.952255,-75.12222,-81.33556,-76.30055,-73.39418,-70.78144,-77.664635,-77.68843,-79.666145,-73.87018,-67.073456
3681.543305714736,11.906460565051134,6.6899376864576094,0.0,-77.14766,-76.09647,-74.95801,-79.79375,-76.63531,-71.81191,-68.89076,-73.70273,-78.221596,-76.42321,-75.84715,-69.1057
3684.863002113036,11.09496881361606,6.90595517804453,0.0,-72.624054,-74.05483,-78.277954,-78.014,-76.007256,-72.28155,-67.71816,-71.301155,-76.29452,-72.22734,-78.100655,-69.73661
3688.182698511336,9.898333703863871,7.224497066235476,0.0,-70.20343,-73.12229,-80.204575,-74.610695,-74.03281,-72.78344,-66.71548,-68.90447,-69.3016,-72.22821,-81.969185,-71.41379
3691.502394909636,9.126646447792012,7.42991868025859,0.0,-70.69498,-72.11523,-80.31439,-72.398895,-72.84019,-73.16847,-66.99268,-69.929565,-63.6733,-72.12656,-82.80195,-72.275185
3694.822091307936,8.339281110316287,7.6395137683949885,0.0,-71.32283,-70.32046,-79.62429,-70.62525,-72.31159,-74.14745,-68.79466,-71.32939,-62.28699,-71.07337,-85.193825,-73.96388
3698.141787706236,7.180140964925902,7.948074571585066,0.0,-69.70011,-70.38702,-76.7104,-68.83138,-71.33571,-75.66304,-72.268234,-73.903275,-63.558304,-68.882675,-87.82686,-75.83958
3701.461484104536,6.386963566205012,8.159216818874851,0.0,-68.50917,-70.29108,-74.4744,-69.18755,-70.26688,-76.00623,-73.342674,-73.77083,-61.85904,-65.364914,-87.4183,-77.103195
3704.781180502836,5.408917022489412,8.419570865179171,0.0,-65.938805,-68.86001,-73.892746,-70.25143,-69.16421,-76.74544,-73.64219,-74.656105,-61.43411,-62.301773,-82.59299,-80.47739
3708.100876901136,4.647605704495856,8.622230425105528,0.0,-64.996254,-67.61327,-73.48462,-71.872894,-71.75138,-77.51093,-72.84565,-75.4394,-61.583145,-62.94537,-80.80914,-82.7283
3711.420573299436,3.86247965817306,8.831229418387071,0.0,-64.63979,-66.15241,-74.483864,-74.902725,-78.66664,-78.7209,-71.404,-76.23254,-63.269814,-63.963985,-79.95654,-82.68823
3714.740269697736,2.894153226758765,9.088995990113174,0.0,-64.9062,-64.443535,-75.29519,-76.48613,-78.513824,-80.01931,-68.41545,-74.889915,-68.46599,-65.40354,-81.190895,-82.472084
3718.059966096036,2.0302572136230967,9.3189633920239,0.0,-71.2132,-64.46453,-75.682846,-76.090935,-77.52381,-79.899,-67.3731,-76.55821,-70.733536,-71.101036,-82.27708,-82.2506
3721.379662494336,1.1745204505552294,9.546758817781129,0.0,-79.79067,-65.15133,-72.84816,-74.79588,-78.90605,-78.88601,-67.6251,-78.30286,-72.49322,-72.45889,-84.28652,-82.881294
3724.699358892636,1.91400283363991,9.947107435321753,0.0,-75.88617,-66.14258,-72.89269,-73.291214,-76.53204,-79.986336,-67.84138,-78.488365,-71.040184,-75.15919,-83.19697,-81.612625
3728.019055290936,2.677493357233936,10.360453828174542,0.0,-72.31376,-66.2342,-68.31998,-72.34365,-73.03547,-80.535126,-69.26155,-78.28538,-68.25281,-76.75353,-83.948814,-79.58965
3731.338751689236,3.69545193270386,10.911566765717424,0.0,-70.61002,-66.73496,-66.97403,-72.04694,-77.032455,-81.9447,-73.10236,-79.82475,-66.07188,-75.405495,-82.594345,-79.00714
3734.658448087536,4.429514320780726,11.30898105032722,0.0,-73.43627,-70.01633,-66.5145,-71.63106,-79.46277,-82.4417,-75.102844,-78.663666,-65.24537,-72.11023,-85.716225,-81.282524
3737.978144485836,5.487969340847911,11.882018371710314,0.0,-73.6849,-71.86077,-67.92007,-68.79482,-78.136536,-80.7799,-75.73511,-76.64527,-65.34021,-66.18131,-84.58922,-83.403206
3741.297840884136,6.194146221660072,12.264335712108572,0.0,-75.78313,-72.737854,-69.66795,-68.10526,-73.962105,-76.95568,-75.72681,-75.853775,-67.18121,-62.741932,-77.978676,-83.54816
3744.617537282437,7.048034413028927,12.72662252889896,0.0,-75.91643,-75.68489,-69.88924,-67.97066,-67.93182,-73.6932,-78.56471,-77.351585,-69.18749,-61.062824,-74.75943,-84.35416
3747.937233680736,7.835584072210095,13.152994305306333,0.0,-75.96562,-78.705574,-69.80308,-67.30267,-65.60973,-72.576454,-78.0452,-80.13209,-69.75125,-61.242996,-73.84252,-84.4398
3751.256930079037,8.863786448648092,13.709653137720736,0.0,-76.32085,-79.32163,-70.626945,-66.51078,-65.31729,-72.34752,-74.17457,-80.63403,-71.381485,-62.685143,-74.4549,-82.26554
3754.576626477337,9.62172540723701,14.119993966917349,0.0,-76.92571,-79.82083,-71.10214,-66.74232,-65.24833,-72.72299,-74.247086,-81.27791,-72.3908,-64.20042,-74.798645,-82.44662
3757.896322875637,10.391069674389742,14.536509519975672,0.0,-77.727264,-80.38983,-72.51713,-67.93476,-64.982346,-73.07818,-74.24409,-82.1209,-73.54144,-67.35132,-73.68405,-81.3856
3761.2160192739366,11.329678176499751,15.04466309445858,0.0,-79.571365,-81.07148,-76.12229,-70.52337,-64.522156,-72.62353,-73.49773,-81.67378,-76.288216,-70.51075,-70.907616,-79.82984
3764.5357156722366,12.373350057625975,15.609696967249382,0.0,-81.23277,-80.33497,-75.70468,-76.46896,-63.587006,-70.503716,-72.79304,-81.46106,-81.93727,-70.152596,-67.749504,-78.951965
3767.8554120705367,13.439244471388344,16.186761904501815,0.0,-82.40906,-78.33236,-75.21998,-79.07984,-63.444397,-69.73947,-72.90767,-81.55853,-81.8372,-69.818306,-66.26145,-79.533455
3771.1751084688367,14.21691770168333,16.607786677733362,0.0,-82.97995,-77.12331,-76.67907,-80.28098,-64.10072,-72.550156,-74.95658,-82.900894,-80.68321,-70.21766,-72.15522,-81.555756
3774.4948048671367,13.503933012468966,15.936209281570273,0.0,-81.07413,-78.88018,-74.58904,-79.98723,-64.216675,-67.514786,-73.441345,-81.48702,-81.888824,-70.17323,-65.089615,-79.36335
3777.814501265437,12.939904801275002,15.404937568213349,0.0,-79.55963,-80.65199,-73.965805,-79.602135,-64.88763,-66.53002,-73.60983,-81.1666,-81.373764,-70.424095,-62.979317,-77.87075
3781.134197663737,12.075330434829551,14.590574215689491,0.0,-78.33967,-78.74579,-74.95533,-73.37987,-65.944756,-69.66267,-70.68055,-80.395744,-76.43986,-69.71502,-64.80412,-77.51335
3784.453894062037,11.206983168319317,13.772657078014536,0.0,-75.47704,-76.87872,-75.41249,-69.92695,-66.210045,-71.70517,-67.026245,-75.163704,-73.45219,-68.48274,-67.39537,-80.25337
3787.773590460337,10.361952838848568,12.976702723131917,0.0,-74.303535,-75.64331,-75.37511,-68.19384,-66.57948,-72.29369,-65.92279,-70.39169,-73.5128,-67.454025,-70.00245,-79.37463
3791.093286858637,9.774144590169549,12.423032021554825,0.0,-74.54312,-73.81579,-75.02566,-67.3986,-67.62498,-71.47313,-66.44802,-70.420364,-72.6699,-66.25227,-72.129944,-74.83614
3794.412983256937,9.156481606458463,11.84124042829622,0.0,-74.633125,-72.603676,-74.05491,-66.69586,-69.2112,-71.35861,-68.285515,-74.717445,-71.728645,-62.853985,-73.77585,-73.15967
3797.732679655237,8.339348284038358,11.071562934108128,0.0,-73.697845,-72.08713,-71.747475,-65.822395,-71.05329,-72.58557,-70.68231,-78.23573,-70.11819,-58.16978,-78.73671,-74.283455
3801.052376053537,7.492652905385889,10.274040229426616,0.0,-71.6975,-72.05369,-69.7057,-66.42252,-71.93689,-73.926285,-72.03404,-77.02325,-67.38872,-57.68302,-84.506035,-75.81755
3804.372072451837,6.58618762120703,9.42021881576924,0.0,-67.48782,-72.444725,-71.5588,-68.02993,-71.81262,-75.52474,-73.43158,-74.87306,-63.403584,-59.924732,-89.70831,-79.54119
3807.691768850137,5.789884050298509,8.670161364612207,0.0,-66.259125,-69.37184,-73.0339,-69.44555,-69.754715,-76.46689,-73.664604,-74.04461,-61.719925,-62.38314,-84.876114,-80.32835
3811.011465248437,4.922663791413744,7.853305782476969,0.0,-67.1181,-67.74524,-76.22966,-73.33283,-72.37229,-76.80954,-74.369545,-75.78546,-61.047695,-61.929985,-84.78992,-79.48787
3814.331161646737,4.22301983035207,7.19429433844614,0.0,-66.41354,-65.84656,-76.663734,-77.28839,-79.00636,-76.37598,-74.86197,-76.8502,-62.24413,-62.305824,-85.12346,-77.6351
3817.650858045037,3.3884301848373406,6.4081743144424514,0.0,-65.78295,-62.01121,-72.17985,-76.589676,-77.00509,-75.06749,-77.93918,-77.44919,-66.137764,-64.73961,-83.35455,-77.013504
3820.970554443337,2.5909338058617752,5.6569933287300405,0.0,-65.83235,-61.297592,-72.55762,-75.87544,-80.013504,-75.94902,-77.583145,-76.929886,-67.11641,-67.748505,-83.61734,-76.3949
3824.290250841637,1.931457782808545,5.035817029864357,0.0,-66.16486,-61.275513,-72.693695,-77.687386,-82.18243,-78.74585,-76.725716,-76.17695,-68.17611,-73.65829,-85.891014,-75.892044
3827.609947239938,1.091218471152942,4.244375449684954,0.0,-68.29644,-66.29862,-77.42599,-79.09448,-81.77941,-78.54796,-75.56198,-75.82742,-70.02218,-72.24553,-89.90361,-79.285736
3830.929643638237,1.4621149627928154,3.486217884294491,0.0,-67.932495,-70.23969,-76.93628,-79.00846,-80.79406,-78.99523,-73.16353,-75.35322,-71.13749,-73.12962,-91.48062,-78.82269
3834.2493400365374,1.9052500553467284,2.580395827514394,0.0,-68.12194,-69.969246,-74.79354,-78.00439,-79.013,-79.09651,-72.97449,-74.915726,-72.13132,-73.59025,-95.83976,-79.96704
3837.5690364348375,2.328250076678147,1.7157323066630554,0.0,-67.83623,-70.81139,-73.95567,-76.99433,-77.86057,-78.95277,-73.25296,-75.34154,-72.835724,-74.09436,-96.473755,-80.40502
3840.8887328331375,3.010647025287821,1.1924363264698357,0.0,-66.84581,-72.36887,-74.618515,-76.79596,-78.05242,-80.097176,-73.155624,-76.85024,-74.641685,-75.91948,-94.01204,-80.21525
3844.2084292314375,2.022558289286036,1.5325006882217542,0.0,-68.00891,-71.616844,-74.70011,-76.6646,-77.68788,-78.65759,-73.40723,-77.31771,-73.3798,-74.95227,-95.48013,-80.33715
3847.5281256297376,3.0398458406956825,2.2350683506355096,0.0,-67.119354,-70.534584,-74.24042,-77.94898,-79.01334,-80.18223,-71.34031,-74.09881,-72.24507,-74.06422,-94.56807,-79.05302
3850.8478220280376,4.062885106211153,2.941608310094089,0.0,-65.13146,-71.03587,-76.26708,-80.3342,-80.506165,-82.49931,-66.542725,-73.800835,-71.388214,-74.59839,-85.836075,-75.325195
3854.1675184263377,4.87931060991294,3.5054549401603987,0.0,-65.23654,-74.59029,-76.503586,-80.64433,-80.059746,-80.86919,-68.19047,-75.67022,-68.37267,-77.745865,-83.49103,-76.60995
3857.4872148246377,5.835442355738665,4.165786667107738,0.0,-66.95206,-76.01178,-75.84238,-80.056595,-79.0923,-78.615395,-70.543175,-76.0739,-65.37695,-81.226364,-82.33067,-78.54869
3860.8069112229377,6.728921187439845,4.782848512929632,0.0,-69.61752,-75.87675,-81.143265,-80.107315,-77.47416,-78.3027,-67.40553,-74.687096,-63.77732,-77.17624,-80.25585,-75.961586
3864.126607621238,7.384445094730746,5.235571932737059,0.0,-71.17875,-74.83035,-83.61891,-78.99171,-77.29545,-78.80978,-66.21803,-73.26948,-62.96257,-73.74231,-79.51466,-73.603516
3867.446304019538,7.99589505181503,5.657856631332283,0.0,-72.36364,-73.12223,-83.69923,-75.82759,-75.4468,-77.64824,-66.41333,-71.92906,-62.55169,-71.39265,-79.60652,-72.54183
3870.766000417838,8.954081140363492,6.319607145683942,0.0,-71.88459,-71.41182,-81.49885,-73.91565,-74.692474,-75.82176,-66.560844,-71.40792,-67.589966,-70.444565,-81.78559,-71.36207
3874.085696816138,9.898122399168916,6.971588839062577,0.0,-70.47488,-72.900665,-80.2516,-75.32431,-74.31924,-73.38473,-66.668976,-68.92777,-71.25307,-71.823944,-83.030876,-71.02791
3877.405393214438,10.723867010001698,7.541871509070331,0.0,-71.15746,-74.80095,-78.65048,-75.09834,-75.262665,-70.95202,-68.14063,-70.46056,-71.308395,-73.53382,-76.03627,-71.30068
3880.725089612738,11.470935564048249,8.057818260755248,0.0,-72.7872,-73.79709,-75.33353,-75.9754,-74.86926,-68.71823,-68.021385,-72.660805,-70.45914,-75.40343,-73.334564,-71.6074
3884.044786011038,12.431565234744316,8.721256382308017,0.0,-72.719894,-72.29656,-73.32185,-77.755196,-74.48232,-66.92946,-65.63737,-77.17137,-68.99743,-74.174736,-72.51578,-70.14929
3887.364482409338,13.400671061354082,9.390548377761323,0.0,-74.82605,-72.70059,-72.26327,-77.02138,-74.444466,-66.863174,-62.94754,-78.41841,-70.2907,-75.072235,-72.81323,-68.87753
3890.684178807638,14.221113424981883,9.957169165325734,0.0,-77.131905,-76.086586,-73.81781,-76.02176,-74.39649,-68.06033,-60.21726,-77.53726,-72.17583,-76.88685,-73.06266,-68.7143
3894.003875205938,15.04438499753656,10.525743884892435,0.0,-80.35212,-79.13562,-75.908554,-74.824036,-73.71396,-66.668755,-62.125603,-74.30826,-75.10273,-78.458176,-71.66811,-69.52735
3897.323571604238,16.074335799410647,11.237057147569391,0.0,-82.26741,-80.99776,-79.40453,-75.6322,-72.647385,-65.301094,-65.9991,-72.49789,-77.10401,-78.13638,-70.812065,-70.75573
3900.643268002538,17.038975211291916,11.903264510215765,0.0,-80.283485,-80.21736,-84.17977,-78.29277,-70.59649,-67.45391,-69.51659,-74.55848,-78.87074,-77.54124,-71.81891,-72.28457
3903.9629644008382,17.772808965861966,12.410070933664247,0.0,-79.061874,-79.05263,-84.963104,-80.34885,-69.65386,-69.164116,-73.519516,-76.076324,-81.41519,-76.966034,-72.68868,-73.901245
3907.2826607991374,18.45402634349479,12.88053899349249,0.0,-78.22512,-78.070435,-85.15111,-81.83002,-70.277084,-70.265144,-75.33005,-77.63587,-81.78475,-76.80121,-72.87928,-75.76681
3910.6023571974383,19.33910546902768,13.49179976377833,0.0,-78.499825,-77.924286,-84.72056,-83.13088,-73.08579,-69.99486,-75.839264,-80.16181,-81.83008,-77.27476,-72.669136,-78.32486
3913.9220535957375,18.357434400638287,13.085535214803164,0.0,-78.02,-77.8672,-85.517815,-81.45617,-69.86963,-70.5616,-76.71844,-77.966324,-81.83816,-76.481995,-72.35413,-75.65244
3917.2417499940384,17.576770606979665,12.762457521831818,0.0,-78.560585,-78.86967,-85.62799,-79.58865,-69.51151,-69.318504,-74.83636,-76.681725,-81.0005,-76.364845,-71.32896,-73.60003
3920.5614463923375,16.62078439311538,12.36682264930852,0.0,-79.739655,-80.25279,-85.55244,-77.63899,-69.914665,-66.05977,-69.00901,-75.09555,-78.03075,-76.73511,-69.78085,-71.8318
3923.8811427906394,15.485289001203467,11.896897907597086,0.0,-79.88539,-80.453354,-79.821884,-76.79144,-72.2863,-64.389786,-64.54457,-74.09986,-76.20544,-76.65804,-67.87434,-70.52707
3927.2008391889385,14.795950158160272,11.611615043328218,0.0,-78.78696,-78.86384,-77.687256,-78.14721,-73.7111,-66.95718,-63.50986,-75.624794,-74.03928,-76.49917,-68.13849,-69.63931
3930.520535587239,13.76613851808762,11.18542751987404,0.0,-74.84083,-77.422966,-76.092575,-80.60413,-75.15706,-71.55964,-62.251186,-78.58233,-72.11482,-75.71022,-70.04583,-70.90581
3933.8402319855386,12.915039569550768,10.833200239683478,0.0,-74.256134,-76.27135,-75.61032,-81.35385,-75.34657,-72.85361,-61.298916,-79.91456,-70.75329,-75.14501,-71.550354,-71.73713
3937.159928383839,11.891056890999518,10.40942503182028,0.0,-73.61745,-73.59901,-74.25909,-74.77255,-74.915344,-70.91689,-64.69564,-75.12892,-69.52948,-74.89491,-71.278885,-73.40827
3940.479624782138,10.76300258059068,9.942579781516995,0.0,-72.94557,-72.5342,-73.42719,-69.56026,-73.89083,-68.667366,-67.83417,-70.562935,-67.71233,-74.88779,-71.41814,-75.39081
3943.799321180439,9.77417418604172,9.533353173276035,0.0,-71.11517,-72.311554,-74.0744,-67.35015,-73.564674,-68.5907,-69.56465,-69.90173,-68.06939,-74.72301,-73.698654,-76.16501
3947.1190175787383,8.95273969159864,9.193402526726896,0.0,-70.421646,-72.569305,-74.44442,-67.36216,-73.53825,-70.45898,-72.082794,-71.2181,-68.986,-73.13911,-78.39578,-78.05909
3950.438713977039,7.851578946572231,8.737687177835857,0.0,-67.81415,-72.886475,-75.23231,-67.6198,-73.26003,-72.630554,-73.46362,-73.98982,-68.32907,-70.98877,-90.16738,-80.07318
3953.758410375339,6.91073717236696,8.348319831315585,0.0,-68.17712,-71.23004,-74.56488,-68.15255,-71.49858,-75.07305,-73.323715,-73.41784,-64.1608,-67.389305,-88.763084,-77.485275
3957.078106773639,5.780153564904213,7.8804278314849725,0.0,-68.49395,-69.23464,-76.08376,-70.458954,-69.23555,-76.890854,-73.735596,-74.706924,-61.137173,-63.20703,-86.58421,-76.82271
3960.397803171939,4.668334515709374,7.42030154366005,0.0,-67.202324,-67.158195,-77.18128,-76.63137,-76.71863,-76.81596,-74.37209,-76.34235,-61.47322,-62.178574,-86.60129,-77.332985
3963.717499570239,3.723559796408918,7.029306547902992,0.0,-64.887344,-63.559395,-75.327255,-76.86966,-77.25315,-75.82527,-76.64316,-77.38843,-63.945126,-62.586044,-83.19676,-78.7277
3967.037195968539,2.826617203965164,6.658106876740599,0.0,-65.99948,-59.826164,-72.41771,-75.69776,-77.03853,-74.54647,-80.84109,-77.584564,-66.82075,-64.70009,-82.32203,-79.20052
3970.356892366839,1.813209785429579,6.238708239990581,0.0,-65.91373,-57.663467,-71.80104,-74.418274,-77.99963,-74.994026,-81.16493,-76.28576,-68.00391,-67.20452,-84.14029,-78.82758
3973.676588765139,1.1222060014232715,5.952736339942591,0.0,-67.47684,-55.906944,-71.22644,-73.24584,-79.14901,-77.03697,-80.605446,-76.110405,-69.09946,-71.19847,-87.05889,-79.75587
3976.996285163439,1.294218611785184,6.830664956861448,0.0,-66.73295,-56.417664,-71.61277,-72.810234,-77.356705,-75.49979,-78.37091,-75.76196,-69.69036,-67.26979,-85.66881,-80.27307
3980.315981561739,1.5224961751948212,7.995762126750133,0.0,-68.31169,-59.17553,-69.5232,-74.38674,-76.58654,-77.581055,-73.3183,-76.92245,-70.39203,-66.95981,-83.38229,-82.304756
3983.635677960039,1.704078594075621,8.922533725235795,0.0,-71.5768,-63.557426,-72.96422,-75.89589,-77.78825,-79.1144,-67.27996,-76.89953,-71.13463,-69.877914,-82.82192,-82.64726
3986.955374358339,1.9364750802742283,10.108653308421436,0.0,-76.68087,-66.35197,-71.61944,-72.45121,-76.015625,-80.005066,-68.010025,-78.81218,-70.97648,-76.583534,-83.49271,-81.288994
3990.2750707566393,2.1775014765126106,11.338818761089623,0.0,-78.96262,-68.51842,-65.71283,-69.2288,-71.75537,-79.67448,-71.29101,-81.867836,-69.953835,-82.47914,-85.6866,-78.66297
3993.5947671549393,2.4100402507871355,12.525664562971857,0.0,-80.0178,-76.64453,-63.856483,-67.26367,-75.346466,-76.70628,-80.82931,-84.324394,-71.15703,-79.64649,-79.152534,-82.34088
3996.9144635532393,2.6217981178741896,13.606447483376792,0.0,-80.27275,-78.373085,-64.37559,-65.38387,-76.22798,-75.35569,-78.838326,-82.93605,-72.95397,-78.90283,-80.20231,-85.25899
4000.2341599515394,2.7967517070985486,14.499386450406972,0.0,-75.17119,-78.38819,-68.6759,-63.326275,-76.26438,-75.09636,-74.78958,-80.91434,-73.14132,-80.59257,-86.59327,-84.828
4003.55385634984,2.990603987372122,15.488781727585026,0.0,-72.47244,-78.67856,-72.740875,-61.683144,-76.69816,-74.71847,-71.68918,-80.2124,-73.43385,-81.23493,-88.08361,-84.076355
4006.873552748139,3.1975022190920277,16.544761739949475,0.0,-74.67448,-76.86846,-73.66802,-62.461166,-78.1142,-75.52068,-70.430214,-79.86189,-76.408905,-79.57555,-80.9715,-83.94549
4010.19324914644,4.291664079281267,16.640197791255854,0.0,-77.22883,-77.265686,-71.60972,-59.911446,-78.247574,-75.473946,-72.49951,-79.6507,-73.25554,-77.59936,-78.13902,-81.274055
4013.51294554474,3.6932154146764185,16.008706945871648,0.0,-75.28854,-77.684616,-71.98854,-60.7591,-77.7606,-74.70216,-70.45577,-80.55149,-73.76398,-78.60605,-80.07147,-82.73237
4016.83264194304,2.833498091240246,15.101522000064088,0.0,-72.722626,-78.900116,-72.15512,-62.32596,-76.33229,-75.02442,-72.66846,-80.07763,-73.05363,-81.67293,-89.19593,-84.25298
4020.15233834134,2.165129535681296,14.396250772736956,0.0,-75.50301,-78.69687,-69.415,-63.696095,-76.38625,-76.20029,-76.72927,-81.312645,-72.892235,-81.98705,-84.096855,-85.53852
4023.47203473964,1.4999014012429577,13.694293358783655,0.0,-77.91421,-75.792244,-66.05559,-65.434456,-75.333725,-77.61291,-80.88706,-82.620636,-72.447296,-79.83035,-80.15197,-83.95625
4026.79173113794,2.4620852353410534,13.676947554157652,0.0,-79.46358,-78.45555,-64.804405,-65.24492,-76.23174,-75.34592,-78.90586,-82.85302,-72.93447,-79.473465,-80.35098,-85.26859
4030.11142753624,3.6730895737681424,13.655116128694877,0.0,-78.93086,-77.9984,-67.36773,-64.688675,-76.74635,-75.94972,-76.955666,-80.76368,-72.470184,-75.48875,-83.47066,-84.37475
4033.43112393454,4.44259113937142,13.641243910784596,0.0,-77.10942,-73.64432,-69.958046,-64.75672,-77.377014,-76.27641,-76.659584,-76.91075,-71.52411,-73.18223,-79.9329,-83.994995
4036.75082033284,5.210868976621984,13.627393753682414,0.0,-77.38756,-71.701164,-70.40207,-64.53532,-77.94359,-76.485634,-76.51087,-73.78465,-71.645294,-74.44171,-77.38381,-83.68503
4040.07051673114,6.142253686512742,13.610603181406216,0.0,-77.52256,-73.14042,-70.288376,-64.14819,-75.89585,-74.854195,-76.547585,-72.34964,-71.50148,-68.74036,-75.43403,-82.94163
4043.39021312944,7.191396633562267,13.591689718157973,0.0,-76.66361,-77.77422,-69.83167,-64.77049,-69.59137,-73.08578,-77.13524,-75.83063,-70.46186,-63.233902,-73.33022,-82.21742
4046.70990952774,8.127449214849548,13.574814995657675,0.0,-76.59513,-79.66695,-70.06583,-65.92902,-65.36909,-72.52059,-76.70645,-79.82812,-70.18357,-62.177265,-73.81221,-82.819016
4050.02960592604,9.010707632548574,13.558892021892436,0.0,-76.07908,-78.61511,-70.954445,-67.04967,-65.52913,-72.315384,-73.16071,-80.514694,-71.62332,-62.454567,-74.467674,-82.366875
4053.34930232434,9.81777818259368,13.544342527726796,0.0,-75.43858,-77.41893,-73.092384,-67.92194,-65.82464,-72.455505,-70.04018,-77.73134,-72.771515,-64.65757,-73.222534,-82.77657
4056.66899872264,10.89249300165327,13.524968066610898,0.0,-74.91224,-76.61199,-75.576004,-69.22931,-66.25704,-72.03961,-66.79951,-73.14768,-73.81352,-68.15929,-68.40729,-81.08985
4059.98869512094,11.729984399678813,13.509870159484109,0.0,-76.81227,-76.14975,-73.354385,-70.30566,-66.539604,-70.72168,-66.26957,-76.20591,-73.14491,-69.37917,-63.860653,-77.63282
4063.30839151924,12.4854864517215,13.496250318321882,0.0,-80.842255,-75.877426,-73.41952,-71.257904,-64.92757,-69.86106,-65.96297,-80.8528,-72.07365,-71.2399,-61.317825,-76.43727
4066.62808791754,13.439799539977964,13.479046403857396,0.0,-82.09164,-76.22907,-74.16418,-73.086845,-63.114338,-67.53396,-65.87923,-82.12225,-71.497375,-73.23392,-61.627506,-76.83256
4069.94778431584,14.469594622399622,13.460481734953714,0.0,-79.04984,-79.02416,-76.62371,-78.765366,-65.51789,-64.65165,-66.00713,-80.57269,-71.61396,-74.81464,-64.33164,-74.052086
4073.26748071414,15.562003258580896,13.440788297895793,0.0,-76.55186,-81.022255,-79.34957,-80.64372,-68.94564,-63.44783,-65.86202,-78.532524,-73.37689,-77.40215,-65.173744,-71.4317
4076.58717711244,16.535256715642404,13.423242935232746,0.0,-76.68093,-80.17972,-83.77549,-79.611115,-70.548164,-66.90556,-68.17109,-77.09163,-77.1853,-77.393845,-66.64001,-71.95189
4079.90687351074,17.784145645173048,13.400728543903854,0.0,-77.81212,-78.011635,-85.15425,-80.789764,-70.715294,-70.82722,-77.095024,-78.1047,-80.42281,-76.77147,-70.50288,-74.45681
4083.22656990904,18.874757738644615,13.381067494086022,0.0,-78.183914,-77.733826,-85.03693,-82.48729,-71.44561,-70.3909,-76.77494,-79.24768,-81.68214,-76.87236,-72.32362,-77.07234
4086.546266307341,18.209890484371748,13.997000097245234,0.0,-78.00306,-77.58787,-83.058754,-82.19598,-73.129074,-73.06318,-78.2794,-79.445786,-79.68502,-77.53863,-70.84344,-75.954025
4089.86596270564,17.634660878512296,14.529892439700482,0.0,-78.49674,-77.448494,-80.1064,-81.42466,-75.284134,-75.041084,-76.414986,-79.53651,-78.45325,-79.0678,-69.14864,-73.42538
4093.185659103941,16.72834258063223,15.369505136696072,0.0,-80.310875,-75.70173,-78.01341,-77.05624,-71.07107,-66.907234,-72.075294,-78.94993,-82.713455,-76.757576,-72.11999,-72.643036
4096.5053555022405,16.051057836795426,15.996941294320726,0.0,-81.208725,-76.93036,-78.82276,-76.95869,-68.16242,-67.74215,-73.85448,-81.18744,-82.01211,-72.16085,-75.67536,-75.989746
4099.8250519005405,15.540939497846562,14.899406585234107,0.0,-78.400795,-79.72636,-79.87339,-76.49078,-66.49622,-63.236034,-69.313385,-80.77179,-82.32894,-72.50928,-70.250305,-73.15177
4103.144748298841,15.204434039085424,14.17540512794777,0.0,-78.428474,-81.07866,-78.322105,-78.05166,-66.36792,-62.02425,-66.858505,-80.76018,-76.41838,-73.68976,-67.181274,-71.99883
4106.464444697141,14.853911308230913,13.421245094749636,0.0,-77.88093,-80.60329,-77.53236,-79.47236,-66.690926,-63.838486,-65.859375,-79.767525,-71.976395,-75.57804,-64.366486,-72.73027
4109.784141095441,14.460222140774732,12.574211195194248,0.0,-76.56048,-79.693016,-77.54114,-80.975975,-69.26684,-68.18487,-64.222435,-78.82559,-71.712135,-76.61116,-63.998783,-71.80035
4113.103837493741,14.051633791058968,11.69512126389416,0.0,-75.264206,-78.366844,-77.394165,-81.090385,-73.74168,-70.58018,-62.942627,-78.23641,-72.19778,-76.24017,-66.84338,-71.00855
4116.423533892041,13.566982649903572,10.652379984855754,0.0,-74.739815,-76.06057,-74.351265,-79.59576,-75.16447,-71.37511,-61.77331,-78.679405,-71.54644,-75.716606,-72.14163,-70.57653
4119.743230290341,13.211900963062195,9.888411222876975,0.0,-74.25787,-73.659935,-72.56931,-78.36769,-74.8737,-68.25537,-62.721443,-78.06938,-70.6682,-75.332375,-72.59672,-70.34378
4123.062926688641,12.88242378867074,9.179531327495178,0.0,-73.414894,-71.91957,-72.35237,-77.62791,-74.42353,-66.646675,-64.74927,-77.7911,-69.59413,-74.19982,-72.61926,-69.91805
4126.382623086941,12.492543544954264,8.34069244013481,0.0,-73.659645,-72.90021,-74.32613,-77.69605,-74.35668,-67.44373,-66.10571,-77.475845,-70.483864,-74.36101,-73.10826,-69.006744
4129.702319485241,12.121722352395652,7.542859665613122,0.0,-75.79152,-75.21067,-75.71458,-78.55186,-74.912094,-70.82732,-69.304726,-75.021675,-74.79173,-75.70444,-74.27206,-69.20475
4133.022015883541,11.7909735614426,6.831243849550886,0.0,-76.25352,-75.744194,-75.30498,-79.55561,-76.172905,-71.640015,-68.98117,-73.46548,-77.89088,-75.987335,-75.52886,-69.12469
4136.341712281841,11.470974978560736,6.142757424430258,0.0,-74.51411,-74.055565,-75.25038,-79.72221,-78.39436,-72.092766,-67.17288,-72.92988,-77.82718,-75.42591,-81.2424,-68.85116
4139.661408680141,11.062828844092085,5.26461893232679,0.0,-72.93254,-73.99445,-76.191536,-78.60849,-79.115326,-72.68378,-66.3955,-73.62299,-76.23048,-73.46963,-83.26028,-68.79283
4142.981105078441,10.608333783359765,4.286759353135783,0.0,-71.50024,-73.88159,-77.25552,-76.15314,-79.26221,-72.67606,-65.51316,-71.57803,-74.90141,-72.393936,-82.55289,-68.546425
4146.300801476741,10.275815948089402,3.571337385849579,0.0,-70.72174,-73.095955,-79.38504,-75.877144,-78.22442,-73.450905,-65.13909,-68.276665,-74.25422,-72.78784,-81.54815,-68.48482
4149.620497875041,9.88349618306304,2.727249796165212,0.0,-69.99789,-71.94007,-82.26554,-75.55161,-76.07796,-78.56906,-65.41842,-64.95625,-74.012634,-75.43954,-79.105,-68.294914
4152.940194273341,9.413028801369508,1.7150252955410288,0.0,-69.74506,-71.80819,-83.7362,-74.97773,-74.0251,-81.234856,-68.14067,-64.42056,-74.30802,-78.209076,-84.607025,-67.89978
4156.259890671641,10.01839544037566,1.0139508048795487,0.0,-69.188545,-73.69703,-85.36049,-76.22747,-76.8348,-80.46949,-65.695526,-64.81053,-75.199554,-78.47301,-83.23674,-67.11314
4159.579587069941,10.361325606751013,2.2070654822814606,0.0,-75.82599,-73.12202,-82.99426,-74.88156,-75.73476,-81.745415,-65.3458,-63.91398,-74.61751,-76.50904,-77.60551,-65.22789
4162.899283468241,10.67210267725346,3.2883138546121424,0.0,-72.12121,-73.209496,-78.55079,-75.747154,-78.04378,-75.171616,-64.98835,-66.493195,-74.15172,-73.11873,-80.398895,-64.70962
4166.218979866541,11.000632414275817,4.431326892360854,0.0,-71.862816,-73.8324,-76.82204,-76.604004,-79.22725,-72.66301,-65.65437,-71.97838,-74.61697,-72.725746,-82.75469,-67.369514
4169.538676264841,11.323526288569475,5.554731767280089,0.0,-73.6168,-73.60306,-75.9222,-79.746284,-78.87709,-72.464005,-66.745346,-73.67851,-76.65787,-74.56821,-82.88403,-68.78274
4172.858372663141,11.547384625822044,6.333574499775329,0.0,-75.20659,-74.54918,-75.05644,-79.72658,-77.87548,-71.90162,-67.37017,-72.99877,-78.11912,-75.29477,-79.75719,-69.31555
4176.178069061441,11.760162678183454,7.073866962187398,0.0,-75.614845,-75.92869,-75.72979,-79.30652,-75.57222,-71.51078,-69.58767,-73.4463,-76.64679,-75.556694,-75.03409,-69.16938
4179.4977654597415,12.015510467216334,7.96226706462631,0.0,-73.95791,-73.8486,-75.12964,-77.876396,-74.678444,-69.071304,-67.833405,-74.645355,-71.87387,-74.3794,-73.52528,-69.72198
4182.8174618580415,12.258855275284512,8.808906674213489,0.0,-72.56752,-72.4346,-73.40504,-77.8861,-74.6308,-67.025375,-65.67026,-76.607925,-69.07124,-74.44393,-72.51046,-70.97304
4186.1371582563415,12.469894417130384,9.54314915951008,0.0,-73.15532,-73.04784,-72.72872,-78.66403,-74.75493,-67.95006,-64.67333,-76.81795,-69.71494,-75.080734,-72.32245,-71.76715
4189.456854654642,12.711467251197902,10.383623758271568,0.0,-73.84006,-75.129524,-74.48465,-80.34754,-75.174965,-71.56718,-62.593952,-78.08968,-70.25138,-75.28985,-72.05404,-71.63256
4192.776551052942,12.922918018259052,11.119298360465688,0.0,-74.58089,-76.61982,-76.340096,-81.25058,-74.913925,-73.22818,-61.262707,-80.59442,-70.852585,-75.235016,-70.469696,-72.013664
4196.096247451242,13.15451591441224,11.925068386696989,0.0,-75.70451,-77.00681,-75.62246,-78.29253,-70.49758,-72.13384,-62.597332,-80.01648,-71.040115,-74.58363,-65.90777,-73.96017
4199.415943849542,13.461148282546066,12.99189660672164,0.0,-81.428825,-76.71572,-74.6078,-74.690605,-63.464424,-68.35058,-64.86215,-81.54855,-70.818665,-73.98875,-61.593834,-75.95836
4202.735640247842,13.78393415003256,14.114925706863602,0.0,-80.86564,-76.68792,-74.24469,-74.79533,-63.63918,-65.558876,-67.83017,-82.89613,-74.42459,-72.43925,-63.73452,-76.18644
4206.055336646142,14.026752206427997,14.959732654253868,0.0,-78.92655,-79.64276,-73.862785,-77.18825,-63.639122,-64.44795,-71.546906,-82.95267,-79.52344,-71.3382,-66.24421,-77.09768
4209.375033044442,14.263318068056364,15.782787110688307,0.0,-80.65171,-78.549736,-74.40958,-79.763214,-63.693314,-66.77392,-74.461685,-82.6805,-81.57412,-70.6523,-69.42168,-79.793076
4212.694729442742,14.481504397876158,16.541895926538352,0.0,-82.79274,-76.95368,-76.64375,-80.5165,-64.21419,-72.343575,-75.59219,-83.15127,-80.4193,-70.28917,-74.183914,-82.047714
4216.014425841042,13.778745145753096,15.873268146820898,0.0,-80.49547,-78.73398,-74.44696,-80.40262,-64.25514,-66.82224,-74.15088,-81.98015,-81.774025,-70.33591,-66.59891,-79.76378
4219.334122239342,12.906424398818396,15.043314101445644,0.0,-78.55686,-80.34972,-73.506676,-78.21985,-65.74551,-66.6439,-73.223206,-81.41686,-80.097206,-70.7892,-62.298878,-76.65467
4222.653818637642,12.08431792445931,14.261135531784062,0.0,-77.29074,-77.211006,-74.33258,-72.518715,-66.42496,-69.81826,-68.97754,-79.373856,-74.868515,-69.77152,-63.190296,-77.19655
4225.973515035942,11.196914516489304,13.416831357072482,0.0,-75.18259,-76.297844,-74.72218,-69.58338,-66.51183,-71.63927,-66.04211,-73.17364,-73.62649,-68.261215,-66.27501,-79.51515
4229.293211434242,10.558817273770993,12.809725095072157,0.0,-74.331696,-75.196655,-74.54291,-68.30147,-66.60072,-72.0442,-64.81242,-69.92914,-73.43948,-67.820435,-69.01516,-77.37306
4232.612907832542,9.84285739141217,12.128537810718166,0.0,-74.80603,-73.150925,-74.41359,-67.42865,-68.72899,-71.26396,-66.30477,-70.742096,-72.70311,-66.98904,-72.074455,-73.32838
4235.932604230842,9.224721345660177,11.54042327421668,0.0,-74.61826,-72.20565,-73.954605,-66.32437,-70.3749,-71.07443,-69.09237,-72.83712,-71.77672,-64.74221,-74.01544,-73.0202
4239.252300629142,8.506337428132872,10.856929684754984,0.0,-73.546524,-72.0086,-72.5693,-65.73285,-71.503235,-71.78269,-71.16008,-75.8122,-70.125946,-62.21132,-78.49796,-74.53722
4242.571997027442,7.742729912551542,10.130408908007812,0.0,-71.41826,-72.07073,-70.80566,-66.039024,-72.27974,-73.24769,-72.09699,-76.49081,-68.02291,-60.541794,-82.915085,-76.044624
4245.891693425742,7.089826238666799,9.50921533066238,0.0,-68.3906,-72.43678,-71.64206,-67.15511,-72.3898,-74.542816,-73.47355,-75.333885,-65.28033,-60.6811,-90.96275,-78.963646
4249.211389824042,6.456516011398259,8.906663589291963,0.0,-66.97091,-72.22046,-72.59934,-68.13347,-71.02016,-75.49485,-73.83545,-73.822365,-63.341156,-62.017296,-88.464134,-79.68437
4252.531086222342,5.918981296429079,8.395235754076552,0.0,-66.991776,-69.608,-73.72078,-69.30856,-69.713165,-76.261284,-73.7887,-74.08325,-61.662315,-62.740692,-85.38452,-79.19501
4255.850782620642,5.361100975406202,7.86445045417947,0.0,-68.00061,-68.76783,-76.209335,-71.673775,-70.05052,-76.78344,-74.066246,-75.243965,-61.045963,-61.885914,-85.56226,-78.20453
4259.170479018942,4.516785270909445,7.06114130787827,0.0,-67.31669,-67.24557,-76.833595,-77.53135,-79.41198,-76.48046,-74.54375,-76.64261,-62.02446,-62.3993,-87.360954,-75.3178
4262.490175417242,3.8543426273863424,6.430872047685802,0.0,-65.74189,-64.4405,-72.6568,-77.00886,-77.59801,-75.52643,-76.4418,-77.15235,-65.14759,-64.136635,-84.78965,-74.73834
4265.809871815543,3.080913480210472,5.695006654405415,0.0,-66.27045,-62.426014,-72.65535,-76.40348,-79.39627,-75.676186,-76.54561,-77.31361,-66.61106,-67.02639,-83.52118,-75.7097
4269.1295682138425,2.4338768902652186,5.079395209626755,0.0,-65.687256,-62.436333,-72.64337,-77.42365,-81.68906,-78.29288,-75.41307,-76.16628,-67.85094,-73.784645,-84.70902,-74.86949
4272.449264612143,1.6707276349469495,4.353310436448798,0.0,-66.71841,-63.520737,-74.27501,-79.407585,-81.98541,-79.33825,-74.30441,-75.73885,-68.02655,-73.30455,-88.10382,-76.658745
4275.768961010443,1.057180998759836,3.769562411975878,0.0,-68.81744,-70.313095,-80.80902,-79.19439,-81.362564,-78.41857,-74.12499,-75.83598,-71.23531,-72.28772,-91.102875,-80.37765
4279.088657408743,1.5818941840423266,3.033080483309277,0.0,-68.30986,-70.25077,-76.051865,-78.53473,-79.90921,-78.9641,-73.0419,-75.3383,-71.70152,-73.403015,-93.871666,-79.64776
4282.408353807043,2.113802436483601,2.286499633771964,0.0,-67.95639,-70.092575,-74.09724,-77.64972,-78.575386,-79.17963,-73.080795,-74.61588,-72.16332,-73.60059,-96.511345,-80.14445
4285.728050205343,2.5791213437011637,1.6333828914356232,0.0,-67.66289,-71.01595,-73.784485,-76.97202,-77.89701,-79.16643,-73.2176,-75.046425,-72.979805,-74.25847,-95.94098,-80.47877
4289.047746603643,2.053363048495884,2.5492194636602283,0.0,-67.95211,-69.82808,-74.370636,-77.95406,-79.01838,-79.26386,-72.831604,-74.75302,-72.03784,-73.67787,-95.93756,-79.92448
4292.367443001943,1.489897612629075,3.5307394093413818,0.0,-67.834785,-70.11634,-76.87959,-79.06489,-80.86008,-79.02683,-73.17056,-75.34465,-70.99656,-73.17522,-91.24057,-78.66737
4295.687139400243,1.0176618601560128,4.353343211831978,0.0,-68.400734,-65.56426,-77.58452,-78.969215,-81.85617,-78.48976,-76.27364,-75.98118,-70.02484,-72.0603,-89.93003,-79.57028
4299.006835798543,2.0482603108965645,4.476167480890805,0.0,-66.16278,-62.81384,-73.73241,-79.5063,-82.20664,-79.625946,-73.235115,-75.693375,-67.95091,-74.00127,-86.64278,-75.04067
4302.326532196843,3.2546139433492485,4.619937833957017,0.0,-65.3373,-65.36028,-73.77855,-78.58444,-82.1308,-79.68096,-71.850105,-75.86788,-66.75601,-76.44342,-84.104904,-75.05111
4305.646228595143,3.998827265139545,4.708631405354347,0.0,-65.98509,-70.144966,-73.532875,-78.06044,-80.83634,-79.11995,-71.79676,-76.665794,-65.72679,-78.411705,-83.49889,-75.41516
4308.965924993443,4.982466279175188,4.8258591605774015,0.0,-67.19344,-75.81867,-74.267746,-78.77576,-79.20979,-78.11325,-71.82618,-77.4328,-64.527985,-78.33223,-82.65722,-75.646286
4312.285621391743,5.962456818153877,4.942652099231764,0.0,-69.22463,-75.632614,-77.12786,-79.98368,-77.71332,-78.01648,-69.90174,-76.98438,-63.836544,-74.34172,-81.59579,-75.745865
4315.605317790043,7.101035671376099,5.078345215510338,0.0,-70.65102,-75.22037,-82.95545,-79.57135,-77.445,-78.71859,-66.242256,-74.061516,-63.63805,-74.9911,-79.67514,-74.19146
4318.925014188343,8.333139606311617,5.225184428303852,0.0,-70.97985,-74.649155,-83.55308,-77.05656,-77.1656,-77.13415,-66.04289,-71.476974,-64.96748,-73.07574,-79.85261,-73.196556
4322.244710586643,9.47370031490944,5.361113737386436,0.0,-71.66549,-73.75651,-79.65628,-76.597244,-78.70884,-73.756966,-65.891205,-72.022316,-74.05021,-73.34864,-81.617676,-70.80784
4325.564406984943,10.679431157137866,5.504809867796854,0.0,-72.431244,-73.6406,-76.64792,-78.50946,-79.27822,-72.75106,-66.295,-72.31185,-77.17248,-73.60129,-84.10346,-68.942856
4328.884103383243,11.5863189941962,5.612890600525484,0.0,-74.09864,-73.77089,-75.6739,-79.94729,-78.68748,-72.14893,-66.93016,-74.099815,-76.311874,-74.89384,-82.085205,-67.88559
4332.203799781543,12.3496735364533,5.703865376994526,0.0,-77.463005,-74.728264,-75.005806,-80.652695,-77.85998,-72.404594,-67.56139,-75.63259,-74.80433,-77.187996,-78.3104,-65.11811
4335.523496179843,13.211814037335191,5.806613228760399,0.0,-79.69835,-77.66459,-75.09724,-81.061295,-76.239296,-72.576,-69.62198,-76.81149,-73.75705,-79.49885,-74.232834,-62.67158
4338.843192578143,14.055434881558035,5.907153951948954,0.0,-81.041435,-80.07003,-74.82887,-80.86565,-75.353836,-71.00111,-70.186035,-76.97271,-74.41122,-80.84068,-73.16821,-62.990425
4342.162888976443,15.145682644596102,6.0370870839966,0.0,-79.91785,-80.6543,-76.25387,-80.47497,-74.870735,-67.60251,-65.52335,-75.3806,-76.18735,-80.31136,-73.4087,-67.25654
4345.482585374743,16.072716092294485,6.147568722625903,0.0,-79.58496,-82.53189,-78.178665,-79.83217,-75.07123,-68.29996,-61.383324,-72.78739,-78.58736,-78.57709,-76.42176,-68.897705
4348.802281773043,17.01880172767762,6.26032095561198,0.0,-80.65167,-82.757034,-78.70548,-78.61475,-75.8015,-72.673645,-48.871243,-69.357414,-81.85142,-76.9314,-79.41272,-70.237465
4352.121978171344,18.078022534631256,6.3865563689220775,0.0,-82.014565,-82.00727,-78.64248,-79.08289,-77.29104,-75.528656,-44.819023,-69.31122,-83.639946,-75.3909,-82.02568,-73.29044
4355.441674569644,19.26491763677869,6.5280077006856825,0.0,-82.0271,-79.709305,-78.302536,-80.09967,-80.065605,-78.646965,-59.49773,-71.5768,-84.35966,-74.61514,-83.48419,-76.62149
4358.761370967944,18.19081023436914,6.7202739804169855,0.0,-81.99516,-82.298225,-78.11697,-78.262985,-76.8109,-74.184204,-46.105022,-70.60754,-82.947,-75.16066,-81.32589,-72.568985
4362.081067366244,17.413726669494146,6.8593727015725126,0.0,-81.618454,-81.95643,-77.668976,-78.562126,-75.50346,-71.75123,-44.385246,-71.18975,-81.53186,-76.49343,-77.762344,-70.18202
4365.400763764544,16.66859715493904,6.992751616344089,0.0,-79.9682,-81.56957,-77.04453,-80.42433,-73.9843,-68.60691,-47.80787,-75.59721,-78.27503,-78.940834,-74.873535,-69.55797
4368.720460162844,15.537207432018194,7.195271487694233,0.0,-79.71145,-79.6098,-76.86736,-82.76708,-74.2003,-68.00228,-60.10473,-78.74679,-75.556755,-81.50102,-72.49797,-68.27011
4372.040156561144,14.371864276041272,7.403869056901365,0.0,-80.55126,-78.596756,-76.865074,-82.81745,-75.12169,-70.99103,-63.95261,-79.5244,-76.68104,-80.06458,-72.69131,-66.6126
4375.359852959444,13.453338730346037,7.568286031510064,0.0,-80.107994,-76.82875,-77.82582,-80.584404,-75.45605,-72.354645,-66.26096,-78.87358,-77.15901,-77.76626,-73.36058,-67.44527
4378.679549357744,12.5820052471729,7.724255580587932,0.0,-76.870384,-75.099754,-76.2483,-78.59636,-74.76583,-70.60681,-67.76146,-76.786804,-74.620575,-75.463974,-74.00413,-68.755745
4381.999245756044,11.56990945858723,7.905421720553597,0.0,-73.36313,-74.027756,-75.4331,-76.53552,-74.88359,-69.3431,-68.40832,-72.898926,-71.53073,-74.685844,-73.60655,-70.61151
4385.318942154344,10.768827769333727,8.048816129537393,0.0,-71.71412,-73.79997,-77.11852,-73.42424,-74.93926,-69.21945,-68.295204,-70.89211,-68.10246,-76.08182,-73.72051,-73.34674
4388.638638552644,9.579980139004748,8.261621022733328,0.0,-70.30479,-73.27748,-77.789215,-71.06845,-73.82554,-70.53786,-68.91818,-69.49871,-66.256195,-75.203415,-76.528595,-75.31222
4391.958334950944,8.475584184855338,8.459308982967352,0.0,-69.14205,-72.84675,-75.98499,-68.931915,-73.48823,-71.59798,-71.917435,-71.92919,-67.07225,-72.44682,-86.64137,-78.40831
4395.278031349244,7.723741155758391,8.59388962343413,0.0,-67.77169,-72.876625,-75.395134,-67.643394,-73.10155,-73.11793,-73.17206,-73.79797,-67.780136,-70.74044,-90.29873,-79.64421
4398.597727747544,6.5176646820236,8.809778496517252,0.0,-67.146866,-72.264465,-72.795006,-68.07609,-71.08353,-75.32209,-73.91986,-73.69683,-63.606514,-63.054974,-88.42928,-79.55989
4401.917424145844,5.776813356149799,8.942391611313985,0.0,-65.986404,-69.8034,-72.53783,-69.61112,-69.967384,-76.620766,-73.43698,-74.28062,-61.68241,-61.759132,-85.20862,-80.89057
4405.237120544144,4.731688089719197,9.12947006024658,0.0,-65.24737,-67.86039,-72.026344,-71.86121,-71.8073,-78.33375,-72.59422,-75.57116,-61.91656,-62.55604,-80.98304,-82.55187
4408.556816942444,3.886276601096264,9.280799546846335,0.0,-64.99008,-66.283745,-72.82834,-74.670265,-77.82602,-79.51126,-70.61352,-76.284164,-63.403145,-65.11815,-79.717094,-81.872
4411.876513340744,3.061999287338561,9.4283459953929,0.0,-65.68239,-64.85557,-73.47808,-75.50164,-77.46419,-80.17791,-68.96495,-75.56927,-66.9869,-66.537094,-81.10804,-81.86246
4415.196209739044,2.2770324988982567,9.568855821307404,0.0,-70.35374,-64.88702,-74.54508,-75.291466,-76.26169,-80.10712,-67.796295,-76.495964,-70.107506,-72.17292,-82.06101,-81.64916
4418.515906137344,1.5089831951261887,9.706337400854482,0.0,-78.8043,-65.563515,-75.28911,-74.41763,-78.02281,-79.47291,-67.4993,-78.528725,-71.88636,-73.76937,-83.650024,-82.460075
4421.835602535644,1.632703935165261,10.557559499796511,0.0,-79.70251,-66.72289,-69.387436,-70.864265,-76.28002,-79.8485,-68.50592,-80.34933,-72.10301,-76.65744,-84.37862,-81.15469
4425.155298933944,1.7481817293216877,11.352068571533277,0.0,-79.161804,-68.773796,-65.41055,-69.013794,-72.60848,-79.624596,-70.991585,-82.70926,-71.06265,-80.55185,-85.56265,-79.54085
4428.474995332244,1.8935109627033335,12.351961192913432,0.0,-78.35674,-72.602036,-63.991417,-67.30344,-73.97158,-77.290436,-79.84204,-84.571815,-71.263145,-79.47727,-84.990234,-80.352684
4431.794691730544,2.005165260225593,13.12016388441673,0.0,-79.57547,-77.26835,-64.04634,-65.581116,-75.38364,-76.17984,-81.06085,-83.9128,-72.18014,-79.83927,-79.72105,-83.41416
4435.114388128844,2.157244574746941,14.166498341126612,0.0,-76.53749,-78.24235,-68.08536,-63.909374,-76.373985,-76.12375,-77.83369,-81.8098,-72.863716,-81.47184,-82.756744,-85.62843
4438.4340845271445,2.2658012863141908,14.913389055208468,0.0,-73.075554,-79.316986,-71.53035,-63.537422,-76.485504,-76.22288,-74.23172,-80.140945,-72.994675,-82.559235,-87.18876,-85.26946
4441.7537809254445,2.4346320553378544,16.074976688203016,0.0,-72.35061,-77.76562,-73.24173,-67.631134,-77.89866,-76.3777,-71.86154,-79.517204,-74.26429,-81.52552,-87.409386,-85.20868
4445.073477323745,1.5456975772002697,16.444938827728084,0.0,-72.56031,-76.802956,-71.650444,-72.6501,-79.33229,-78.539925,-73.08027,-78.97575,-74.305664,-81.71414,-84.535614,-85.59115
4448.393173722045,2.303154567631692,15.491496077659278,0.0,-72.121826,-79.278206,-73.098045,-65.59674,-77.23124,-76.198395,-73.00677,-79.39877,-73.35627,-82.46607,-89.095795,-85.28715
4451.712870120345,2.831539266425428,14.826396188588037,0.0,-73.80314,-78.73835,-70.61393,-62.756824,-76.25703,-75.0264,-73.36908,-80.24177,-72.96337,-81.2956,-88.51246,-84.38077
4455.032566518645,3.5415402672265177,13.93268827473034,0.0,-78.852066,-78.234245,-67.409485,-64.285965,-76.671555,-75.61248,-75.93814,-81.77165,-72.96697,-76.4556,-84.573364,-84.36429
4458.352262916945,4.242390692354806,13.050498572658132,0.0,-78.16562,-71.69294,-68.62256,-65.47829,-77.33708,-77.18323,-78.68486,-76.24811,-70.48506,-74.98671,-81.83674,-84.3112
4461.671959315245,4.945322066301613,12.165689493394424,0.0,-76.354225,-70.76826,-68.20657,-67.04064,-78.61972,-79.93826,-78.03113,-74.757774,-66.706406,-73.06547,-83.6325,-83.44497
4464.991655713545,5.57028369917222,11.37902418373472,0.0,-72.95893,-72.58087,-67.17463,-72.97865,-80.498856,-82.51397,-75.02789,-79.04658,-64.057144,-63.679638,-88.720314,-81.848236
4468.311352111845,6.330051608190689,10.422672583921766,0.0,-71.13505,-72.75471,-68.13648,-70.109245,-72.21827,-77.19752,-72.32485,-76.83226,-64.08005,-58.353188,-90.388626,-79.803734
4471.631048510145,6.899572694099805,9.705792606271707,0.0,-68.710884,-72.37086,-70.896996,-67.52291,-72.14339,-75.18713,-73.19185,-75.74531,-64.63116,-58.848362,-90.99508,-78.70203
4474.950744908445,7.60003645666723,8.824089612514344,0.0,-67.6212,-72.82605,-74.979614,-67.421936,-72.97385,-73.1914,-73.692604,-74.19098,-68.11654,-69.97893,-90.68438,-79.93409
4478.270441306745,8.093806992650697,8.202560015879579,0.0,-69.00458,-71.83116,-76.46974,-68.87221,-73.21129,-72.87323,-71.217545,-72.61331,-65.65265,-71.37393,-88.33177,-78.00895
4481.590137705045,8.835504566872709,7.268954301206831,0.0,-71.24971,-71.071976,-80.62854,-72.293304,-72.37615,-74.37263,-67.164955,-70.54001,-62.227924,-71.47348,-82.43083,-72.31855
4484.909834103345,9.307194659810452,6.675218280453202,0.0,-71.190605,-71.51616,-80.84689,-74.389885,-74.11139,-74.86642,-66.63476,-69.9737,-69.09669,-71.112114,-83.28891,-70.9507
4488.229530501645,10.014618373039632,5.784754506106161,0.0,-71.75759,-73.18791,-78.67948,-77.22906,-78.814186,-73.19725,-66.10629,-71.3118,-76.511154,-72.451836,-83.61565,-69.987305
4491.549226899945,10.65028473447471,4.984614707504931,0.0,-72.014626,-74.00255,-76.75897,-77.24019,-79.38482,-72.7624,-66.046165,-72.95478,-75.73584,-72.561195,-83.499054,-69.02417
4494.868923298245,11.41986044365058,4.0159176199978575,0.0,-73.423454,-73.66723,-76.487114,-75.924576,-79.089935,-72.89198,-65.40412,-69.91262,-73.89944,-73.211914,-82.906555,-62.611397
4498.188619696545,12.015722430461526,3.2658812502194112,0.0,-73.673676,-73.41511,-76.38887,-75.591774,-79.67104,-75.517105,-64.91646,-65.451744,-74.05354,-73.86281,-82.856995,-57.66508
4501.508316094845,12.60978860420034,2.518105345359415,0.0,-73.592476,-73.10185,-76.1087,-75.13981,-81.538246,-79.28149,-64.57142,-64.1311,-74.25878,-76.1332,-82.95422,-60.796677
4504.828012493145,13.280884952107256,1.6733683430049109,0.0,-75.50348,-72.289444,-75.93761,-74.76091,-81.317314,-78.50436,-65.72711,-63.504414,-75.54947,-80.127945,-80.794136,-62.702396
4508.147708891445,13.939893294768806,1.014134678426287,0.0,-78.70837,-71.26599,-76.34751,-77.44919,-79.13487,-75.90094,-65.6668,-64.07937,-76.67962,-80.7927,-78.59129,-65.71457
4511.467405289745,14.3756089360362,1.7897570833748215,0.0,-75.62731,-72.819664,-75.877365,-76.04134,-81.35269,-76.780785,-65.04177,-66.303604,-77.525085,-83.22568,-80.487976,-69.00634
4514.787101688045,14.957558357085665,2.825691915091799,0.0,-72.265305,-75.01255,-77.39965,-77.17073,-81.28394,-76.2521,-67.89125,-67.94869,-76.99275,-82.64626,-81.32495,-71.73346
4518.106798086345,15.343173828666105,3.5121304339904897,0.0,-75.10504,-77.10941,-78.73899,-77.76839,-78.400795,-75.23799,-69.44287,-68.46998,-76.536545,-81.55953,-76.60032,-72.53235
4521.426494484645,15.841411785571925,4.399049529315737,0.0,-78.14477,-79.865005,-79.996506,-78.26711,-77.34027,-73.91664,-69.95042,-68.18264,-77.445625,-80.7558,-75.78288,-73.69297
4524.7461908829455,16.222627464060572,5.077655926123965,0.0,-78.515144,-80.946945,-80.16311,-78.61389,-76.61499,-72.813896,-65.48229,-67.823204,-78.265015,-79.66811,-77.31507,-72.29966
4528.0658872812455,16.822627920523942,6.145723612789226,0.0,-80.07734,-82.75122,-78.87704,-78.86737,-75.76494,-72.27638,-52.039497,-69.65644,-81.30609,-77.27442,-78.94373,-70.03778
4531.385583679546,17.285904484373106,6.970407531786907,0.0,-81.15826,-81.52102,-77.36607,-79.04587,-74.86209,-70.894684,-44.960407,-72.33864,-80.3425,-77.07515,-76.54203,-70.09241
4534.705280077846,17.861630198125383,7.995263470840087,0.0,-78.985245,-77.586914,-75.369736,-80.22436,-72.30533,-71.03412,-57.64852,-74.4631,-76.92867,-81.2139,-74.39221,-71.6543
4538.024976476146,18.240187099547757,8.669136948131428,0.0,-77.37246,-75.406265,-74.453384,-80.053154,-71.050415,-71.3564,-64.55452,-73.93495,-74.91005,-82.73077,-74.70122,-71.61274
4541.344672874446,18.61407627945327,9.33470136087323,0.0,-77.89916,-74.80168,-76.21611,-79.749916,-71.44993,-72.61992,-66.20903,-73.81511,-74.05631,-82.61068,-76.96093,-71.53238
4544.664369272746,18.988071969072088,10.000455372775953,0.0,-80.369026,-75.17742,-80.18985,-79.52411,-72.80566,-75.43249,-67.837654,-74.3353,-73.131905,-82.404564,-78.48108,-72.44594
4547.984065671046,19.44668338629802,10.816834810821735,0.0,-83.13366,-76.39344,-83.295906,-81.390015,-73.829605,-75.22944,-68.72464,-75.66858,-72.97538,-82.48927,-79.041794,-74.45697
4551.303762069346,18.6308908954533,9.95189482833248,0.0,-80.19372,-75.73968,-80.68578,-79.88414,-72.15796,-73.692894,-67.27294,-73.92922,-73.190346,-81.523994,-78.40422,-72.14316
4554.623458467646,17.886466448259004,9.16262246367257,0.0,-77.78771,-76.01279,-77.43804,-80.63211,-71.27918,-71.70535,-64.445755,-72.871445,-74.33819,-81.00148,-76.82148,-70.96478
4557.943154865946,17.233830238450917,8.470668126977518,0.0,-77.5881,-77.81322,-75.43587,-81.32332,-72.05567,-70.782104,-59.727005,-75.67286,-74.87984,-80.88536,-74.55178,-70.52205
4561.262851264246,16.463421986187228,7.653846560585618,0.0,-78.69634,-79.75337,-76.56796,-82.20454,-73.18006,-68.83455,-51.180965,-78.21547,-75.63834,-81.29154,-73.10347,-69.87881
4564.582547662546,15.801752275280366,6.952314498709375,0.0,-79.8743,-80.22316,-76.54455,-82.016045,-73.81935,-67.01498,-58.10489,-77.43642,-75.91395,-81.040726,-73.182945,-68.81719
4567.902244060846,15.053758068006216,6.1592573134540185,0.0,-80.145004,-80.47801,-76.066444,-80.920235,-74.66521,-67.75758,-65.41447,-76.12807,-76.01532,-80.527214,-73.13506,-66.96594
4571.221940459146,14.29297253488004,5.352638187775541,0.0,-79.81795,-80.022095,-75.48204,-79.417175,-75.787384,-71.38909,-70.535576,-74.412575,-73.95042,-80.252106,-73.52896,-62.47238
4574.541636857446,13.70508718024738,4.7293356273227625,0.0,-75.3999,-74.28333,-74.99934,-78.628426,-77.62488,-73.16985,-67.92243,-72.354935,-72.28047,-78.66066,-77.509346,-59.32727
4577.861333255746,12.906518135981916,3.882656719493855,0.0,-72.17298,-72.54423,-74.6612,-77.35601,-79.430214,-73.588875,-65.97911,-68.89127,-72.999466,-75.738304,-84.18678,-58.202618
4581.181029654046,12.323283736364743,3.2642853112578463,0.0,-73.18576,-73.1066,-75.8806,-75.81501,-80.0049,-75.43777,-65.02336,-65.670746,-74.01085,-74.41229,-83.66276,-57.739983
4584.500726052346,11.585880751623892,2.482457417685484,0.0,-74.723015,-73.59711,-79.28844,-74.78203,-79.25133,-80.057,-64.366844,-63.864525,-74.320114,-75.183044,-80.001,-60.63019
4587.820422450646,10.77228488925969,1.6198463997562067,0.0,-71.35026,-73.61367,-84.0431,-75.185875,-77.37179,-81.03894,-65.34702,-63.553356,-74.49292,-77.866196,-80.95136,-64.99496
4591.140118848946,9.937323739935875,2.360710894967438,0.0,-71.89114,-72.034935,-82.869,-74.92925,-75.43696,-81.2545,-65.60817,-64.39085,-74.60893,-76.507454,-78.317955,-66.86873
4594.459815247246,9.02741335144843,3.1680781613368207,0.0,-63.953514,-71.41785,-82.56025,-76.02477,-77.23214,-73.81288,-65.68368,-67.344284,-72.557045,-76.42729,-82.307785,-72.083015
4597.779511645546,8.435164966927974,3.693582612403499,0.0,-63.774048,-72.83988,-83.0165,-77.637505,-77.99831,-75.00521,-65.54083,-69.16212,-70.04516,-76.8239,-81.861084,-73.143875
4601.099208043846,7.728099592156323,4.320964655730624,0.0,-67.30562,-75.68446,-83.32376,-79.79736,-77.86678,-77.934326,-65.69372,-72.29445,-65.56871,-78.46439,-80.32392,-75.63768
4604.418904442146,6.884947386042389,5.069097109647447,0.0,-70.32799,-75.231834,-82.404,-79.7118,-77.38784,-78.51967,-66.3208,-74.62247,-63.61357,-74.22671,-79.79508,-74.53073
4607.738600840446,6.261209089956962,5.622542690016636,0.0,-70.393005,-73.668434,-80.559875,-79.41869,-76.52802,-78.096794,-68.55884,-76.660515,-62.667126,-69.36251,-82.323074,-73.18541
4611.0582972387465,5.621562270292521,6.190103969422201,0.0,-69.5234,-70.6646,-77.68083,-78.53236,-77.704994,-76.480515,-71.561874,-76.52289,-62.11837,-64.78566,-88.13414,-72.62605
4614.377993637047,5.042716534716897,6.703716194421777,0.0,-68.62281,-68.91365,-76.87004,-77.921196,-79.16959,-76.45332,-73.21799,-76.53218,-61.989246,-62.675358,-90.521774,-73.31664
4617.697690035347,4.43987318700932,7.23862160032302,0.0,-66.96281,-66.72705,-77.14714,-77.36546,-78.930695,-76.56114,-74.55154,-76.62908,-61.91153,-62.30446,-86.20961,-76.900314
4621.017386433647,3.7224020006572767,7.875236763478551,0.0,-64.776726,-64.45874,-77.07037,-76.16937,-79.23062,-77.344986,-73.04685,-77.27212,-63.390854,-62.107964,-81.200874,-81.78728
4624.337082831947,3.1094024606748407,8.419153800961784,0.0,-64.316505,-64.703995,-76.278145,-76.756874,-79.77758,-78.95382,-70.091835,-76.04093,-66.668205,-63.165073,-80.6483,-82.54305
4627.656779230247,2.2696031838769546,9.164311186772473,0.0,-68.161285,-64.41777,-75.77907,-76.682205,-77.481964,-79.95326,-67.54633,-75.50979,-70.123375,-68.84104,-81.66796,-82.339874
4630.976475628547,1.6557745081039128,9.708963919885935,0.0,-77.30563,-65.66536,-75.23993,-74.419395,-77.86544,-79.67093,-67.5274,-78.35209,-71.590096,-74.175415,-83.32791,-82.35115
4634.296172026847,1.5538677043997793,8.76136949410366,0.0,-71.72041,-63.32038,-70.992966,-75.58799,-77.552475,-78.760574,-68.51166,-77.36505,-71.20576,-69.68566,-83.12335,-82.557304
4637.615868425147,1.4256145435223355,7.568789843688294,0.0,-67.82217,-57.65951,-70.36748,-73.8985,-76.38647,-76.71013,-75.51182,-76.14438,-70.23143,-66.33036,-84.2635,-81.6894
4640.935564823447,1.338182894362666,6.755794632679688,0.0,-66.67591,-56.507893,-71.63008,-72.954285,-77.440735,-75.30949,-78.77917,-75.77281,-69.500626,-67.19464,-85.590675,-80.091896
4644.255261221747,1.217109914066921,5.629980878632551,0.0,-67.39342,-56.397682,-71.5621,-74.86536,-80.35332,-77.6573,-80.2623,-76.340324,-68.60782,-71.57315,-87.00073,-79.21502
4647.574957620047,1.1197959358508605,4.725093472135506,0.0,-67.80567,-60.39645,-74.54884,-78.51994,-81.935394,-78.586845,-77.63846,-76.24906,-68.31503,-72.1357,-88.53385,-79.0149
4650.894654018347,2.16068869711759,5.344338283875428,0.0,-65.85847,-61.149757,-72.36161,-76.39336,-81.363556,-77.438255,-77.75688,-76.5127,-68.01329,-72.64529,-84.752975,-75.872284
4654.214350416647,3.0797663016852206,5.891113186529419,0.0,-66.3462,-61.70946,-72.60682,-76.33215,-78.65344,-75.11042,-77.17293,-77.5441,-66.60369,-66.489265,-83.394714,-76.214226
4657.534046814947,4.132332058391992,6.517302461842046,0.0,-66.27839,-65.918236,-73.84533,-77.33666,-78.28481,-75.81064,-75.64192,-77.06761,-63.937935,-63.564938,-86.31224,-74.08294
4660.853743213247,5.099569211886064,7.092728299460886,0.0,-68.42256,-68.53524,-77.30476,-77.17136,-76.76097,-76.79562,-73.594604,-76.1992,-61.558678,-62.490726,-90.03085,-74.20886
4664.173439611547,5.7979474012399566,7.508205365382087,0.0,-68.879295,-69.04437,-77.788925,-72.01489,-70.257935,-77.6151,-73.41447,-75.25872,-60.938267,-63.24796,-89.103874,-75.09652
4667.493136009847,6.6502177655226005,8.015235504240435,0.0,-69.34466,-70.26358,-75.558105,-69.13591,-70.60608,-76.222496,-72.92399,-73.835815,-62.112183,-66.615074,-88.02349,-76.35687
4670.812832408147,7.453627822939267,8.493197815314147,0.0,-67.976616,-72.34151,-75.4414,-67.71949,-72.71355,-73.896324,-73.12689,-73.8056,-66.78794,-70.238075,-89.99495,-78.797714
4674.132528806447,8.47364039873833,9.100020649497722,0.0,-69.43561,-72.64381,-74.87966,-67.58312,-73.50467,-71.33331,-72.84024,-72.89304,-69.05031,-72.14073,-82.96006,-78.73261
4677.452225204747,9.287940903995189,9.58446187326399,0.0,-70.757225,-72.30479,-74.1742,-66.35905,-73.43305,-69.6601,-71.121475,-70.45834,-68.91755,-73.643265,-75.98853,-76.607765
4680.771921603047,10.117438352726454,10.07794401723935,0.0,-72.84639,-72.027054,-73.91068,-67.63012,-73.42953,-68.89027,-68.884,-69.246635,-68.64271,-73.96296,-72.72093,-75.397224
4684.091618001347,10.789042492663537,10.477492745672208,0.0,-75.93709,-72.135796,-73.25657,-69.20982,-73.20565,-69.00045,-67.74538,-69.703896,-68.82348,-73.52626,-71.52163,-74.94142
4687.411314399647,11.659421906381697,10.995296266117762,0.0,-76.88163,-73.08029,-73.654724,-71.66049,-73.41722,-70.08768,-64.32723,-73.33238,-69.81489,-73.41909,-69.96591,-74.39631
4690.731010797947,12.476351503805734,11.4813015815414,0.0,-76.14754,-75.7449,-74.8273,-75.8094,-72.04491,-72.25476,-61.665886,-79.422325,-70.33479,-73.69386,-67.85972,-73.63094
4694.050707196248,13.166284521542972,11.89175447119539,0.0,-75.50962,-77.07522,-75.69853,-78.60715,-70.869125,-72.313484,-62.55555,-79.955444,-71.055984,-74.62735,-66.16603,-73.797646
4697.370403594548,14.221440523861457,12.519484727688669,0.0,-76.7704,-79.305855,-77.14205,-80.74753,-69.03079,-69.01935,-64.04743,-79.31505,-71.47713,-76.409935,-63.932102,-72.81145
4700.690099992848,14.996064978748477,12.980321994105903,0.0,-76.612564,-80.59605,-78.19919,-80.85673,-68.58072,-64.786575,-65.11522,-78.49172,-72.301155,-76.96763,-64.2252,-71.398224
4704.009796391148,15.642762334804347,13.365053253084184,0.0,-76.27738,-80.98758,-79.91438,-80.893074,-69.35267,-63.379017,-65.846664,-78.127266,-73.624886,-77.356064,-65.19388,-71.193855
4707.329492789448,16.311394404969594,13.762833846647798,0.0,-76.445175,-79.89466,-82.36142,-80.678825,-70.675446,-66.720146,-67.47597,-78.19278,-76.34394,-77.72966,-66.7205,-71.14504
4710.649189187748,17.04603526696706,14.199884193439,0.0,-77.44768,-78.37304,-81.33616,-80.90691,-72.87851,-71.2472,-71.86557,-78.77579,-79.15992,-78.519806,-68.0584,-71.99062
4713.968885586048,17.874201435241673,14.692574336022448,0.0,-78.93967,-77.16501,-79.550026,-81.671776,-76.63843,-76.52104,-77.121735,-79.661095,-77.9455,-79.19855,-69.94766,-74.30884
4717.288581984348,18.924410432668157,15.317361535145148,0.0,-79.54613,-76.3026,-77.926186,-82.82986,-76.789894,-78.79586,-78.936905,-80.5342,-77.11675,-79.23321,-72.059326,-78.460945
4720.608278382648,18.124027131295648,15.902470744458077,0.0,-82.04116,-74.44739,-76.39711,-79.154816,-77.42798,-76.38352,-75.38933,-79.327515,-79.30287,-80.186005,-72.63056,-74.80845
4723.927974780948,17.266690127618972,16.529215174877557,0.0,-83.2301,-74.2357,-75.67321,-76.666626,-72.96289,-71.819244,-73.78349,-78.772606,-82.86531,-76.13867,-75.70032,-74.840126
4727.247671179248,16.834972601673844,15.51067939753937,0.0,-80.623764,-75.21721,-77.67596,-76.85442,-71.437386,-67.89218,-72.62932,-78.77637,-82.76415,-76.801575,-72.64433,-72.90435
4730.567367577548,16.395795803708964,14.474545225490695,0.0,-78.96491,-77.975334,-80.26756,-79.37395,-70.92144,-66.345055,-69.07542,-79.629166,-79.25999,-78.19017,-68.589645,-70.7393
4733.887063975848,15.929629353922545,13.374735329511292,0.0,-75.91089,-80.86303,-81.434006,-80.64055,-69.9509,-64.41852,-66.2558,-77.60504,-74.72486,-77.36712,-65.595055,-71.09842
4737.206760374148,15.617226487637687,12.637694377658514,0.0,-77.43343,-80.97412,-80.982124,-79.13544,-70.39693,-63.293697,-65.26361,-76.04951,-74.77759,-76.75288,-65.655594,-70.52274
4740.526456772448,15.128118276267948,11.483758800965504,0.0,-80.500275,-79.525734,-78.02683,-76.54483,-73.563446,-65.51699,-63.823185,-74.322754,-75.01616,-77.013435,-68.834785,-70.18134
4743.846153170748,14.70355092824099,10.48209218363662,0.0,-78.32749,-78.35238,-74.789635,-75.15907,-73.991745,-67.58747,-61.650898,-75.254326,-73.43557,-78.08886,-71.975525,-69.26623
4747.165849569048,14.242114669962076,9.393442059949315,0.0,-77.77466,-74.9214,-75.43692,-77.228134,-74.512405,-67.946396,-59.134377,-78.3864,-70.92723,-76.12081,-72.96096,-68.4398
4750.485545967348,13.853924723591533,8.477599350261299,0.0,-78.048874,-74.73985,-76.90705,-79.06741,-74.90752,-69.48117,-63.160137,-79.42559,-73.16775,-76.28832,-72.94387,-67.61934
4753.805242365648,13.40579631923158,7.420345972180696,0.0,-80.74119,-77.33771,-77.68705,-80.82643,-75.5883,-72.59691,-67.06046,-78.81361,-77.29022,-78.30707,-73.441925,-67.20798
4757.124938763948,12.919987068921488,6.274193516777332,0.0,-81.81432,-78.957306,-75.51304,-81.81808,-76.20217,-73.49284,-70.60316,-77.91682,-76.75682,-79.931,-73.666046,-66.11953
4760.444635162248,12.614291139931526,5.552976003123538,0.0,-76.78241,-74.47471,-75.02236,-80.59087,-77.72116,-72.592384,-67.6417,-75.18452,-73.44759,-77.58072,-78.13809,-63.69446
4763.764331560548,12.1616526337655,4.485082102541872,0.0,-72.96867,-73.03257,-74.92126,-78.35374,-78.74705,-72.217255,-65.997215,-71.82929,-72.992256,-74.37636,-83.80194,-59.961407
4767.084027958848,11.723145613956492,3.4505281142328794,0.0,-73.689804,-73.61516,-76.57393,-75.516174,-79.09635,-74.325005,-65.03782,-66.37086,-73.956024,-73.49474,-82.30152,-57.78283
4770.403724357148,11.333363466498788,2.5309289812483127,0.0,-75.2942,-73.526115,-79.73146,-74.877335,-78.406555,-80.02339,-64.45059,-63.88557,-74.31743,-75.122604,-79.3126,-61.16057
4773.723420755448,10.9713167995331,1.6767651792036655,0.0,-71.64139,-73.77876,-83.75374,-75.01656,-77.85015,-80.89568,-65.18304,-63.327126,-74.49682,-77.68146,-80.65699,-64.65738
4777.043117153748,10.482416442189416,1.1088238581195715,0.0,-69.37075,-73.692345,-85.389626,-76.16672,-78.21707,-80.19126,-65.6731,-64.03242,-74.61579,-78.54915,-82.953384,-65.82036
4780.3628135520485,9.80186612780921,1.871784365997324,0.0,-72.28156,-72.26621,-83.67612,-75.041756,-74.76003,-81.52095,-66.01479,-64.22535,-74.52293,-77.61374,-81.754105,-66.50716
4783.6825099503485,9.26733232101271,2.471046721908079,0.0,-66.051865,-70.84629,-83.04106,-75.06421,-75.37724,-78.15624,-66.09173,-65.07424,-73.578255,-77.41815,-81.79609,-70.84212
4787.0022063486485,8.608257245352497,3.2099314800662464,0.0,-62.147694,-71.55894,-83.011856,-76.78807,-77.73679,-73.651306,-65.9235,-67.67278,-71.928955,-77.14966,-82.49524,-72.64444
4790.321902746949,7.816464790531736,4.097604824268572,0.0,-65.85269,-74.74053,-83.30674,-79.385254,-77.86472,-77.39992,-65.60112,-71.94632,-66.24745,-78.1994,-80.694626,-75.3721
4793.641599145249,7.002860237287999,5.009731569401039,0.0,-70.422104,-75.387245,-82.77645,-79.69951,-77.551186,-78.54833,-66.21899,-74.314026,-63.66265,-75.51794,-79.74399,-74.47819
4796.961295543549,6.293998575643801,5.80443174359121,0.0,-70.40413,-72.72425,-81.042404,-78.936966,-76.30764,-77.9374,-68.00852,-76.49377,-62.125362,-68.33637,-83.01771,-72.672775
4800.280991941849,5.618278004828667,6.56197765753599,0.0,-69.357635,-69.23234,-77.67187,-77.77018,-76.90623,-76.969284,-72.08433,-76.263885,-61.89122,-63.429672,-89.72327,-72.8594
4803.600688340149,4.917686619329459,7.347406079212731,0.0,-67.783905,-67.91688,-77.35101,-76.389244,-75.88454,-76.85531,-74.08973,-76.17363,-61.370377,-62.23516,-88.305855,-76.01893
4806.920384738449,4.235279896843582,8.112447794080186,0.0,-65.26386,-65.94431,-75.6725,-74.559944,-76.62471,-77.25252,-73.06624,-76.487785,-62.30689,-62.175194,-80.75829,-82.22588
4810.240081136749,3.632560362712226,8.788152723094141,0.0,-64.51838,-65.81617,-75.01898,-75.868355,-79.118065,-78.91828,-70.76149,-75.82274,-64.3858,-63.963486,-80.098854,-82.657684
4813.559777535049,3.129787924812729,9.35180761599664,0.0,-65.325455,-64.80379,-73.61663,-75.617455,-77.819756,-80.15509,-69.07101,-75.496796,-66.77101,-66.02675,-80.789055,-82.00608
4816.879473933349,2.3031378727564187,10.278559584553806,0.0,-74.02263,-66.69966,-69.41248,-72.1351,-74.04038,-80.193855,-68.46189,-78.40829,-69.80087,-77.68776,-83.742134,-80.17251
4820.199170331649,1.6730669807441,10.984927942059468,0.0,-79.59384,-67.764114,-66.86767,-69.783875,-74.27917,-79.892105,-69.77231,-81.964005,-71.624855,-78.54974,-85.05598,-80.34969
4823.518866729949,1.2965126929185335,12.176050980490192,0.0,-77.62129,-69.766785,-65.07676,-65.38133,-72.672264,-79.3579,-77.65259,-85.59374,-72.12458,-78.630775,-86.91485,-79.39885
4826.838563128249,1.0352727451403612,13.002409703302463,0.0,-74.757355,-69.211266,-65.69208,-65.38981,-73.27993,-79.44558,-83.18534,-85.77876,-71.463715,-78.35022,-85.03829,-81.352684
4830.158259526549,1.2308845449916994,13.86683197415007,0.0,-76.3858,-75.86646,-66.16862,-66.91718,-75.34398,-78.300766,-81.15958,-82.09035,-72.37857,-79.16135,-80.10857,-83.828705
4833.477955924849,1.48532464763843,14.991220643400789,0.0,-74.306694,-78.90068,-69.210976,-69.17552,-77.619354,-77.90636,-77.35209,-79.7007,-73.03492,-81.96576,-81.538506,-85.834236
4836.797652323149,1.669545736563508,15.805306563307758,0.0,-72.9175,-78.31359,-70.946465,-71.03004,-78.47865,-78.03514,-73.89358,-78.757675,-73.58548,-82.64211,-85.021225,-85.81674
4840.117348721449,1.511837868849612,14.737534542143704,0.0,-74.702065,-78.456245,-68.98848,-68.15078,-77.08483,-77.80069,-78.19542,-80.17154,-72.859505,-81.452835,-81.17292,-86.11314
4843.437045119749,1.363242831216356,13.73146156703728,0.0,-77.03749,-75.71284,-66.0574,-66.01405,-75.27522,-77.97656,-81.14342,-82.453735,-72.294716,-79.46351,-80.1313,-83.83983
4846.756741518049,1.2141186484395956,12.7218059781554,0.0,-75.86857,-69.4115,-65.22559,-65.213295,-73.09605,-79.10647,-82.470764,-85.59052,-71.67045,-78.61002,-85.86052,-80.57658
4850.076437916349,1.0488213482974047,11.60264918005587,0.0,-78.66945,-68.79407,-66.86212,-65.56897,-74.84219,-80.08651,-73.058655,-85.26972,-73.129005,-76.99347,-86.08084,-80.80795
4853.396134314649,1.5959486315106766,10.71261529691511,0.0,-79.75675,-67.0015,-68.47012,-70.4554,-75.85796,-79.84741,-68.93966,-81.233536,-72.11771,-76.96922,-84.650276,-80.98447
4856.715830712949,2.092130927819901,9.905455666095431,0.0,-73.83286,-65.95658,-72.63465,-73.709465,-75.934845,-80.079025,-67.87643,-77.98519,-70.54493,-74.43215,-82.876114,-81.28053
4860.035527111249,2.674403523184798,8.958249494881604,0.0,-64.82651,-64.23789,-76.037254,-76.77496,-78.74416,-79.95622,-67.95198,-74.639984,-69.21012,-65.21928,-81.096634,-82.69222
4863.355223509549,3.1520204500717512,8.181290894691953,0.0,-64.063835,-64.19008,-76.59674,-76.487656,-79.669914,-78.4007,-71.44473,-76.59402,-65.990074,-62.5952,-80.963036,-82.20104
4866.6749199078495,3.561949818266711,7.514442359475007,0.0,-64.42548,-63.316082,-76.35322,-76.3733,-78.02712,-76.55764,-74.842514,-77.41563,-63.888382,-62.14958,-82.20048,-80.972466
4869.9946163061495,4.149201630080293,6.559136297272752,0.0,-66.29906,-65.9642,-74.204185,-77.33803,-78.34367,-75.85563,-75.591064,-77.04484,-63.77072,-63.447945,-86.3681,-74.05337
4873.31431270445,4.696464948071998,5.668881120904976,0.0,-67.6312,-72.75774,-73.56427,-78.09798,-77.51637,-76.13647,-73.45733,-77.38162,-64.35112,-66.72236,-86.81895,-74.03252
4876.63400910275,5.256407434995926,4.758000232192044,0.0,-67.25651,-76.06404,-74.75367,-79.231705,-78.89828,-78.03788,-71.14416,-77.30272,-64.449066,-79.3264,-82.295425,-76.11399
4879.95370550105,5.78245327059944,3.902260384925616,0.0,-65.78407,-75.80981,-76.015045,-79.99056,-79.29144,-78.81566,-70.54342,-75.879166,-66.1137,-81.00689,-82.49454,-78.5254
4883.27340189935,6.239632657239128,3.1585483506927705,0.0,-61.008667,-73.13527,-77.18018,-79.67998,-79.40674,-79.400826,-70.649704,-72.23886,-68.61332,-78.82604,-85.22417,-77.00687
4886.59309829765,6.80726792883855,2.235153300783775,0.0,-57.8578,-70.76457,-78.61904,-77.961105,-78.11408,-76.16558,-70.80857,-66.219666,-72.84388,-77.533104,-88.953064,-74.04819
4889.91279469595,7.1996611759667175,1.5968314766396872,0.0,-58.426655,-71.22621,-79.49762,-75.76412,-76.20504,-77.192444,-71.70091,-66.044044,-74.618385,-76.47149,-88.73654,-72.965965
4893.23249109425,6.715804917049068,2.524384265052387,0.0,-58.494915,-70.71879,-78.288635,-79.12801,-78.810104,-76.27956,-71.00475,-67.1505,-71.13174,-77.80782,-88.30002,-74.38924
4896.55218749255,6.194388682785979,3.5239395526004857,0.0,-62.642956,-74.48262,-76.81597,-79.88823,-79.252846,-78.92263,-70.657585,-74.378456,-67.21803,-80.09858,-82.62339,-78.619194
4899.87188389085,5.730543121311337,4.413131819950868,0.0,-67.36399,-76.06757,-75.56064,-79.95959,-78.95301,-78.50544,-70.45798,-76.53222,-64.675,-81.09504,-82.17818,-77.81501
4903.19158028915,5.297714397088013,5.242864788490982,0.0,-68.16533,-75.08768,-74.56915,-79.03092,-77.52578,-76.9213,-71.37926,-77.429756,-63.583,-70.662415,-84.422264,-74.425896
4906.51127668745,4.717172881009202,6.355763282834703,0.0,-68.04182,-69.003586,-75.18201,-77.78993,-79.037994,-76.08772,-74.017426,-76.899956,-62.934914,-63.134205,-89.25719,-73.3671
4909.83097308575,4.3734980967022485,7.01458808589528,0.0,-67.03832,-66.769165,-76.466965,-77.43747,-79.28568,-76.34919,-74.90887,-76.754906,-62.147144,-62.41232,-86.726875,-75.46328
4913.15066948405,3.872050743485043,7.975863014443737,0.0,-64.93975,-65.05733,-76.80298,-75.96281,-79.0018,-77.47311,-72.87299,-77.03332,-63.109665,-62.110165,-80.952644,-81.98527
4916.47036588235,3.50019059880301,8.688719173152792,0.0,-64.42037,-65.620125,-75.71978,-76.39184,-79.457054,-78.89713,-70.5412,-75.85413,-64.95197,-63.687557,-80.19466,-82.668304
4919.79006228065,3.147048022944367,9.365693739272183,0.0,-65.350395,-64.82357,-73.529175,-75.56754,-77.78284,-80.15774,-69.116234,-75.535995,-66.6465,-66.05332,-80.75271,-81.98166
4923.10975867895,2.6424447394675266,10.333018588346436,0.0,-72.34791,-66.24592,-68.54534,-72.39219,-73.15137,-80.47732,-69.14152,-78.194336,-68.40074,-76.62046,-83.88365,-79.67774
4926.42945507725,2.1185310986010766,11.337361406108425,0.0,-78.98396,-68.52677,-65.697105,-69.2052,-71.707375,-79.661354,-71.22162,-81.859375,-70.03815,-82.40994,-85.65891,-78.77978
4929.74915147555,1.7071901138321168,12.125902363012344,0.0,-77.69602,-71.387924,-64.25957,-67.016685,-72.8341,-78.137566,-77.25727,-84.470085,-71.29546,-79.471054,-86.191376,-79.14108
4933.06884787385,1.3546631635055038,12.801696774554156,0.0,-76.50495,-70.00565,-65.15123,-65.26224,-73.68747,-78.60146,-82.51805,-85.135506,-71.58229,-78.794945,-84.37819,-81.16211
4936.38854427215,1.954295434846776,11.935769983930584,0.0,-78.3394,-71.4633,-64.57395,-68.21694,-72.65389,-78.304146,-75.21835,-84.18856,-70.79829,-80.64923,-86.24475,-78.93546
4939.70824067045,2.4400123938626868,11.234347883129884,0.0,-78.76273,-68.186264,-65.95998,-69.64703,-72.060524,-80.059616,-71.217735,-81.360085,-69.39696,-82.57925,-85.63596,-78.341515
4943.02793706875,2.9527072410797697,10.493967111716634,0.0,-71.45369,-66.066376,-67.6996,-72.28615,-73.34905,-80.847534,-70.26702,-78.70538,-67.387375,-76.69614,-83.92799,-79.113045
4946.34763346705,3.379857156677425,9.877121466132468,0.0,-66.53618,-65.375465,-70.306595,-74.363365,-75.8728,-80.92799,-70.220695,-76.81525,-65.40119,-68.7406,-80.79213,-80.90844
4949.66732986535,3.8471571419002606,9.202295250463107,0.0,-64.88489,-66.2241,-73.14708,-74.81895,-78.01622,-79.39664,-70.53897,-76.21165,-63.50741,-64.94104,-79.76605,-82.0095
4952.9870262636505,4.385983688596856,8.424177786504575,0.0,-64.880066,-66.73911,-74.43553,-73.16417,-74.73416,-77.43593,-72.677765,-75.88234,-61.852333,-62.71154,-80.38901,-82.616455
4956.306722661951,4.952578063149264,7.605960902940112,0.0,-67.54745,-67.85686,-76.94883,-74.89263,-73.8623,-76.87436,-74.19672,-75.946175,-61.044487,-62.072826,-86.59708,-77.739265
4959.626419060251,5.554302209197617,6.73701324363074,0.0,-69.17426,-68.97757,-77.533714,-77.359535,-76.12471,-77.00423,-72.46702,-76.198616,-61.81083,-63.121475,-90.34248,-73.13317
4962.946115458551,5.984847510852989,6.115264333341841,0.0,-69.947845,-70.98185,-79.70081,-78.50773,-76.77925,-77.15644,-69.767975,-76.35145,-61.51768,-65.96759,-86.26862,-72.5757
4966.265811856851,6.423072071141809,5.482425833481725,0.0,-70.6467,-74.12518,-81.07944,-79.60856,-76.645065,-78.43135,-67.89141,-76.51387,-63.005352,-70.672424,-80.67809,-73.40688
4969.585508255151,7.125818596046325,4.4675921228622695,0.0,-68.28273,-76.26472,-82.33284,-80.112465,-77.56566,-78.24387,-66.0044,-73.46307,-64.40977,-79.752785,-80.33802,-76.10855
4972.905204653451,7.608800159192561,3.770120197326847,0.0,-63.487095,-73.68828,-82.25431,-79.38144,-77.82925,-76.76491,-65.6314,-70.98647,-67.168335,-78.55864,-80.90748,-75.29859
4976.224901051751,8.065651735428979,3.1103824912210136,0.0,-60.426365,-71.345604,-82.61432,-77.96199,-77.843254,-73.91731,-67.45119,-67.48921,-70.25719,-77.3322,-82.54053,-72.81212
4979.544597450051,8.55390575421177,2.4052966316025297,0.0,-60.828026,-70.27251,-83.11948,-75.357605,-77.02897,-74.88413,-69.0427,-65.52076,-72.185905,-77.421104,-86.3457,-72.37976
4982.864293848351,8.994326281237324,1.7692869441337131,0.0,-66.310234,-70.953415,-83.56639,-74.53509,-73.74471,-79.84935,-69.98806,-64.75636,-73.45126,-78.35973,-86.394264,-70.043335
4986.183990246651,7.791441301977827,1.817905348989208,0.0,-59.007587,-70.6439,-81.10157,-74.89057,-76.51869,-74.948906,-73.37895,-65.71249,-72.21778,-77.388016,-89.23505,-72.613365
4989.503686644951,6.926201827180411,1.852876741772375,0.0,-57.5242,-71.07449,-78.95841,-76.91915,-77.00836,-76.88179,-70.634865,-66.17355,-74.39299,-77.12803,-89.09979,-73.78144
4992.823383043251,5.728174851643304,1.9012987950266464,0.0,-58.49198,-72.21064,-77.87667,-80.92864,-79.04689,-84.47374,-65.1378,-69.81086,-75.84965,-75.24335,-87.529106,-74.98044
4996.143079441551,4.863147764107282,1.9362616035062112,0.0,-60.508728,-72.41637,-77.31836,-80.378494,-79.68838,-85.20504,-64.209,-71.54581,-75.34299,-74.49658,-87.29561,-75.26932
4999.462775839851,3.930713930734847,1.9739488690332685,0.0,-63.794907,-71.61476,-75.61015,-78.603134,-79.60774,-82.64706,-68.12541,-73.713745,-74.09862,-74.273605,-90.70512,-75.71021
5002.782472238151,2.8442021083047155,2.017863684309878,0.0,-67.46345,-70.65703,-73.932335,-77.449425,-78.37479,-79.74032,-72.58481,-73.86437,-72.271324,-73.90033,-95.4986,-80.07814
5006.102168636451,1.6792442742892204,2.0649491435103178,0.0,-68.39129,-70.25935,-75.03728,-77.436295,-78.10763,-78.53218,-73.28043,-76.30692,-72.47592,-73.4301,-95.70786,-81.16424
5009.421865034751,1.0468004629492969,2.507618550498982,0.0,-69.27091,-70.47043,-76.85581,-77.9405,-79.062325,-78.266495,-73.22073,-79.54949,-72.21084,-73.37564,-93.10471,-81.9818
5012.741561433051,2.085319377853355,3.058523978692836,0.0,-67.12149,-69.866325,-74.94952,-78.58892,-80.210236,-79.536995,-72.37795,-74.88388,-71.106445,-74.08571,-93.91578,-78.87047
5016.061257831351,2.745713819319411,3.408844880249365,0.0,-66.08277,-68.59073,-75.27689,-79.44179,-81.13356,-80.573074,-70.488976,-74.85044,-69.39716,-74.56908,-88.92246,-75.75349
5019.380954229651,3.753291260485877,3.9433367163615274,0.0,-65.142044,-69.27632,-75.14713,-80.01841,-81.04471,-80.97019,-69.76825,-74.93334,-67.35676,-76.18379,-83.92191,-75.19077
5022.700650627951,4.77530472110652,4.485486459676613,0.0,-66.448524,-75.60725,-74.118286,-78.78831,-79.86223,-78.863594,-71.155685,-77.14618,-65.35674,-80.39809,-82.48027,-76.380066
5026.020347026251,5.463156061934761,4.85037248343065,0.0,-67.49468,-75.89107,-74.9683,-79.47825,-78.41265,-77.81682,-70.81829,-77.235054,-63.972565,-77.02678,-82.366936,-75.87512
5029.340043424551,6.348261425457708,5.319896285347472,0.0,-70.32826,-74.66926,-80.26147,-79.884995,-76.89187,-78.383354,-68.474915,-76.604774,-63.446983,-71.612724,-80.53896,-74.23496
5032.659739822851,7.072753371785889,5.704219132227731,0.0,-71.47564,-72.75185,-83.04997,-77.79276,-75.78176,-79.03778,-66.922226,-74.048744,-61.494328,-70.269905,-79.711754,-72.634186
5035.979436221151,8.107842465754288,6.253305135715814,0.0,-72.71832,-70.25891,-83.002716,-72.91946,-71.94913,-77.78684,-66.838715,-71.6755,-61.684147,-69.645935,-80.102264,-71.830215
5039.299132619452,9.080605931204012,6.769329125047222,0.0,-71.40792,-71.059555,-80.97452,-73.559814,-72.77899,-75.1357,-66.700325,-70.43989,-65.94275,-71.08976,-82.90837,-71.20758
5042.618829017752,9.985303856455284,7.249246236564335,0.0,-70.27011,-73.20385,-80.12779,-74.69458,-74.37657,-72.636284,-66.75521,-68.91956,-69.58923,-72.32228,-81.633606,-71.429
5045.938525416052,10.795484986802714,7.679024814617356,0.0,-71.46884,-74.595535,-78.01199,-74.84298,-75.13761,-70.37372,-68.35795,-70.73211,-70.54916,-74.217575,-75.24467,-71.53865
5049.258221814352,11.482891789139774,8.043675023053714,0.0,-72.87043,-73.817,-75.33801,-76.04433,-74.869545,-68.77725,-68.05604,-72.688866,-70.55591,-75.332,-73.36022,-71.50668
5052.577918212652,12.2187612472865,8.434033323819524,0.0,-73.03467,-72.74764,-74.39996,-77.79685,-74.608604,-67.4795,-66.2155,-76.71349,-69.53745,-74.61203,-72.874466,-70.095665
5055.897614610952,13.26290690305999,8.987923581700661,0.0,-74.34484,-72.21487,-72.70248,-77.08095,-74.17761,-66.7155,-64.21636,-78.40104,-69.526436,-74.49629,-72.74395,-68.6752
5059.217311009252,14.358356471212922,9.5690291395747,0.0,-77.8664,-75.45816,-75.364075,-76.8998,-74.491486,-68.15929,-58.90525,-78.12357,-71.40025,-76.31799,-73.076645,-68.673584
5062.537007407552,15.028966883504244,9.924769329794284,0.0,-79.348434,-78.372406,-77.03129,-77.34722,-74.36433,-68.488655,-60.131073,-76.71379,-73.978645,-77.02892,-72.72613,-69.459885
5065.856703805852,15.71884881336343,10.290732524607533,0.0,-81.93625,-79.97786,-79.06471,-78.365,-74.07806,-66.31293,-63.24063,-74.00603,-75.32126,-77.70246,-72.15032,-70.428535
5069.176400204152,16.56824501575918,10.741313608756872,0.0,-82.30681,-81.16419,-82.92924,-79.90714,-73.72283,-66.9234,-65.556335,-72.81583,-75.874725,-78.642494,-73.11212,-71.14121
5072.496096602452,17.295795978031244,11.127259178597908,0.0,-81.63484,-80.67485,-82.9109,-81.47515,-73.427826,-68.86484,-67.69594,-74.52227,-75.6051,-78.909256,-74.47928,-72.42397
5075.815793000752,18.21588602347136,11.615341382191588,0.0,-80.66204,-79.782555,-82.578964,-81.6671,-72.53209,-70.0438,-69.83598,-75.84922,-77.50003,-78.90321,-76.724686,-74.486916
5079.135489399052,19.255884762686247,12.167031816064114,0.0,-80.25174,-78.671715,-82.38126,-81.7274,-73.24377,-69.83778,-70.45972,-77.496254,-79.68852,-79.226906,-77.082184,-76.24085
5082.455185797352,18.567947544288398,12.875259829870286,0.0,-78.278786,-78.02938,-84.879944,-82.07219,-70.57357,-70.18741,-74.832535,-77.714195,-81.7829,-76.94821,-73.00948,-76.018326
5085.774882195652,17.948797888100994,13.51267138360422,0.0,-77.85726,-77.73919,-84.885056,-81.16177,-70.91866,-71.28088,-77.60317,-78.49143,-80.590195,-76.855255,-70.74016,-75.06712
5089.094578593952,17.09971574684847,14.386797310179388,0.0,-78.19666,-77.81092,-80.46466,-80.97937,-73.57856,-72.16324,-72.659546,-79.01157,-79.20897,-78.87388,-68.45,-71.83018
5092.414274992252,16.559540546992352,14.94290504598763,0.0,-79.79755,-76.775475,-79.00464,-78.11847,-71.07803,-66.11801,-70.6146,-79.277016,-82.01813,-77.40966,-70.51902,-71.78929
5095.733971390552,15.817362020291135,15.706974222357156,0.0,-80.09995,-77.743416,-79.49598,-76.498825,-66.96815,-65.74605,-72.86687,-81.09024,-82.7396,-71.836815,-74.04339,-75.46938
5099.053667788852,15.277383519145063,16.262879457801983,0.0,-82.68848,-76.87965,-77.01571,-79.35532,-65.071045,-71.368645,-76.07123,-83.55744,-80.43454,-70.82804,-78.44104,-81.69101
5102.373364187152,16.039681030091554,15.782681251266462,0.0,-80.43672,-77.419785,-79.348305,-76.31299,-67.856735,-66.44458,-73.18117,-80.57926,-82.71971,-72.30749,-74.40531,-75.17097
5105.693060585452,17.09255363518238,15.119439499306331,0.0,-80.71388,-75.562096,-78.245316,-78.575516,-74.00715,-71.24098,-73.487495,-78.72872,-80.50229,-79.10509,-71.063576,-72.36436
5109.012756983752,18.06804885020462,14.504940506444552,0.0,-78.45684,-77.65877,-80.56402,-82.29735,-75.45048,-75.73111,-77.73712,-79.84414,-77.98305,-78.6572,-70.21083,-74.7428
5112.332453382052,18.697720832417076,14.10828781871813,0.0,-78.07548,-77.67624,-83.05157,-82.80235,-73.60471,-72.66594,-78.83345,-80.07306,-80.19971,-77.45913,-71.2551,-77.86543
5115.652149780352,19.51808391726853,13.591512050206838,0.0,-78.586296,-78.00927,-84.55669,-83.17491,-72.98271,-69.90704,-75.790596,-80.56379,-81.697716,-77.42448,-72.706665,-79.02114
5118.971846178652,18.66294828231833,12.86003385063332,0.0,-78.338455,-78.0089,-84.55723,-82.27954,-71.01737,-70.08082,-74.34627,-77.76847,-81.77847,-77.094025,-73.14231,-76.19743
5122.291542576952,17.784572958748118,12.108676552475163,0.0,-79.553116,-79.39143,-83.62328,-80.63847,-70.49762,-69.224464,-72.191826,-75.4478,-80.572044,-77.5297,-73.48772,-73.89992
5125.6112389752525,16.93775264521079,11.384311231943716,0.0,-81.29043,-80.641754,-83.04768,-78.858864,-72.35438,-67.61954,-67.94153,-73.98136,-78.36399,-78.35292,-72.75183,-71.90882
5128.9309353735525,16.26027924845513,10.804804308990327,0.0,-82.36391,-81.28911,-80.9307,-78.1769,-73.57942,-66.0553,-65.26136,-72.72286,-76.81657,-78.59039,-72.13431,-70.76215
5132.250631771853,15.637369460355576,10.271970789168275,0.0,-81.77274,-79.84698,-78.660965,-78.10781,-74.074974,-66.436714,-62.930305,-74.23217,-75.31848,-77.66632,-72.100494,-70.34989
5135.570328170153,15.067868034532522,9.78482248123949,0.0,-79.415596,-77.961075,-77.56746,-78.22618,-74.59484,-68.75957,-59.580063,-77.17977,-73.47445,-76.62257,-72.857834,-69.419754
5138.890024568453,14.29000164990579,9.11943996263043,0.0,-78.31091,-74.90513,-76.5334,-78.37731,-74.820114,-68.24058,-59.553413,-78.78955,-71.66786,-75.8771,-72.8542,-68.28898
5142.209720966753,13.521384148885438,8.461968886898914,0.0,-76.84155,-73.88028,-75.63713,-78.01273,-74.60234,-68.43584,-64.08091,-79.0731,-72.36576,-75.626854,-72.991356,-67.786316
5145.529417365053,12.951933833736996,7.974864298752952,0.0,-76.835304,-74.67146,-76.21779,-78.36858,-74.583725,-69.99502,-65.83005,-78.095825,-74.00503,-75.31151,-73.625725,-68.10002
5148.849113763353,12.37947931755121,7.485189933981927,0.0,-77.01751,-75.694405,-76.299225,-78.91068,-75.01165,-71.17264,-69.165596,-76.04368,-75.432816,-75.84575,-74.28115,-68.93751
5152.168810161653,11.455191398717586,6.694559260760897,0.0,-74.81802,-74.71004,-76.24701,-79.50633,-76.68119,-71.83764,-67.93596,-72.52193,-77.65017,-74.56812,-77.76805,-69.22064
5155.488506559953,10.587177625550042,5.952065174382911,0.0,-72.085526,-72.926765,-77.818985,-78.00776,-78.873985,-72.9776,-66.47409,-70.8564,-77.560844,-73.528275,-84.18122,-69.43468
5158.808202958253,9.793975755560968,5.273564768079831,0.0,-71.65278,-73.93876,-78.49984,-77.08831,-79.14192,-73.16636,-65.83075,-72.39552,-75.42888,-72.913734,-82.36193,-70.01416
5162.127899356553,9.075459828521314,4.658950296182086,0.0,-69.47267,-74.80586,-82.15467,-76.78052,-78.00648,-74.5352,-65.597755,-71.370445,-71.288345,-73.24779,-81.397896,-72.13628
5165.447595754853,8.127978969817471,3.848480512993346,0.0,-64.30372,-73.55154,-83.14825,-78.42821,-77.99472,-76.40108,-65.538994,-70.42521,-67.87336,-77.48012,-81.39193,-73.945854
5168.767292153153,7.250129918413075,3.097573385077901,0.0,-59.759174,-71.69278,-79.62829,-79.54827,-77.86569,-74.54448,-71.35143,-68.38636,-69.393036,-78.00004,-83.4074,-74.521706
5172.086988551453,6.611331929104643,2.551149187543758,0.0,-58.56884,-70.83127,-78.139465,-79.698296,-78.99249,-76.84299,-70.617004,-67.68835,-71.13428,-77.7915,-88.19377,-74.56875
5175.406684949753,5.992130989153626,2.0214881955118047,0.0,-58.2166,-71.78984,-78.05649,-80.68446,-78.9647,-82.36,-66.34672,-68.78391,-75.4453,-75.90616,-87.83054,-74.813
5178.726381348053,5.139704366647614,1.2923272699054915,0.0,-61.372852,-72.68092,-77.50513,-81.53987,-78.904816,-83.63942,-66.3616,-73.56493,-77.29066,-75.03102,-87.80905,-75.386375
5182.046077746353,6.23321951964453,1.6406453468144784,0.0,-57.957237,-72.10147,-78.42186,-79.69499,-78.40308,-82.11044,-66.71577,-68.47309,-76.59185,-76.58582,-87.45431,-74.35585
5185.365774144653,7.052470013970201,1.901601727627483,0.0,-57.61521,-70.85985,-79.18223,-76.708786,-76.840935,-76.1826,-71.38639,-66.033134,-73.94776,-76.990585,-89.26864,-73.556694
5188.685470542953,7.921474928504129,2.178406415541826,0.0,-58.576645,-69.95865,-81.66255,-75.55717,-77.016426,-73.87441,-73.24859,-65.74327,-71.48968,-77.40018,-88.87676,-72.73134
5192.005166941253,8.77556992881756,2.450461839000228,0.0,-62.25648,-70.423805,-83.14648,-75.304565,-76.722336,-75.89065,-67.39345,-65.42167,-72.719604,-77.41989,-84.85867,-71.99521
5195.324863339553,9.663189267796325,2.733195791367489,0.0,-68.35386,-71.576355,-82.46118,-75.53982,-75.90962,-77.87681,-65.58958,-65.17178,-73.92838,-75.82878,-79.59629,-69.540726
5198.644559737853,10.798396260352806,3.0947939964378346,0.0,-73.78902,-73.313965,-78.798386,-75.649704,-77.844666,-76.371956,-64.88378,-65.476425,-74.23931,-73.33708,-79.68987,-62.9847
5201.964256136153,11.829434099479764,3.4232111348385788,0.0,-73.65374,-73.53031,-76.4389,-75.54078,-79.24915,-74.47634,-65.01606,-66.162964,-73.95859,-73.580894,-82.567505,-57.718773
5205.283952534453,12.860921799962997,3.7517715678631456,0.0,-72.28283,-72.577385,-74.65964,-77.06449,-79.64601,-73.73611,-65.82815,-68.102516,-73.25855,-75.46286,-84.17564,-58.273464
5208.6036489327535,13.801698419956688,4.051437742747933,0.0,-72.70363,-72.77992,-75.59741,-77.854546,-79.28914,-74.29183,-67.408676,-70.199646,-73.36602,-78.060074,-81.951324,-63.50639
5211.9233453310535,14.540612540070631,4.2868045272077655,0.0,-75.79066,-76.09718,-77.34836,-78.102806,-77.95467,-74.030655,-68.99601,-70.37886,-74.79884,-79.90675,-76.51971,-67.9479
5215.2430417293535,15.314043707225458,4.533166048606455,0.0,-78.36832,-80.56714,-79.00393,-78.175865,-77.032585,-73.1944,-70.253784,-69.74789,-76.23605,-80.96971,-74.95267,-72.19465
5218.562738127654,16.225574966048445,4.823516680004196,0.0,-78.37271,-80.27786,-80.32238,-78.58872,-76.968605,-73.41494,-66.45213,-67.47129,-77.95953,-80.06497,-77.00865,-73.2839
5221.882434525954,17.106283820225144,5.104049431253972,0.0,-80.496414,-79.560524,-79.70292,-79.19178,-77.77208,-75.43929,-57.834763,-65.93154,-80.62825,-78.8295,-79.72959,-73.29003
5225.202130924254,18.17135712238169,5.443307907332279,0.0,-80.84773,-78.46733,-78.86775,-80.10353,-78.531876,-78.55623,-53.404346,-66.45394,-83.68158,-77.13719,-81.993744,-74.57499
5228.521827322554,18.926634250644565,5.683886811180912,0.0,-81.08934,-78.23069,-78.49414,-80.45695,-79.43802,-80.065346,-59.207676,-68.43932,-84.22974,-76.295395,-83.11259,-75.571724
5231.841523720854,17.731326621040775,5.659330235660504,0.0,-81.12447,-80.101135,-79.13185,-80.14189,-77.73721,-76.59107,-48.96792,-66.381584,-83.53188,-77.03958,-81.54057,-74.16995
5235.161220119154,16.969929698920946,5.643687985451461,0.0,-80.16994,-81.30351,-79.540764,-79.47153,-77.05813,-73.85176,-54.030247,-66.83804,-81.3227,-77.7268,-79.77953,-71.662636
5238.480916517454,15.981656846253602,5.623384762799616,0.0,-79.05557,-82.31476,-79.022316,-78.96946,-75.75717,-70.01496,-64.47897,-70.67358,-78.13707,-79.054405,-76.75106,-69.7882
5241.800612915754,14.912358842660604,5.601416947545432,0.0,-79.717606,-80.905716,-76.4808,-79.49139,-75.41429,-69.53083,-67.90199,-74.16407,-75.597916,-80.49142,-73.601685,-66.369026
5245.120309314054,13.661868079305211,5.575726681619423,0.0,-79.58435,-77.98274,-74.624405,-80.31059,-75.921715,-71.84195,-70.0282,-75.561066,-73.02522,-79.76501,-74.027145,-59.938168
5248.440005712354,12.912003556610395,5.560321354718152,0.0,-77.39928,-75.12611,-74.95633,-80.557884,-77.32833,-72.530334,-68.04255,-75.20764,-73.07942,-78.184135,-76.43917,-62.53125
5251.759702110654,11.816049788903848,5.537805919530574,0.0,-74.452545,-73.93888,-75.44577,-80.106094,-78.57748,-72.04695,-67.0365,-74.53292,-75.49416,-75.41401,-81.655396,-66.78041
5255.079398508954,11.073832675125944,5.522557702121414,0.0,-73.21681,-73.63267,-76.13902,-79.14348,-79.04232,-72.64418,-66.563515,-73.18283,-76.91972,-74.12859,-83.46906,-68.85367
5258.399094907254,9.931600469195056,5.499091515901151,0.0,-71.69027,-73.63782,-78.1632,-77.14894,-79.311455,-73.12361,-65.942055,-72.30136,-76.15379,-73.34434,-83.043274,-69.90351
5261.718791305554,8.783259965495148,5.475499839914278,0.0,-71.84707,-73.52928,-82.881165,-75.42821,-77.08633,-76.09055,-66.12466,-71.225876,-67.79618,-71.897224,-80.2892,-72.2125
5265.038487703854,7.9426582666485,5.458230395137829,0.0,-72.063126,-74.01453,-83.826195,-76.840034,-76.43264,-77.733986,-66.29636,-72.12058,-62.86429,-72.20779,-79.536766,-72.73848
5268.358184102154,6.9359369942269415,5.437548165440679,0.0,-70.980156,-74.17837,-82.68096,-79.195816,-76.659744,-78.86724,-66.657524,-74.580765,-62.760246,-71.77159,-79.78883,-73.057846
5271.677880500454,5.781726350055068,5.4138358924256895,0.0,-69.49299,-74.48719,-77.110596,-79.518906,-77.20149,-77.40769,-70.49736,-77.00685,-63.050335,-69.35943,-83.9892,-73.89465
5274.997576898754,4.601936837371964,5.389598123378745,0.0,-67.59193,-73.18132,-73.65008,-78.14166,-78.106865,-76.84898,-73.33153,-77.66238,-64.59372,-68.8547,-85.538925,-74.56963
5278.317273297054,3.7702052737265928,5.372510907962798,0.0,-66.3884,-66.83457,-72.69565,-77.37162,-79.401695,-76.930504,-74.33469,-77.04997,-65.96133,-69.712555,-83.94221,-75.27005
5281.636969695354,2.747277275569356,5.351495724911541,0.0,-65.796486,-62.472565,-72.776085,-76.31268,-80.9716,-77.06655,-75.91759,-76.715355,-67.098305,-70.07569,-83.94706,-75.18946
5284.956666093654,1.54539704702768,5.32680412095311,0.0,-66.70111,-58.532475,-72.134605,-76.4691,-81.59485,-78.06567,-79.43866,-76.38956,-68.113625,-73.11264,-86.29726,-78.010826
5288.276362491954,2.483552744686434,4.692619811886274,0.0,-65.720695,-63.20972,-73.30993,-78.89333,-82.22576,-79.589745,-73.22032,-75.7248,-67.912766,-74.5359,-85.25835,-74.904755
5291.596058890254,3.2386497167408246,4.182181456402386,0.0,-65.19304,-65.86673,-74.45685,-79.895935,-81.92439,-80.42678,-70.411545,-75.33947,-67.42846,-75.43578,-84.56479,-74.992874
5294.9157552885545,4.213614948696425,3.523114253021339,0.0,-65.35339,-72.06294,-76.428154,-80.76178,-80.43081,-81.59251,-68.03034,-74.926605,-68.568115,-76.37652,-84.19944,-75.65183
5298.235451686855,5.002849671127913,2.9895991036854035,0.0,-62.688374,-72.588135,-77.39251,-80.501945,-80.07555,-82.70331,-66.931274,-74.100136,-71.19722,-75.01074,-85.12638,-75.87446
5301.5551480851545,5.87857540742166,2.3976168534155686,0.0,-59.461765,-71.48486,-78.068954,-80.11096,-79.33699,-82.05767,-67.25505,-69.75135,-73.85166,-76.143684,-87.334564,-75.12311
5304.874844483455,6.614469871107548,1.900159210549448,0.0,-57.33314,-71.38567,-78.65138,-77.98811,-77.941315,-78.06087,-68.98082,-66.44178,-74.79706,-77.10818,-88.71351,-74.322136
5308.194540881755,7.490972366375303,1.3076518786172922,0.0,-60.32516,-71.921165,-79.96145,-74.481255,-74.44888,-79.266716,-71.03153,-66.288956,-74.85243,-76.40332,-87.82281,-72.10457
5311.514237280055,8.382271802312403,2.023487373333733,0.0,-60.94247,-70.27923,-82.43467,-74.703,-76.08399,-75.250786,-71.84273,-65.236084,-71.93946,-77.82593,-88.20897,-72.388115
5314.833933678355,9.248127705891298,2.71888822752578,0.0,-65.066696,-70.89096,-82.86686,-75.40775,-76.352425,-76.619545,-65.908646,-65.5029,-73.39811,-76.56131,-80.72818,-71.36219
5318.153630076655,10.208857268008671,3.490485620790073,0.0,-70.56808,-72.97795,-79.847244,-75.89383,-77.964485,-73.764404,-65.095795,-67.88147,-74.149086,-73.02809,-81.401436,-68.717026
5321.473326474955,11.037394084534476,4.155914137891019,0.0,-72.12609,-73.818,-76.978645,-76.08143,-79.14456,-72.67241,-65.51636,-70.86869,-74.4154,-72.816414,-82.453964,-65.90563
5324.793022873255,11.9765786912367,4.910207981757198,0.0,-73.78311,-73.34386,-75.48034,-79.636696,-78.70627,-72.18267,-66.41879,-73.748,-73.54684,-74.89606,-83.35697,-64.10355
5328.112719271555,12.58897054165636,5.402042493853097,0.0,-75.719536,-74.00713,-74.90555,-80.28573,-77.95042,-72.37481,-67.37707,-74.65105,-73.1866,-77.16581,-79.55324,-63.247253
5331.432415669855,13.482171337976457,6.119405041314687,0.0,-82.199005,-79.73495,-75.27139,-81.70709,-75.669716,-72.46258,-71.431366,-78.00522,-75.079414,-80.78805,-73.47722,-64.67378
5334.752112068155,14.428084481939528,6.87910282195524,0.0,-81.636345,-79.69151,-76.06114,-82.78701,-74.84468,-70.23893,-65.59403,-78.65541,-76.49613,-81.898834,-72.44838,-65.88142
5338.071808466455,15.308036209855606,7.585824553263332,0.0,-79.28627,-79.043884,-77.05447,-83.2444,-74.598625,-69.52052,-59.56336,-79.61742,-75.74662,-80.34347,-72.27176,-68.21956
5341.391504864755,16.04017884509307,8.173835343315258,0.0,-77.80717,-78.90505,-78.20617,-83.14126,-74.27576,-69.29773,-55.38303,-78.716034,-75.07204,-78.51319,-73.03249,-69.80412
5344.711201263055,16.879701820342788,8.84808725023121,0.0,-77.850136,-78.081955,-79.622604,-82.1498,-73.228004,-70.854935,-60.15522,-75.96529,-74.266525,-78.6764,-74.843414,-70.26963
5348.030897661355,17.73965956185407,9.538751072634216,0.0,-79.45883,-76.57301,-81.26625,-81.10244,-71.94878,-71.78002,-64.81861,-72.79809,-73.708565,-79.69425,-77.40091,-71.14423
5351.350594059655,18.56246576584048,10.19957712316022,0.0,-81.32732,-76.63283,-82.252655,-80.24104,-72.30479,-72.61059,-67.40248,-74.33383,-72.87751,-80.92031,-78.58214,-72.5055
5354.670290457955,19.18303547317634,10.697979574172376,0.0,-82.97456,-76.7415,-83.339806,-81.375725,-73.323135,-74.13177,-68.46504,-75.32569,-72.666756,-81.91585,-78.993935,-74.0977
5357.989986856255,18.36326187306792,10.315815410518034,0.0,-81.95998,-77.48997,-83.39192,-81.368195,-72.36201,-71.64786,-67.273544,-74.31925,-72.71224,-80.20349,-78.6061,-72.61678
5361.309683254555,17.66007499959193,9.98800194670422,0.0,-81.361206,-78.04791,-83.75198,-81.53773,-72.74274,-71.18255,-65.88376,-73.198006,-72.52075,-78.79027,-77.76598,-71.59705
5364.629379652855,16.689624627435496,9.535594898228693,0.0,-80.96713,-78.79901,-84.41711,-82.892075,-74.2076,-69.883,-63.371307,-74.73881,-73.010666,-76.687256,-74.44587,-70.56205
5367.949076051155,15.854668235001888,9.146352781429574,0.0,-79.1464,-78.36775,-84.88551,-83.48241,-75.484184,-70.58295,-57.99807,-77.89152,-74.24087,-75.37449,-73.06935,-69.86343
5371.268772449455,14.846272411344223,8.67625622485628,0.0,-78.81047,-76.57639,-80.52336,-82.42717,-75.887566,-71.25604,-58.078274,-79.29163,-74.91159,-75.66734,-72.696106,-68.478096
5374.588468847755,14.13974399846274,8.346884993614909,0.0,-78.53091,-75.7326,-78.60518,-80.48108,-75.36612,-71.36397,-62.087517,-79.78257,-75.01529,-76.481804,-72.85524,-67.67496
5377.908165246055,13.448872986662922,8.024812969848119,0.0,-78.29788,-75.211426,-77.16063,-79.1637,-75.00344,-70.994026,-64.64588,-79.402504,-75.30856,-76.453995,-73.220375,-67.73838
5381.227861644356,12.483704124270488,7.574868069167451,0.0,-77.2074,-75.507866,-76.308014,-78.79697,-74.91217,-70.99417,-68.61077,-76.4431,-75.14054,-75.723625,-74.15833,-68.87592
5384.547558042656,11.475318928317916,7.104776467045028,0.0,-74.101814,-75.272644,-76.48485,-78.70702,-75.47608,-71.59212,-68.91529,-72.61564,-76.01617,-73.66506,-75.446,-69.52243
5387.867254440956,10.390087578882651,6.598860527603275,0.0,-71.491554,-72.970566,-79.41477,-77.267975,-76.91549,-73.26749,-66.74564,-69.26087,-76.60174,-71.4678,-83.21077,-70.15513
5391.186950839256,9.38250152936972,6.129141473621829,0.0,-71.82759,-72.32459,-80.469696,-75.43069,-76.82733,-74.712685,-66.408745,-71.201904,-72.30014,-70.90778,-82.59141,-71.27617
5394.506647237556,8.577988342866178,5.754091448799911,0.0,-72.228745,-72.83464,-83.18943,-74.148834,-75.97275,-76.64111,-66.36414,-71.30111,-65.72072,-71.15767,-80.1346,-72.034935
5397.826343635856,7.837291729858019,5.408791598213812,0.0,-71.8978,-74.231445,-83.85407,-77.29739,-76.71532,-77.93768,-66.27241,-72.37446,-62.63617,-72.46433,-79.45741,-72.837204
5401.146040034156,6.749426771785416,4.901647916329329,0.0,-69.87925,-75.615166,-81.48128,-79.98528,-77.534134,-78.36797,-67.08801,-74.79802,-63.726524,-75.75053,-79.92535,-75.52292
5404.465736432456,5.862334882896559,4.4881011398084425,0.0,-67.78419,-76.08386,-75.784325,-80.0467,-78.61453,-78.42318,-70.257805,-76.40169,-64.400665,-80.99182,-82.10301,-77.577324
5407.785432830756,5.146751585965499,4.154508679450477,0.0,-66.385765,-75.96277,-75.141464,-79.531815,-79.64792,-79.129555,-70.45485,-77.10053,-65.54861,-80.60028,-82.26307,-77.21556
5411.105129229056,4.15453208268823,3.6919532414840273,0.0,-65.36615,-71.64408,-76.1013,-80.52896,-80.45358,-81.316246,-68.66149,-75.1451,-67.98539,-76.69776,-83.89813,-75.70447
5414.424825627356,3.467780880622575,3.3718018012067072,0.0,-65.47349,-69.41137,-75.78991,-79.97833,-80.96896,-81.23121,-68.27367,-74.74997,-69.401985,-74.693344,-86.32125,-75.26137
5417.744522025656,2.7957110210595717,3.0584945469072067,0.0,-66.313286,-69.568306,-74.76422,-79.04669,-80.53663,-80.405655,-70.84971,-74.65526,-70.36558,-74.367744,-91.17829,-77.17734
5421.064218423956,1.829691294207052,2.60815298804588,0.0,-68.198105,-70.03933,-75.022415,-78.04746,-79.0391,-79.01057,-73.0552,-75.0017,-72.115685,-73.48817,-95.75717,-80.04813
5424.383914822256,1.0113360648413745,2.2266500441094945,0.0,-70.616844,-70.29217,-76.44619,-77.62846,-78.60092,-78.38036,-72.92639,-83.56761,-72.581,-73.91986,-92.608604,-82.183586
5427.703611220556,1.923123626710495,2.7737038108585645,0.0,-67.96643,-69.98298,-74.83782,-78.21029,-79.40648,-79.21742,-72.79484,-74.99284,-71.86683,-73.70808,-95.28805,-79.7601
5431.023307618856,2.792917694883068,3.2955623458822125,0.0,-66.1289,-68.9389,-75.1881,-79.375854,-80.99624,-80.57615,-70.574585,-74.78004,-69.69856,-74.51399,-89.55781,-76.1033
5434.343004017156,3.5362662390590414,3.741556169558955,0.0,-65.16349,-68.587776,-75.44161,-80.477005,-81.17795,-80.91562,-69.31008,-74.807274,-68.23602,-75.19771,-84.97942,-75.120155
5437.662700415456,4.378950510026095,4.247149384350903,0.0,-65.73134,-73.056786,-74.5743,-79.14821,-80.38769,-79.88159,-70.43439,-76.69929,-66.03528,-79.25115,-82.95394,-75.97836
5440.982396813756,5.121802712498489,4.69284541322336,0.0,-67.089714,-76.090965,-74.63098,-79.02363,-79.211555,-78.25414,-71.407684,-77.33453,-64.77622,-79.772446,-82.35263,-76.2893
5444.302093212056,6.077670454625425,5.266346380677364,0.0,-69.88847,-74.91008,-78.42041,-79.97001,-77.17234,-78.02776,-69.76693,-76.981186,-63.411034,-71.25498,-81.64669,-74.408676
5447.621789610356,6.8327170157455095,5.719358773701172,0.0,-71.28718,-72.84295,-82.538635,-78.29096,-75.91847,-78.9579,-67.09519,-75.39797,-61.597256,-69.94877,-80.0038,-72.72199
5450.941486008656,7.656539867552576,6.213635525284791,0.0,-72.51848,-69.88217,-83.17989,-73.43836,-70.73435,-78.372765,-67.13092,-72.02875,-61.060295,-69.21314,-79.60583,-71.90144
5454.261182406956,8.564252057614503,6.758244152846551,0.0,-72.06712,-69.71502,-81.50279,-72.65624,-71.75158,-76.3224,-66.89656,-71.61111,-62.10725,-70.42421,-81.68481,-71.74412
5457.580878805256,9.248338557476783,7.168681969923909,0.0,-70.77256,-72.05524,-80.58154,-73.251205,-72.689415,-73.80444,-66.75492,-69.815285,-65.31403,-71.734406,-83.01814,-71.475006
5460.900575203556,10.204852027636804,7.742570360904584,0.0,-70.49394,-74.02645,-79.3862,-73.34871,-74.90438,-70.990906,-67.53348,-69.07555,-67.44207,-74.49087,-76.94241,-72.64044
5464.220271601856,11.168314383894543,8.320627940491732,0.0,-71.75647,-73.48037,-75.610214,-74.27396,-74.85585,-68.61686,-67.40968,-72.082504,-68.21082,-76.670784,-72.88646,-73.652145
5467.5399680001565,12.062810784468304,8.85730736642538,0.0,-72.385765,-72.7158,-73.57688,-77.25322,-74.7597,-67.15972,-65.77343,-75.765594,-69.12733,-74.80456,-72.576164,-71.71941
5470.8596643984565,12.820837555383116,9.3121078239744,0.0,-73.470634,-72.16678,-72.27296,-77.92303,-74.54306,-66.78845,-64.68651,-77.62987,-69.8257,-74.46958,-72.5196,-70.455734
5474.179360796757,13.862844279590956,9.93729040739023,0.0,-76.17278,-75.013214,-72.66477,-76.94786,-74.589134,-67.70383,-60.714024,-77.820045,-71.69267,-76.620026,-72.94057,-68.79889
5477.499057195057,14.62590732451451,10.395112525666027,0.0,-77.831764,-78.15122,-74.61713,-75.29358,-74.05694,-68.02801,-61.39792,-75.696976,-73.21893,-77.99635,-72.22714,-69.19671
5480.818753593357,15.484070545107029,10.909992791578274,0.0,-82.57964,-80.05385,-77.11984,-74.57683,-73.412445,-65.09681,-64.423065,-72.90428,-76.40035,-78.34385,-70.68629,-70.346115
5484.138449991657,16.28866884088912,11.392735205310233,0.0,-81.80226,-80.93976,-80.77814,-76.15569,-72.12368,-65.65353,-66.50761,-72.70189,-77.23471,-77.99938,-70.87165,-70.97556
5487.458146389957,17.131014114539596,11.898125028690949,0.0,-80.23811,-80.17419,-84.10003,-78.64341,-70.698074,-67.7866,-69.69008,-74.617226,-79.12379,-77.59208,-72.095955,-72.44114
5490.777842788257,18.031672263647543,12.438501376897234,0.0,-78.91937,-78.81357,-84.54691,-81.09849,-70.0758,-69.58958,-73.671715,-76.33457,-81.456055,-77.11994,-73.33916,-74.60005
5494.097539186557,18.72545099907319,12.854754335784916,0.0,-78.38805,-77.9894,-84.347946,-82.4136,-71.322464,-70.01344,-74.06848,-77.818375,-81.77683,-77.18603,-73.22128,-76.290665
5497.417235584857,19.005278185630964,11.79279386243096,0.0,-80.69291,-79.28271,-82.43115,-81.96406,-72.869095,-70.27905,-70.090866,-76.89201,-77.097595,-79.55511,-78.07428,-75.695404
5500.736931983157,19.26474942958856,10.808085377009888,0.0,-82.90332,-76.83539,-83.26985,-81.78058,-73.5001,-74.20492,-68.6247,-75.52504,-72.79164,-81.96957,-79.05357,-74.36164
5504.056628381457,19.583622119509457,9.597944943931806,0.0,-79.394264,-73.51015,-74.908325,-78.63997,-73.67991,-75.7194,-69.779175,-76.90697,-73.213,-84.1594,-76.76518,-73.24634
5507.376324779757,18.78053392079209,9.50574874976954,0.0,-78.485825,-74.651695,-77.22094,-79.58608,-71.711784,-73.561806,-66.90441,-74.244385,-73.767624,-82.69975,-77.47485,-71.73898
5510.696021178057,17.661567332406698,9.37728906002608,0.0,-78.916855,-76.49737,-80.5109,-81.13145,-71.87904,-71.7349,-64.230995,-72.88524,-73.932846,-79.831,-77.15961,-70.99379
5514.015717576357,16.64919877474467,9.26106704573792,0.0,-79.76768,-78.19072,-84.21247,-82.807365,-74.15865,-70.45082,-61.423626,-75.62237,-73.34578,-77.0083,-74.27494,-70.32735
5517.335413974657,15.50858879463873,9.13012264964641,0.0,-79.14329,-77.67566,-83.02419,-83.15892,-75.75791,-70.63431,-57.493935,-78.340996,-74.48986,-75.28885,-72.79538,-69.499664
5520.655110372957,14.662681703124097,9.033010757606307,0.0,-78.86612,-75.75006,-78.40982,-80.17242,-75.3421,-69.736496,-58.10709,-78.83219,-74.07077,-75.63707,-72.91227,-68.546
5523.974806771257,13.84242607211969,8.93884370654074,0.0,-76.78875,-73.68072,-75.113106,-77.48619,-74.50294,-67.53407,-62.059914,-78.96127,-71.146774,-75.76663,-72.834946,-68.07514
5527.294503169557,12.672103655551824,8.804488260996063,0.0,-72.987,-72.06533,-72.907585,-77.5767,-74.281044,-66.70683,-65.31775,-77.62846,-69.0662,-73.824486,-72.52403,-69.69408
5530.614199567857,11.87975342794387,8.71352480823243,0.0,-72.20609,-72.83795,-74.19375,-76.61007,-74.802345,-67.35709,-66.078575,-74.93145,-68.9217,-75.17362,-72.58385,-72.08435
5533.933895966157,10.682996796814177,8.576134659921406,0.0,-70.78717,-73.903114,-75.80998,-71.443436,-74.52925,-68.706116,-66.97901,-71.07588,-67.182304,-77.516815,-72.70916,-76.38137
5537.253592364457,9.521172717775755,8.442754841186055,0.0,-70.39504,-73.1402,-76.572876,-70.40777,-73.77923,-70.291626,-69.6419,-69.66506,-66.424446,-75.31186,-76.53998,-76.20083
5540.573288762757,8.409661784863692,8.315151076185012,0.0,-69.02072,-72.65712,-76.2846,-69.13675,-73.41396,-72.14002,-71.13906,-71.89308,-66.37517,-72.11018,-87.0246,-77.89035
5543.892985161057,7.181751197110691,8.17418438891058,0.0,-68.91534,-70.858246,-75.94408,-68.37061,-71.74168,-75.13068,-72.7468,-73.643456,-64.67468,-69.004845,-88.69009,-76.89549
5547.212681559357,6.25225491145709,8.067476283671217,0.0,-68.67346,-70.12821,-74.89603,-69.46807,-69.947716,-76.33353,-73.429756,-74.00418,-61.58309,-64.9601,-87.082825,-76.849754
5550.532377957657,5.5187528542466096,7.983268723165402,0.0,-68.09187,-68.98593,-75.6334,-70.79114,-69.36369,-76.7227,-73.98471,-74.9876,-61.13364,-62.05323,-85.05576,-78.31516
5553.8520743559575,4.562320109098517,7.873468256397672,0.0,-66.13048,-66.73331,-76.17703,-74.612045,-74.917595,-76.85705,-74.0475,-76.136475,-61.376465,-62.091557,-83.234985,-80.749855
5557.1717707542575,3.627955965035357,7.76620131089668,0.0,-64.55751,-64.034,-77.05706,-76.35588,-79.06194,-77.13484,-73.454865,-77.4553,-63.64583,-62.104492,-81.63403,-81.56325
5560.491467152558,2.5156210151774205,7.638502947037808,0.0,-64.90384,-60.478477,-72.615135,-75.79709,-76.551865,-77.093544,-75.166214,-76.710915,-67.749535,-63.66856,-81.16716,-81.171005
5563.811163550858,1.621881524307053,7.535899796148066,0.0,-67.37497,-57.942966,-70.614265,-74.074425,-76.201965,-76.539444,-75.89881,-76.2538,-69.92215,-65.1994,-83.392166,-81.49837
5567.130859949158,1.0560376780195309,8.343643419413235,0.0,-72.21865,-61.487003,-68.68151,-74.00119,-77.36679,-77.664986,-72.67775,-76.81461,-71.44687,-69.98372,-85.17872,-82.537865
5570.450556347458,1.8641185364621928,7.486965431402798,0.0,-66.632515,-58.296246,-70.88905,-74.30745,-76.12151,-76.475876,-76.46024,-76.39654,-69.28097,-64.5241,-82.35721,-81.20911
5573.770252745758,2.582804121984074,6.7250588536334215,0.0,-66.11604,-59.619873,-72.52414,-75.28386,-76.9011,-74.54292,-80.82931,-77.29578,-67.05931,-64.77331,-82.17338,-79.57343
5577.089949144058,3.2535575937551817,6.013966976323893,0.0,-66.32819,-61.690117,-72.566444,-76.53009,-77.90768,-74.84199,-77.26377,-77.619675,-66.46069,-65.93621,-83.44369,-76.08994
5580.409645542358,3.929580262079092,5.297289018544661,0.0,-66.56515,-68.16023,-72.81279,-77.588486,-79.42355,-77.15691,-73.8553,-77.17331,-65.73995,-70.45483,-83.88957,-75.2679
5583.729341940658,4.641536846472485,4.542516116926435,0.0,-66.44845,-74.99396,-73.87391,-78.57189,-80.09286,-78.855965,-71.27001,-77.11472,-65.379166,-80.247665,-82.716705,-76.117035
5587.049038338958,5.421579248977123,3.715562787988108,0.0,-65.30411,-75.51095,-76.1288,-80.11451,-79.61797,-79.473495,-69.76217,-76.11006,-66.772835,-79.91078,-82.65333,-77.82482
5590.368734737258,6.02948007779701,3.071103445210283,0.0,-61.21171,-73.11521,-77.16947,-79.60107,-79.51379,-79.97231,-69.623695,-72.56098,-69.2556,-78.024086,-85.83596,-77.02408
5593.688431135558,6.761875177577837,2.2946628774704125,0.0,-57.983414,-70.74926,-78.529465,-78.199684,-78.3477,-76.20194,-70.722206,-66.31232,-72.582054,-77.56997,-88.87726,-74.1452
5597.008127533858,7.435971832991239,1.5800267609844356,0.0,-59.026836,-71.217766,-79.95972,-75.08938,-75.822296,-76.272316,-72.16549,-65.99702,-74.05936,-76.59468,-88.8931,-72.4041
5600.327823932158,7.96933574111705,1.0145869106071048,0.0,-62.710964,-72.800514,-80.04128,-73.653435,-71.58432,-80.9717,-70.587524,-66.57095,-74.33853,-76.94725,-86.4197,-72.08812
5603.647520330458,7.378299745859418,1.5789392845129262,0.0,-58.900173,-71.23241,-79.846306,-75.23473,-75.85787,-76.443306,-72.07334,-66.01047,-74.20697,-76.50408,-88.887985,-72.49646
5606.967216728758,6.814594085936177,2.1171952112490917,0.0,-57.58349,-70.89279,-78.71014,-77.71745,-77.8586,-76.49546,-70.575645,-66.17355,-73.48202,-77.43488,-89.038864,-74.00095
5610.286913127058,5.9492967529748535,2.9434267908980347,0.0,-60.985176,-72.74402,-77.43812,-79.62364,-79.61207,-80.280106,-68.95004,-72.03287,-70.09165,-77.314995,-86.391785,-76.56859
5613.606609525358,5.2526670369626105,3.608605624538236,0.0,-65.05487,-75.26405,-76.38488,-80.28484,-79.81188,-80.0314,-68.93098,-75.90147,-67.46806,-79.20988,-82.963005,-77.37322
5616.926305923658,4.581099122228054,4.249854127100626,0.0,-65.88061,-74.2938,-74.57974,-79.14213,-80.100784,-79.65428,-70.478485,-76.848694,-65.867134,-79.77022,-82.630714,-76.25636
5620.246002321958,4.018224321693917,4.787316705424199,0.0,-66.12232,-70.10332,-73.31919,-78.02763,-80.638016,-78.85054,-72.07383,-76.7964,-65.61662,-77.703224,-83.55883,-75.46314
5623.565698720258,3.189904612718613,5.5782400973394815,0.0,-66.2108,-63.0122,-72.63533,-76.59751,-79.63023,-76.07348,-75.99085,-77.17014,-66.53357,-67.542336,-83.63581,-75.28067
5626.885395118558,2.4672975991302573,6.268223426259783,0.0,-65.988075,-59.617054,-72.31926,-75.43663,-77.69426,-74.196625,-80.89761,-76.99241,-67.14172,-65.74446,-82.59158,-78.74759
5630.205091516858,1.7924206086451342,6.912631609062042,0.0,-66.19336,-57.55849,-72.04472,-74.07325,-76.90625,-75.16228,-79.10972,-76.13779,-68.83133,-64.286385,-83.34643,-79.962166
5633.524787915158,1.2140896551771436,7.464852538263837,0.0,-67.88188,-57.07178,-70.43982,-73.668396,-76.58094,-76.77707,-75.62265,-75.89241,-70.44745,-67.33332,-85.319016,-81.68895
5636.844484313458,1.4373629127825425,8.358625199080588,0.0,-69.99159,-60.938812,-69.74729,-74.788345,-77.05265,-78.078735,-71.402626,-77.02648,-70.92952,-68.925735,-83.418884,-82.468506
5640.164180711759,1.6704933741149115,9.29185667954173,0.0,-74.63648,-64.81621,-75.021324,-75.81585,-77.993675,-79.41918,-67.293686,-77.366066,-71.49518,-71.61697,-83.07485,-82.56399
5643.4838771100585,1.897761706803608,10.20162180146044,0.0,-77.551315,-66.43621,-71.058205,-72.005295,-75.99796,-79.98584,-68.09115,-79.09271,-71.12454,-76.931885,-83.65523,-81.212585
5646.803573508359,2.098440147567961,11.0049464176467,0.0,-78.80313,-67.6564,-66.22392,-69.90817,-72.20517,-79.995926,-70.04474,-80.49204,-69.99475,-81.9235,-85.07118,-79.291855
5650.123269906659,2.3904358448044527,12.173818023969297,0.0,-79.29941,-72.39991,-64.330185,-67.83514,-74.79674,-77.60674,-78.52867,-84.20277,-70.58595,-80.79382,-82.70004,-80.60523
5653.442966304959,2.592657294374565,12.983319372204786,0.0,-82.39635,-78.41988,-63.484463,-66.57808,-76.13055,-75.77628,-80.57131,-83.78542,-72.747925,-78.358154,-78.875725,-84.07797
5656.762662703259,2.8498169443143877,14.012740750503616,0.0,-78.27237,-78.33412,-66.18658,-64.193596,-76.37107,-75.33464,-76.914185,-82.11161,-73.121025,-79.18964,-83.482414,-85.33365
5660.082359101559,3.1060311467411124,15.038377460864574,0.0,-73.983086,-78.502174,-70.843765,-62.376904,-76.43714,-74.573074,-72.45429,-80.47453,-73.37791,-80.388855,-88.18278,-83.80256
5663.402055499859,3.395187700552853,16.195883851305986,0.0,-74.61199,-77.632164,-72.71798,-60.91292,-77.75617,-74.92493,-70.37341,-80.12923,-74.398964,-79.74467,-81.247154,-83.41037
5666.721751898159,3.722611718769137,15.31118093985917,0.0,-76.18593,-77.759384,-70.56641,-62.24054,-77.19291,-74.26594,-71.142784,-81.16922,-73.73055,-77.194046,-81.380455,-82.73436
5670.041448296459,4.153796761520015,14.146114721528066,0.0,-77.41732,-77.79721,-69.64826,-64.34563,-76.96004,-75.483696,-74.94588,-80.28149,-72.830574,-73.2481,-80.80169,-83.62093
5673.361144694759,4.572899353956471,13.013695402556436,0.0,-78.02174,-71.154625,-69.341736,-65.13095,-77.81454,-77.40511,-78.644196,-74.27018,-69.61966,-75.021065,-80.37421,-84.15671
5676.680841093059,4.90503672799518,12.116256957407783,0.0,-76.24393,-70.76221,-68.04803,-67.419815,-78.6637,-80.11815,-77.84556,-75.03256,-66.64919,-73.14423,-84.03661,-83.35564
5680.000537491359,5.316471459196133,11.004556274767646,0.0,-72.14548,-72.51694,-66.54168,-74.43565,-81.06059,-84.80686,-74.51947,-79.27914,-63.12703,-64.017654,-89.70951,-80.96999
5683.320233889659,5.6540108416913055,10.092521549739685,0.0,-68.17129,-72.519035,-68.93618,-71.45018,-73.76786,-78.91131,-72.36901,-76.09508,-62.157272,-60.18772,-88.14489,-81.001945
5686.639930287959,5.9180457543758775,9.37909662371198,0.0,-66.088936,-71.62234,-71.607864,-69.52046,-70.609985,-76.90366,-72.98633,-74.517235,-61.701916,-60.530273,-87.023125,-80.612495
5689.959626686259,6.2542553115153465,8.470655099849637,0.0,-67.40088,-70.60541,-73.41447,-68.87761,-70.26871,-75.763374,-73.77712,-73.54434,-62.059353,-63.903957,-87.03025,-78.95324
5693.279323084559,6.539354099738313,7.700315375339247,0.0,-69.61151,-69.46363,-77.4633,-70.01554,-69.93858,-77.066376,-72.35053,-74.32199,-61.559517,-66.17944,-87.66632,-75.160995
5696.599019482859,6.940756757333803,6.615721454063018,0.0,-71.2617,-68.84079,-82.1471,-73.147224,-70.073044,-78.44618,-68.65082,-75.15927,-60.79318,-67.72228,-82.201546,-72.487404
5699.918715881159,7.201141478357229,5.912159381736601,0.0,-71.84084,-71.3873,-83.1363,-76.01421,-74.61332,-78.94049,-67.08744,-73.477234,-61.00328,-69.570625,-79.492355,-72.41576
5703.238412279459,7.457283493523349,5.220061142286037,0.0,-71.242004,-74.88924,-83.68602,-78.893814,-77.33185,-78.70135,-66.16983,-73.156944,-62.94263,-73.89759,-79.49982,-73.620415
5706.558108677759,7.846984038423319,4.167086444389343,0.0,-66.3498,-74.983086,-83.32242,-79.41072,-77.84823,-77.54557,-65.60772,-71.97112,-66.16125,-78.134,-80.63465,-75.48053
5709.877805076059,8.272632154421078,3.016981056499566,0.0,-60.466003,-71.036705,-83.04114,-77.21585,-77.85084,-73.87502,-67.03988,-67.20734,-71.120026,-77.26651,-82.88356,-72.77148
5713.197501474359,8.555641325006304,2.252287499359519,0.0,-61.406242,-70.27944,-83.04752,-75.130104,-76.55012,-75.46286,-69.822525,-65.34792,-72.17744,-77.58451,-87.13863,-72.26522
5716.517197872659,8.844934121795237,1.4706155225325226,0.0,-65.7143,-71.56919,-82.9866,-74.60366,-73.18256,-80.55194,-71.43197,-65.01206,-73.91394,-78.42301,-86.11307,-70.13827
5719.836894270959,9.597435921364593,2.073130794170873,0.0,-70.47347,-71.58519,-83.33338,-74.67491,-74.672455,-81.338326,-66.07719,-64.42896,-74.33238,-77.67103,-82.09902,-67.80062
5723.15659066926,10.421481570217727,2.732929997634955,0.0,-73.1741,-72.922005,-81.11857,-75.60937,-76.49351,-79.549805,-64.94793,-64.432625,-74.206184,-74.73336,-78.605934,-65.6985
5726.47628706756,11.234879671088075,3.384203892230933,0.0,-74.26521,-73.56953,-77.3782,-75.46382,-78.823,-74.716705,-65.02236,-66.589264,-74.081245,-73.09602,-81.033104,-59.88362
5729.79598346586,11.91781683433212,3.9310199538794137,0.0,-73.01093,-73.28752,-75.870895,-76.551216,-78.9552,-72.86985,-65.40844,-68.952705,-73.59481,-73.71459,-83.396164,-58.126984
5733.11567986416,12.539946154321363,4.429148219409169,0.0,-72.73878,-72.712265,-74.50715,-78.40142,-78.5801,-72.44291,-66.20673,-71.66699,-72.51221,-75.22811,-84.02373,-57.70162
5736.43537626246,13.245296640012198,4.993910243539165,0.0,-75.31375,-73.614685,-74.62934,-79.17677,-77.61282,-72.28491,-67.52469,-73.25134,-71.73222,-77.78697,-79.70002,-58.47547
5739.75507266076,14.031316157102644,5.623262576149961,0.0,-80.512794,-79.92694,-74.79127,-80.16394,-75.46232,-71.22426,-70.83621,-75.928825,-73.58503,-80.34112,-73.36738,-61.52948
5743.07476905906,14.763941235734949,6.209862898586169,0.0,-80.61258,-80.263725,-75.60165,-81.26229,-74.88623,-68.69263,-66.313705,-76.88421,-75.67822,-80.90562,-72.94581,-66.08994
5746.39446545736,15.62584145895844,6.899971609844863,0.0,-80.03143,-80.086525,-76.58028,-82.10599,-73.992645,-67.188736,-60.931007,-77.31271,-75.828926,-81.22834,-73.03782,-68.46431
5749.71416185566,16.569068479318624,7.655197291317231,0.0,-78.80603,-79.81546,-76.39081,-82.050804,-73.00846,-68.99263,-50.91854,-78.01931,-75.864456,-81.39756,-73.27793,-69.98557
5753.03385825396,17.36390489555696,8.291609163703399,0.0,-77.99177,-77.78447,-75.34104,-81.07698,-71.566536,-70.790665,-59.08238,-75.52263,-75.57509,-81.46767,-74.386314,-70.78673
5756.35355465226,18.170098761799505,8.937114751318317,0.0,-77.07353,-75.47282,-74.77302,-80.209885,-71.020164,-71.563866,-64.70956,-73.40594,-74.55641,-82.24613,-75.710686,-71.24281
5759.67325105056,19.06787820183454,9.65595133548808,0.0,-79.1358,-74.30151,-77.67007,-79.27638,-72.294014,-74.799355,-67.833694,-74.90421,-73.424614,-83.090164,-77.7295,-72.19602
5762.99294744886,18.591057742308035,8.929410853690257,0.0,-77.39512,-74.7923,-74.028,-79.69434,-71.36412,-71.81152,-65.68165,-74.192314,-74.4069,-83.080376,-75.378044,-71.80829
5766.31264384716,18.17172980633905,8.290472833009003,0.0,-78.33807,-76.28795,-74.898994,-80.04834,-71.95364,-71.30961,-62.543697,-74.43006,-75.92789,-82.7404,-74.344795,-71.92194
5769.63234024546,17.611068411940206,7.43618231029007,0.0,-80.29537,-80.00116,-76.54438,-79.44755,-73.79346,-70.6788,-48.619865,-73.53794,-79.11929,-78.094734,-75.11101,-70.69911
5772.95203664376,17.002492956454528,6.508884213480281,0.0,-80.95215,-82.60874,-78.16917,-78.917244,-75.42987,-71.73517,-47.006237,-71.09165,-81.26787,-76.92202,-78.54498,-69.86049
5776.27173304206,16.518949828605045,5.772100272986923,0.0,-79.09891,-82.27481,-79.62452,-78.97684,-75.96736,-72.37762,-58.85285,-69.05172,-80.087875,-78.04766,-78.412094,-70.53271
5779.59142944036,15.991039806334754,4.96771364430276,0.0,-78.507355,-80.99851,-79.832184,-78.497406,-76.608444,-72.590576,-67.45531,-68.35695,-77.55999,-80.07055,-76.596855,-72.180695
5782.91112583866,15.544859456736209,4.287860085820901,0.0,-78.11559,-79.92796,-79.61961,-78.0852,-77.322395,-73.85058,-70.38247,-68.761375,-77.02222,-80.967834,-75.305435,-73.59246
5786.23082223696,15.079549145867876,3.57885783835131,0.0,-74.94057,-76.520256,-78.3935,-77.78344,-78.535515,-75.13889,-69.00271,-68.773026,-76.205414,-80.84769,-77.382355,-72.17836
5789.55051863526,14.443374444602895,2.609506241266675,0.0,-72.973816,-73.90763,-76.12409,-76.41582,-81.549576,-76.71353,-67.19565,-67.27069,-76.30886,-81.53376,-81.623535,-68.73661
5792.87021503356,13.823532860192124,1.6650417276773697,0.0,-75.97346,-72.20944,-75.90141,-75.04815,-81.3001,-77.13126,-66.57572,-64.68758,-76.617035,-81.69254,-80.028625,-64.910286
5796.18991143186,13.392860500002808,2.4172675879804464,0.0,-73.431564,-73.07374,-75.533226,-74.77293,-81.547195,-78.730736,-65.40517,-64.9592,-74.482796,-78.610504,-82.017365,-62.928116
5799.50960783016,12.9743372428352,3.1482734436646984,0.0,-73.02901,-72.83311,-75.16445,-75.927315,-81.01564,-75.779434,-65.48127,-66.143265,-73.82299,-76.2285,-83.720566,-59.402477
5802.82930422846,12.502168782069852,3.9729776955258176,0.0,-72.52131,-72.75375,-74.57341,-77.48419,-78.999535,-73.22725,-65.729294,-69.32976,-73.22307,-74.77214,-83.86585,-57.277554
5806.14900062676,12.046269108477556,4.769266373139366,0.0,-73.31858,-73.20706,-75.2593,-79.21755,-78.70866,-72.19068,-66.24873,-73.19879,-73.229126,-74.59365,-83.56924,-62.687428
5809.4686970250605,11.608392413928886,5.534075549931555,0.0,-74.05721,-73.762344,-75.6785,-79.94847,-78.699104,-72.171165,-66.8924,-74.24726,-76.00576,-74.828064,-82.16649,-67.61185
5812.7883934233605,10.9913831297063,6.611763329651842,0.0,-72.75118,-73.69053,-78.20612,-78.349365,-77.00578,-72.64571,-67.12522,-71.04121,-76.93687,-72.24364,-81.33135,-69.67824
5816.1080898216605,10.588377151582948,7.315666218771221,0.0,-70.95313,-74.34798,-79.26009,-75.58772,-75.512085,-71.898506,-67.56679,-69.897705,-72.597015,-72.60229,-77.77334,-70.9425
5819.427786219961,9.967473638276076,8.40015578122457,0.0,-70.62327,-73.493546,-76.70498,-70.94638,-74.145004,-69.617615,-68.39755,-69.48195,-66.41755,-76.75013,-74.58687,-76.51515
5822.747482618261,9.369075827185524,9.44533617787969,0.0,-70.85288,-72.37798,-74.15147,-66.68404,-73.46191,-69.46902,-70.85161,-70.294304,-68.51584,-74.033875,-75.784035,-76.62463
5826.067179016561,8.943971321176097,10.187837049333544,0.0,-71.08752,-71.915436,-74.06761,-66.00326,-72.621666,-70.57827,-71.80928,-72.13011,-69.82156,-70.880585,-77.16784,-75.58797
5829.386875414861,8.558113930861627,10.861787676803608,0.0,-73.5746,-72.006996,-72.681496,-65.747,-71.5185,-71.666504,-71.12868,-75.346115,-70.20036,-62.751556,-78.332535,-74.459595
5832.706571813161,8.074913675641826,11.705760407074948,0.0,-74.55531,-72.77817,-70.510056,-67.15725,-69.098595,-72.76783,-70.230515,-81.59617,-69.737206,-56.430923,-77.30276,-77.32085
5836.026268211461,7.618672158045085,12.502646160154912,0.0,-75.13885,-76.28263,-70.40454,-68.77853,-66.15753,-72.64642,-75.74226,-79.93562,-69.23347,-59.551517,-74.86936,-83.461464
5839.345964609761,7.136894253750425,13.344134567662085,0.0,-76.259,-76.89601,-69.86081,-65.795204,-68.99569,-73.159004,-77.96092,-76.525856,-70.15207,-62.495495,-73.476654,-83.515144
5842.665661008061,6.746591737570174,14.025849191472828,0.0,-77.49985,-77.284454,-69.95091,-63.46267,-73.372154,-73.41691,-74.98187,-73.52582,-71.50421,-66.20391,-73.66518,-80.34411
5845.985357406361,6.372927874134067,14.67850222222186,0.0,-77.63328,-78.567345,-69.399475,-63.088776,-76.196785,-73.85259,-72.072876,-75.14006,-73.31421,-72.75824,-74.12079,-79.45838
5849.305053804661,5.810189378122966,15.661398940045896,0.0,-76.50334,-78.17063,-68.92495,-62.89343,-76.96333,-75.027824,-72.49485,-80.96223,-77.44547,-71.05346,-74.99605,-79.57793
5852.624750202961,5.386738123274403,16.40101219113741,0.0,-77.96926,-77.5108,-68.76805,-60.93558,-77.60675,-76.09872,-74.29499,-79.89996,-73.67184,-73.06305,-76.76572,-79.11684
5855.944446601261,6.20389338115686,15.753122947851036,0.0,-78.074646,-78.54635,-68.540375,-62.45448,-77.089874,-74.952614,-72.85562,-79.09187,-77.000694,-72.212326,-74.50227,-78.543106
5859.264142999561,7.113013245478603,15.032318700102133,0.0,-79.292404,-79.4195,-69.50183,-62.02955,-74.12523,-72.85209,-72.07624,-73.876686,-72.91235,-68.72301,-73.35787,-76.56753
5862.583839397861,7.931229898971846,14.383587919308082,0.0,-78.48354,-80.68144,-70.04913,-62.535347,-68.68103,-72.707855,-73.97562,-75.703575,-71.245995,-64.6098,-73.52294,-78.155685
5865.903535796161,8.59676161588507,13.8559148286749,0.0,-76.69827,-80.101135,-70.426346,-65.555916,-65.126785,-72.35178,-74.94106,-80.17602,-70.89833,-62.859535,-74.28121,-81.720024
5869.223232194461,9.42984003510144,13.195400756939044,0.0,-75.19865,-77.0083,-72.275215,-67.52103,-65.91042,-71.960884,-69.978195,-76.79052,-72.14163,-62.404457,-73.58225,-82.49637
5872.542928592761,10.384701746232166,12.43832965508901,0.0,-74.69186,-74.01596,-74.08841,-68.101,-67.580475,-71.626495,-64.8345,-68.87527,-73.10824,-68.0576,-69.9257,-75.017204
5875.862624991061,11.04429337802646,11.915366216894132,0.0,-78.641594,-73.108475,-73.20262,-69.36684,-69.15286,-71.11522,-64.05216,-70.09561,-72.13558,-71.1605,-68.588524,-75.00845
5879.182321389361,11.707497816058597,11.389538331243283,0.0,-78.387505,-73.17529,-73.43287,-71.52767,-70.65497,-70.76928,-63.33521,-73.88389,-70.2523,-72.84253,-68.14768,-74.696
5882.502017787661,12.438255321182163,10.810150360042767,0.0,-74.1828,-75.19297,-75.28471,-79.13319,-75.17531,-72.4652,-61.965958,-77.995865,-69.99461,-74.8388,-71.04659,-72.41327
5885.821714185961,13.172552967649436,10.22795555443206,0.0,-74.26269,-74.764694,-73.42657,-79.611244,-75.15184,-70.195816,-62.531033,-78.45428,-70.78337,-75.653114,-72.37176,-70.8212
5889.141410584261,13.958789726249972,9.604580334533628,0.0,-76.55599,-74.48094,-73.52129,-76.498566,-74.34268,-67.63814,-60.17431,-78.0637,-71.20895,-76.38212,-73.03341,-68.488815
5892.461106982561,14.833598694609,8.910979803835222,0.0,-78.90864,-76.23342,-79.55093,-81.51595,-75.65623,-70.74503,-57.616234,-78.97232,-74.46981,-75.52102,-72.83106,-68.67976
5895.7808033808615,15.674131118579226,8.244555754218366,0.0,-78.06929,-78.60519,-80.049706,-83.635925,-74.96901,-70.218,-56.002155,-79.134674,-75.66229,-77.584946,-72.89946,-69.31096
5899.1004997791615,16.55852164309254,7.543358396470968,0.0,-79.0393,-80.0608,-76.47397,-81.89742,-73.03402,-68.86914,-50.097878,-77.89112,-76.10378,-81.44698,-73.39644,-69.88953
5902.420196177462,17.2508784873716,6.994416750930421,0.0,-81.04877,-81.42789,-77.30032,-79.17234,-74.74608,-70.65247,-45.110332,-72.620834,-80.10565,-77.246925,-76.29077,-70.07466
5905.739892575762,18.009201850496154,6.393172929561265,0.0,-82.0224,-82.1248,-78.63,-79.012596,-77.23318,-75.23133,-44.633533,-69.25783,-83.571144,-75.44776,-81.881874,-72.96408
5909.059588974062,18.60239552208844,5.922853739538411,0.0,-81.43657,-79.53892,-78.67865,-80.43481,-79.35225,-78.71283,-53.316936,-68.5078,-84.51676,-75.83055,-82.89592,-75.469154
5912.379285372362,19.45316285544319,5.248314845609805,0.0,-80.50078,-77.18184,-78.50834,-80.06282,-77.796455,-80.60077,-67.46513,-68.645836,-80.122856,-77.22819,-82.73531,-74.946884
5915.698981770662,19.32599707997141,6.474805837772357,0.0,-82.0365,-79.52738,-78.29681,-80.33326,-80.33771,-79.093315,-60.377266,-71.53563,-84.50293,-74.66367,-83.553116,-76.7188
5919.018678168962,19.198746700443053,7.702112820816997,0.0,-80.40604,-77.287636,-76.64799,-77.976616,-77.86849,-72.71439,-65.81327,-75.613014,-80.024956,-76.94541,-77.19059,-74.47981
5922.338374567262,19.07155393965746,8.928864081469207,0.0,-78.128395,-74.32171,-74.03993,-79.10672,-72.88813,-72.17013,-67.7145,-76.19458,-73.99976,-84.01154,-74.83473,-73.1832
5925.658070965562,18.946391837599407,10.136030004570914,0.0,-80.90893,-75.58466,-80.9571,-79.63749,-72.8206,-74.755554,-67.765175,-74.46922,-72.9675,-82.10314,-78.64937,-72.662605
5928.977767363862,18.85677656826034,11.000353130795874,0.0,-82.12148,-78.40991,-82.97436,-82.419136,-72.84901,-71.66906,-68.71485,-75.63009,-72.64784,-80.45468,-79.03837,-74.573845
5932.297463762162,18.78028389628845,11.738111169795856,0.0,-80.67881,-79.43957,-82.428314,-81.88598,-72.56013,-70.17676,-70.341415,-76.59638,-76.95617,-79.34812,-77.89332,-75.46327
5935.617160160462,18.653922959118383,12.956839641551175,0.0,-78.26482,-77.88964,-84.89363,-82.21229,-70.805374,-70.1803,-75.027504,-77.9666,-81.80414,-76.93889,-72.930275,-76.256874
5938.936856558762,18.572325373875994,13.743833649260589,0.0,-77.996956,-77.60838,-84.434494,-82.173546,-72.12455,-71.62134,-78.12749,-79.58905,-81.000275,-76.97219,-71.45973,-77.24925
5942.256552957062,18.47059315136537,14.725022605637047,0.0,-78.57115,-77.36261,-79.96,-82.763245,-76.83968,-76.56415,-78.742065,-80.19815,-77.91667,-78.768875,-71.307495,-76.18399
5945.576249355362,18.346687828624656,15.920067118664896,0.0,-82.06336,-74.62953,-76.3193,-80.16814,-77.88304,-78.027275,-75.88425,-79.65749,-78.390205,-80.358116,-72.53287,-75.543015
5948.895945753662,18.4699051345075,15.03290082131305,0.0,-79.34447,-76.71151,-78.526726,-82.34489,-78.15268,-78.099495,-78.51193,-80.205475,-77.24709,-79.39347,-71.57566,-76.44675
5952.215642151962,18.633323491436705,13.856286403415815,0.0,-78.02535,-77.63765,-84.018326,-82.390144,-72.62683,-71.87102,-78.32391,-79.7763,-80.81083,-77.11314,-71.39383,-77.70339
5955.535338550262,18.759337633780657,12.948982845070311,0.0,-78.355774,-77.905785,-84.576904,-82.4386,-71.27364,-70.06686,-74.54791,-78.07404,-81.801636,-77.08483,-73.056915,-76.4236
5958.855034948562,18.918954696911054,11.79973779481564,0.0,-80.63683,-79.30454,-82.414894,-81.90686,-72.714226,-70.19535,-70.232666,-76.78455,-77.25713,-79.422295,-77.966774,-75.63756
5962.174731346862,19.04649580651656,10.881440051181798,0.0,-82.47868,-77.596466,-83.070465,-82.43876,-73.10646,-72.79596,-68.59731,-75.53672,-72.70296,-81.227425,-79.122635,-74.42197
5965.494427745162,19.163413905399,10.039628130885667,0.0,-80.58684,-74.93839,-80.02992,-79.35437,-73.17025,-76.298065,-68.13283,-74.46214,-72.990555,-82.80134,-78.45872,-72.654015
5968.814124143462,19.276504928396783,9.225371209604864,0.0,-78.17668,-73.932304,-73.539,-78.92112,-73.011826,-73.42475,-68.362144,-76.97828,-73.60312,-84.02259,-75.71348,-73.03833
5972.133820541762,19.427420890842345,8.138774203974666,0.0,-79.71568,-75.6904,-76.011894,-78.374344,-77.43692,-71.995415,-68.888794,-78.82969,-78.07701,-79.88022,-75.50045,-75.95419
5975.453516940062,19.531277853001374,7.39100264775799,0.0,-81.01958,-78.16373,-77.42789,-78.174164,-79.6843,-75.466385,-66.169815,-75.136086,-81.9422,-75.40879,-80.138374,-76.660324
5978.773213338362,19.635542568514506,6.640295261782684,0.0,-82.135155,-79.42333,-78.31863,-80.25079,-81.09853,-79.54546,-65.100006,-72.87651,-84.46859,-74.38423,-83.800255,-77.198006
5982.092909736663,19.055601507821496,7.115089777979605,0.0,-81.31028,-79.686874,-77.52532,-78.18915,-78.5188,-74.80821,-59.522774,-73.08394,-82.511284,-74.735985,-80.86271,-75.3168
5985.4126061349625,18.1095953868096,7.889579720127244,0.0,-79.31398,-77.65602,-75.75553,-79.49161,-73.10162,-71.14537,-58.111538,-74.35061,-77.54595,-79.841385,-74.66312,-71.99122
5988.732302533263,17.36558973489869,8.498693003336912,0.0,-77.522964,-77.487434,-75.29339,-81.14641,-71.7929,-70.88573,-60.26949,-75.130135,-75.03236,-81.15288,-74.80609,-70.61875
5992.051998931563,16.479531596683167,9.224103865871236,0.0,-79.55389,-78.39395,-84.707016,-83.05625,-74.44806,-69.788445,-60.456196,-76.19201,-73.56933,-76.62602,-73.94761,-70.22892
5995.371695329863,15.847615965414157,9.741449673507477,0.0,-81.56982,-79.00654,-82.26736,-81.77885,-74.98547,-68.47944,-60.989826,-75.92605,-73.52961,-76.42537,-73.12087,-70.320656
5998.691391728163,15.043553573996856,10.399731074843196,0.0,-80.14822,-79.081505,-76.087135,-75.29361,-73.73126,-67.03401,-61.613827,-74.83699,-75.14824,-78.24863,-71.95335,-69.52229
6002.011088126463,14.427840108215104,10.903812259838864,0.0,-77.32672,-77.782,-75.147026,-77.15662,-74.49618,-68.87595,-62.321777,-75.93383,-72.932396,-77.04333,-71.171776,-69.10236
6005.330784524763,13.504318690941824,11.659894100272426,0.0,-74.64294,-77.977,-76.7424,-81.86712,-73.072235,-72.67212,-62.56421,-79.35462,-71.557014,-75.540245,-67.56878,-72.31034
6008.650480923063,12.915556358497565,12.141910542518822,0.0,-78.64057,-76.2551,-74.84127,-74.95073,-67.75107,-70.86076,-62.796234,-80.526955,-70.83895,-73.85144,-63.803486,-75.19871
6011.970177321363,12.27161603848777,12.669100895851267,0.0,-81.90301,-74.98091,-73.24645,-70.85548,-63.94863,-70.69685,-63.728775,-78.468155,-71.98878,-72.34153,-61.539577,-76.17901
6015.289873719663,11.640797351637186,13.185548641201972,0.0,-78.05031,-75.681725,-73.072655,-69.92053,-66.11767,-71.05062,-65.3551,-74.838554,-73.24275,-69.688774,-64.021835,-76.93758
6018.609570117963,10.77486994997322,13.894478581846984,0.0,-75.5396,-77.26919,-76.1767,-69.424484,-65.75406,-72.494675,-68.72314,-76.050446,-73.70767,-68.6394,-70.006836,-81.91257
6021.929266516263,9.8262354946379,14.67112032666575,0.0,-78.36464,-81.36026,-71.13108,-66.74705,-64.824455,-72.82894,-75.25569,-82.667145,-72.31448,-65.664955,-74.985886,-81.97993
6025.248962914563,8.94464836943431,15.392870795750133,0.0,-80.03793,-81.2966,-70.57716,-64.00376,-69.16183,-71.91706,-74.06293,-78.92853,-72.90054,-66.33757,-74.468735,-78.675026
6028.568659312863,8.337942495534504,15.889577515443108,0.0,-80.37648,-80.04166,-69.685265,-62.723866,-72.773895,-72.2989,-73.22258,-75.83063,-74.79654,-67.15189,-74.42702,-77.412964
6031.888355711163,7.686840419266561,16.4226311587341,0.0,-82.208115,-78.74211,-68.58031,-62.671577,-75.88684,-74.95432,-73.44788,-77.627495,-75.30623,-72.57011,-75.44636,-77.54732
6035.208052109463,6.948514571590641,15.900065919303431,0.0,-80.88888,-78.27098,-68.53384,-61.627117,-76.63652,-74.20824,-73.05579,-76.146225,-76.11046,-72.983345,-74.58899,-76.76599
6038.527748507763,6.235496374488477,15.395412687861018,0.0,-77.62664,-78.43193,-68.88282,-62.757576,-77.07332,-74.500374,-72.14202,-78.03511,-76.17173,-72.31726,-74.27028,-78.76299
6041.847444906063,5.302682900779941,14.735194848045372,0.0,-74.51962,-77.908035,-69.95436,-63.982933,-77.36647,-75.17914,-71.84874,-79.51662,-75.84544,-70.93345,-76.10242,-81.62895
6045.167141304363,4.337693376075569,14.05220374917954,0.0,-77.023155,-77.62472,-69.79946,-64.43995,-77.14188,-75.60758,-75.29676,-79.15678,-72.50944,-72.70531,-80.03897,-83.64916
6048.486837702663,3.6817450979845976,13.587942921695689,0.0,-78.94588,-77.93717,-67.27365,-64.83539,-76.777435,-76.03404,-77.18889,-80.55708,-72.36838,-75.46765,-83.31423,-84.379745
6051.806534100963,3.06834213924258,13.153794415299092,0.0,-81.334404,-78.18607,-64.50531,-66.16287,-76.534294,-76.03192,-79.631355,-82.64018,-72.39927,-76.855545,-79.3194,-84.88896
6055.126230499263,2.4322598794873205,12.703594169143676,0.0,-80.62371,-78.17249,-63.68981,-67.08535,-75.58239,-76.260864,-81.24657,-84.15012,-71.800476,-79.16754,-78.503174,-83.10214
6058.445926897563,1.573695248651674,12.095927468469988,0.0,-77.69126,-70.79746,-64.456825,-66.331604,-72.70512,-78.59065,-76.855965,-84.98576,-71.63028,-79.15898,-86.54152,-79.102005
6061.765623295863,1.26458586323932,13.213702514893768,0.0,-75.86068,-70.18452,-65.47349,-65.49162,-74.390396,-78.61679,-82.44996,-84.423515,-71.4844,-78.85958,-81.108376,-82.36056
6065.085319694163,1.7627441842857765,14.225174883964026,0.0,-76.43034,-77.7156,-68.10266,-65.12953,-76.353745,-77.034615,-78.86846,-81.36191,-72.75024,-81.49881,-80.929344,-85.69013
6068.405016092464,2.2218417671723145,15.15733741177488,0.0,-72.50909,-79.46387,-72.29405,-64.74578,-76.87252,-76.38892,-73.67819,-79.66966,-73.10043,-82.58775,-87.831764,-85.32483
6071.724712490764,2.6410300317675173,16.00846712127344,0.0,-72.43853,-78.04963,-73.582855,-64.974976,-77.56522,-75.819016,-71.50603,-79.77581,-74.20585,-81.38828,-87.54372,-84.800766
6075.044408889064,1.5247146117361177,16.459537547921773,0.0,-72.54787,-76.749985,-71.60701,-72.72661,-79.38326,-78.56852,-73.10883,-78.97652,-74.30298,-81.720924,-84.40175,-85.57306
6078.364105287364,2.105530349075627,15.405764901370205,0.0,-72.469284,-79.4213,-72.3134,-67.31252,-77.38282,-76.6996,-73.52036,-79.39619,-73.29632,-82.59706,-87.829254,-85.63328
6081.683801685664,2.5922289397894183,14.522748775879792,0.0,-74.84154,-78.63021,-69.16677,-63.30224,-76.168884,-75.4796,-75.15817,-80.892075,-72.863686,-81.23615,-86.19317,-85.07634
6085.003498083964,3.153722033885314,13.504033156196096,0.0,-80.39024,-78.31569,-65.15536,-65.337006,-76.652,-75.79425,-78.48854,-82.68265,-72.80007,-77.13643,-81.37617,-85.05411
6088.323194482264,3.717912172852938,12.48042429425046,0.0,-80.088974,-71.30843,-65.931656,-67.03461,-76.89176,-77.886925,-79.98412,-78.84446,-70.010956,-77.18322,-79.98893,-84.19385
6091.642890880564,4.1230313946947525,11.745417428691615,0.0,-77.07705,-69.82112,-66.41706,-69.91154,-77.517746,-80.67023,-77.1445,-78.186714,-66.967026,-76.06098,-82.486115,-82.00001
6094.962587278864,4.544186355540089,10.981316959012204,0.0,-70.48128,-69.14825,-66.860954,-72.70211,-80.286194,-83.435104,-74.38442,-78.78812,-64.18642,-69.5757,-87.14175,-80.73958
6098.282283677164,5.148863519159295,9.884252582046392,0.0,-66.69241,-69.58862,-69.68141,-72.45809,-74.876015,-80.96849,-72.45675,-76.03481,-61.91435,-61.705307,-84.98446,-81.41811
6101.601980075464,5.742021512514986,8.808087409000683,0.0,-66.05562,-69.38175,-72.75889,-69.59482,-69.8068,-76.58315,-73.53589,-74.18847,-61.716137,-62.070267,-84.787254,-80.84852
6104.921676473764,6.100284797369319,8.158091161356777,0.0,-68.18316,-69.89551,-74.56249,-69.49674,-69.78521,-76.29074,-73.5921,-74.040436,-61.53593,-63.994995,-86.59632,-77.60407
6108.241372872064,6.52619959444445,7.38535493183381,0.0,-69.832405,-69.071304,-79.45653,-70.93524,-69.37783,-77.46672,-71.61836,-74.777885,-61.188282,-66.07359,-87.25719,-73.93752
6111.561069270364,6.9778634673142514,6.565902213755115,0.0,-71.45634,-68.86266,-82.25475,-73.312775,-70.16816,-78.47995,-68.46725,-74.93332,-60.533665,-67.86121,-81.90739,-72.41845
6114.880765668664,7.391321459645497,5.81576633621756,0.0,-71.94625,-71.928535,-83.37999,-76.17613,-75.20541,-78.74768,-66.86805,-72.84048,-61.233616,-70.21284,-79.24783,-72.425606
6118.200462066964,7.888023991088276,4.914600084240874,0.0,-69.85304,-75.698746,-83.6615,-79.00534,-78.21194,-77.96164,-65.865036,-72.51056,-64.54588,-76.91337,-79.63682,-74.23314
6121.520158465264,8.358368952344886,4.061254310784576,0.0,-65.88195,-74.18159,-83.0163,-78.18101,-77.90156,-76.07126,-65.41117,-70.86771,-68.49615,-76.76861,-81.32983,-74.02012
6124.839854863564,8.897832679170799,3.0825065210985305,0.0,-63.10922,-71.184975,-82.89048,-76.007965,-77.37687,-73.81538,-65.854576,-67.12059,-72.52872,-76.77306,-82.48158,-72.230675
6128.159551261864,9.29572456012297,2.360612203370598,0.0,-66.80799,-70.9024,-83.13128,-74.914276,-75.090034,-79.00414,-66.15234,-64.89908,-73.617096,-77.74592,-82.39593,-70.22779
6131.479247660164,9.725417888067913,1.581020594045087,0.0,-71.06041,-72.52242,-84.05985,-75.36159,-74.45584,-81.24159,-67.33464,-64.267166,-74.31948,-78.10704,-83.56741,-66.76275
6134.798944058464,10.42293824348292,2.328383763463191,0.0,-75.705635,-73.174965,-82.71397,-74.943855,-75.95996,-81.68012,-65.209656,-63.898365,-74.505066,-76.13306,-77.45939,-65.15625
6138.118640456764,11.224506297207297,3.187229582778846,0.0,-74.51773,-73.51995,-77.87072,-75.35213,-78.68459,-75.730225,-64.91134,-65.666115,-74.199684,-73.177345,-80.539986,-59.271645
6141.438336855064,11.947197283034145,3.961562004025669,0.0,-72.96457,-73.24826,-75.78277,-76.67568,-78.93808,-72.80536,-65.439545,-69.1393,-73.55124,-73.75651,-83.45567,-58.12056
6144.758033253364,12.781282421456453,4.85524848611399,0.0,-73.14082,-72.73184,-74.54433,-79.09712,-78.26647,-72.06588,-66.81668,-73.294106,-71.95573,-76.33332,-82.4207,-58.624393
6148.077729651664,13.605121860517798,5.737957140404356,0.0,-80.18981,-78.604576,-74.81876,-80.70301,-75.77797,-71.93174,-70.46475,-76.49662,-73.44013,-79.90749,-73.91837,-60.86649
6151.397426049964,14.300096107373289,6.482592263611402,0.0,-81.73683,-79.996284,-75.48664,-82.25582,-75.02682,-70.37937,-67.337234,-78.023575,-76.311195,-82.080826,-72.93162,-65.13901
6154.7171224482645,14.8502359167566,7.072043493775369,0.0,-80.60178,-79.35394,-76.63093,-82.8983,-74.53404,-69.47217,-63.322346,-78.69901,-76.06719,-81.67369,-72.18579,-66.865776
6158.0368188465645,15.355003006756018,7.612879799513667,0.0,-79.21979,-79.04522,-77.03736,-83.27626,-74.59837,-69.45769,-59.276573,-79.56907,-75.70539,-80.2717,-72.3089,-68.33315
6161.356515244865,15.913811963303084,8.211619649357557,0.0,-77.8938,-78.78858,-78.9492,-83.33928,-74.560616,-69.609856,-55.58229,-78.851105,-75.30131,-78.08592,-73.000435,-69.656715
6164.676211643165,16.56148571140695,8.905574315159118,0.0,-78.18782,-78.36522,-81.89952,-82.76057,-74.08642,-70.337395,-59.1188,-76.792366,-73.93752,-77.60555,-73.98169,-70.119675
6167.995908041465,17.234194043033348,9.626352464377634,0.0,-80.54826,-77.956635,-84.161446,-82.055115,-73.14698,-71.09583,-64.304985,-73.09597,-72.69195,-78.038475,-76.300156,-70.963165
6171.315604439765,17.761597547872046,10.191442718559465,0.0,-82.00775,-78.46635,-83.50718,-82.216385,-72.8406,-71.090515,-66.38925,-73.48672,-72.35301,-78.76335,-78.05947,-71.98906
6174.635300838065,18.363937207924547,10.83682385175266,0.0,-82.070694,-79.2095,-83.040726,-82.42578,-72.83602,-71.08477,-68.158714,-75.17084,-72.31819,-79.44227,-78.82738,-73.87676
6177.954997236365,18.89987884365896,11.411062347297754,0.0,-81.382095,-79.15405,-82.675064,-82.153465,-72.90617,-70.85771,-69.37603,-76.2816,-74.35041,-79.8742,-78.576805,-75.261215
6181.274693634665,19.48353016633466,12.036419727858284,0.0,-80.86578,-78.62639,-82.15044,-81.923706,-73.919975,-70.56417,-69.741035,-77.670296,-78.41306,-79.80394,-77.842476,-76.282646
6184.594390032965,18.81235694861329,11.63906822549982,0.0,-80.87064,-79.56303,-82.48685,-82.00405,-72.633644,-70.361404,-70.04465,-76.602425,-76.16515,-79.582085,-78.217964,-75.4039
6187.914086431265,18.03238670422241,11.177306134551378,0.0,-81.38697,-80.215576,-82.81261,-82.007126,-73.21935,-70.40882,-68.514626,-75.55703,-74.41469,-79.17414,-78.17778,-74.024864
6191.233782829565,16.99663926460021,10.564117481709948,0.0,-82.12744,-80.601494,-83.16426,-82.14432,-73.96481,-68.78341,-65.99683,-73.33843,-72.951515,-78.23367,-75.1464,-71.69648
6194.553479227865,16.313076957249688,10.15943132527558,0.0,-82.52327,-80.476456,-83.14504,-81.602776,-74.55872,-67.23084,-64.57938,-73.640594,-72.95363,-77.33214,-73.75106,-70.73999
6197.873175626165,15.29414791453283,9.556199588325828,0.0,-79.89372,-77.65728,-79.28306,-80.3765,-75.03283,-69.51189,-58.78659,-77.58161,-73.82805,-76.04009,-72.87965,-69.571945
6201.192872024465,14.249316913937838,8.937633237888601,0.0,-78.435616,-74.79679,-76.94376,-78.89223,-74.941986,-68.56622,-60.182373,-79.02412,-72.31485,-75.78998,-72.86562,-68.18186
6204.512568422765,13.538182059142637,8.51662343673523,0.0,-76.71757,-73.74357,-75.483444,-77.906136,-74.56515,-68.21124,-63.993042,-79.0524,-72.069496,-75.57401,-72.96171,-67.823456
6207.832264821065,12.532003327714186,7.920940206210076,0.0,-75.652916,-74.324554,-75.4667,-78.29427,-74.59891,-69.26407,-67.03025,-76.82801,-73.26097,-74.95466,-73.77671,-68.789955
6211.151961219365,11.49003550000535,7.304068926460695,0.0,-73.93418,-75.37275,-76.180115,-77.93222,-75.182396,-71.4623,-69.5287,-72.715805,-74.97289,-73.298775,-75.01402,-69.77351
6214.471657617665,10.485063618625714,6.709100181656002,0.0,-71.33397,-73.05444,-79.35732,-77.17226,-76.61802,-73.154305,-66.8339,-69.485016,-76.24677,-71.634094,-82.7496,-70.10303
6217.791354015965,9.41409756069833,6.075061216965025,0.0,-71.86694,-72.441925,-80.32145,-75.60221,-77.04344,-74.62932,-66.37766,-71.315575,-72.56539,-70.99794,-82.56941,-71.096985
6221.111050414265,8.507616748537519,5.538401673555251,0.0,-72.02529,-73.56116,-83.5088,-75.298225,-76.359344,-76.773254,-66.264626,-71.29326,-65.59493,-71.743454,-79.95938,-72.597046
6224.430746812565,7.830717351801335,5.137660128545749,0.0,-70.99109,-75.13984,-83.8496,-78.429794,-77.571106,-77.9995,-66.06094,-72.55902,-63.61558,-74.83178,-79.49114,-73.67615
6227.750443210865,6.909562688144763,4.59231329430959,0.0,-69.00336,-76.26391,-81.78332,-80.154205,-77.497536,-78.30147,-66.82611,-74.04483,-64.07479,-79.26794,-80.354645,-76.14681
6231.070139609165,6.082148247477724,4.102463040468527,0.0,-66.62533,-76.05563,-76.260925,-80.20083,-78.92815,-78.52896,-70.375175,-75.58344,-65.414795,-81.32285,-82.12866,-78.873856
6234.389836007465,5.185535242546415,3.571645488252826,0.0,-65.04783,-75.07972,-76.46698,-80.35201,-79.85566,-80.241035,-68.627014,-75.80234,-67.74571,-78.95897,-83.0735,-77.19565
6237.7095324057655,4.208897107612544,2.9934510372077834,0.0,-64.93683,-71.211334,-76.515625,-80.49871,-80.48061,-82.53475,-66.58796,-73.677795,-71.247696,-74.64409,-85.53832,-75.339714
6241.0292288040655,3.211699554731779,2.4030848912960283,0.0,-66.64114,-70.51574,-74.524994,-78.40298,-79.59659,-80.67691,-70.19914,-74.28103,-72.0623,-74.19011,-93.03979,-77.962036
6244.3489252023655,2.268217694672729,1.8445197926838024,0.0,-67.871826,-70.625755,-73.98087,-77.14797,-77.9667,-78.97707,-73.222725,-74.96324,-72.46753,-73.82393,-96.6747,-80.3593
6247.668621600666,1.584377653650035,1.439669210898453,0.0,-69.04054,-72.27929,-75.1549,-76.524155,-77.92153,-78.59627,-73.16203,-82.90923,-73.75788,-76.628334,-94.27746,-81.041595
6250.988317998966,2.5630888127218654,2.220244204967101,0.0,-67.60144,-70.26185,-73.764626,-77.61232,-78.5462,-79.60675,-72.68634,-74.20723,-71.90977,-73.85341,-95.84318,-80.090965
6254.308014397266,3.5008526724651388,2.968161516905275,0.0,-65.68781,-70.25261,-75.3584,-79.79035,-80.48614,-81.44394,-68.04119,-74.70651,-70.836525,-74.48164,-87.78342,-75.88994
6257.627710795566,4.4219540699793525,3.702789615539748,0.0,-65.40936,-72.78538,-76.08622,-80.534195,-80.28613,-81.072205,-68.70948,-75.76156,-67.64941,-77.496284,-83.50729,-75.96944
6260.947407193866,5.013486043436211,4.174568303656877,0.0,-66.11631,-75.94734,-74.90968,-79.36119,-79.75129,-79.27003,-70.439384,-77.0379,-65.6324,-80.41741,-82.240875,-76.95155
6264.267103592166,5.957243433109226,4.927265779329768,0.0,-69.187355,-75.663345,-77.03426,-79.984215,-77.72467,-78.01622,-69.90568,-76.96756,-63.842506,-74.50262,-81.628204,-75.81099
6267.586799990466,6.864937672299718,5.651200945292522,0.0,-71.23188,-73.182816,-82.5828,-78.573616,-76.13128,-78.941505,-66.99623,-75.152336,-61.858925,-70.31036,-79.914246,-72.76813
6270.906496388766,7.592363838437,6.231362589568118,0.0,-72.46038,-69.74515,-83.14864,-73.513824,-70.5481,-78.432175,-67.19347,-72.1196,-60.98138,-69.15693,-79.58759,-71.950264
6274.226192787066,8.334217977113706,6.823031320970485,0.0,-72.25901,-69.234955,-81.67261,-72.16075,-71.41693,-76.66883,-67.25542,-71.824036,-61.260433,-69.89822,-81.437256,-71.994354
6277.545889185366,9.00655395391529,7.3592555647011295,0.0,-70.92216,-71.69299,-80.44729,-72.36253,-72.652985,-73.66566,-67.044044,-70.16881,-62.9381,-71.85424,-82.655815,-72.2735
6280.865585583666,9.781243540332042,7.97711233859934,0.0,-70.592545,-73.48813,-79.11522,-71.70635,-73.97979,-70.87728,-67.7475,-69.32549,-66.15822,-74.75751,-77.30906,-74.00307
6284.185281981966,10.47593914639748,8.531169593957811,0.0,-70.777756,-73.73768,-75.985115,-71.0429,-74.37433,-68.8121,-67.19336,-70.344406,-66.90147,-77.77102,-72.803474,-76.80877
6287.504978380266,11.085098655788531,9.01700719376685,0.0,-71.07328,-73.920456,-74.46722,-72.10333,-74.87858,-68.48289,-66.59123,-71.89408,-67.52574,-76.74483,-72.40365,-76.19433
6290.824674778566,11.823212004957572,9.605692443555984,0.0,-72.71515,-74.06517,-73.33867,-74.86384,-74.96223,-68.56132,-65.4952,-74.731995,-68.77603,-75.566505,-72.00119,-73.54948
6294.144371176866,12.494423635103864,10.141019960120854,0.0,-73.54207,-74.54116,-73.96961,-79.22864,-75.04282,-70.62357,-63.673088,-77.09097,-69.845566,-75.3283,-72.07259,-71.80581
6297.464067575166,13.299176205584793,10.782853587036492,0.0,-74.33936,-76.34647,-75.00274,-81.010635,-75.25258,-72.54945,-61.516727,-79.48408,-71.26028,-75.43301,-71.76983,-71.31756
6300.783763973466,13.926564044102603,11.283229263547849,0.0,-75.16509,-77.61812,-76.37446,-80.30868,-74.98929,-70.94301,-62.434605,-78.03293,-72.31594,-75.93091,-69.404045,-70.59044
6304.103460371766,14.539682625808116,11.772224437294543,0.0,-77.407745,-78.75893,-77.96054,-79.65303,-73.35535,-68.33276,-63.467274,-76.81465,-73.339775,-76.196785,-66.69532,-69.97161
6307.423156770066,15.19959039897916,12.29853651757914,0.0,-77.96711,-79.912636,-79.5247,-79.36089,-71.39347,-64.30327,-64.185104,-75.88735,-73.96777,-76.546,-65.575165,-70.04411
6310.742853168366,15.954296735512392,12.900455570716002,0.0,-77.13511,-80.963585,-82.50317,-79.01206,-69.93201,-63.912003,-65.87947,-76.1893,-75.24349,-76.9497,-66.08886,-71.017395
6314.062549566666,16.582690911896847,13.4016338560124,0.0,-76.817764,-80.11655,-83.89543,-79.58306,-70.55865,-67.014786,-68.43088,-77.05248,-77.39183,-77.3695,-66.813065,-72.00846
6317.382245964966,17.462941898952636,14.103681546621765,0.0,-77.51689,-78.278145,-82.03027,-81.183334,-73.1416,-72.36275,-75.4689,-79.015755,-79.33646,-78.34658,-68.39434,-73.39911
6320.701942363266,18.253066815749506,14.733848829916164,0.0,-78.82992,-77.25412,-79.66152,-82.34609,-77.07217,-76.74826,-78.14694,-79.994576,-77.63517,-78.96747,-70.924484,-75.514854
6324.021638761567,18.878791474170804,15.232898030498502,0.0,-79.395546,-76.46647,-78.19878,-82.839485,-76.89574,-78.540085,-79.088684,-80.497345,-77.25781,-79.204475,-71.95943,-78.294464
6327.3413351598665,18.34903160902479,16.216963696608378,0.0,-82.43862,-73.904724,-75.856964,-78.894775,-76.42386,-76.03158,-74.76667,-79.2639,-79.90042,-80.07719,-73.251305,-75.05089
6330.661031558167,19.20786993208838,16.090937784426593,0.0,-81.481346,-74.73973,-75.96333,-82.53063,-75.6826,-79.79383,-77.21473,-80.543236,-76.69672,-79.33617,-72.538956,-78.46395
6333.980727956467,18.48861945109323,16.332177747022687,0.0,-82.57432,-73.777336,-75.67583,-79.09027,-76.072075,-76.44053,-74.640465,-79.32844,-79.99281,-79.972145,-73.44902,-75.232155
6337.300424354767,17.40264588240026,15.711415456289926,0.0,-81.789894,-74.311554,-76.93846,-77.317795,-74.342514,-71.65841,-73.75778,-78.41547,-81.51557,-79.048706,-73.2495,-73.39759
6340.620120753067,16.408991077211606,15.14342425388073,0.0,-79.5929,-77.02142,-78.858475,-77.100136,-69.718765,-65.472916,-70.91571,-79.40374,-82.9569,-75.88262,-71.31716,-72.44261
6343.939817151367,15.603535404124978,14.68301110652326,0.0,-78.51234,-79.84443,-79.78256,-77.164345,-66.99212,-62.891953,-68.50466,-80.64164,-80.692604,-73.31712,-69.38767,-72.28577
6347.259513549667,14.619720471155354,14.120644554469555,0.0,-78.764114,-79.57071,-76.07673,-77.29737,-64.76106,-63.342148,-67.424034,-81.90732,-75.68556,-73.23263,-66.49776,-74.18433
6350.579209947967,13.755365201090765,13.626563323654697,0.0,-81.25785,-76.842834,-74.439224,-74.874695,-63.550297,-66.41668,-66.38945,-82.310455,-71.978905,-73.384384,-62.650642,-76.06776
6353.898906346267,12.77912847612611,13.068528613458316,0.0,-82.94599,-75.345566,-73.78784,-71.40743,-62.714508,-69.9806,-64.74596,-81.26573,-71.44574,-72.664444,-60.6674,-77.49236
6357.218602744567,11.690805107975974,12.446423134515598,0.0,-80.25613,-74.39591,-73.10507,-70.072556,-65.85778,-71.38506,-63.724102,-73.47818,-72.61102,-71.31182,-64.437546,-75.729
6360.538299142867,10.602927770598647,11.824572614894404,0.0,-77.25603,-72.83862,-73.32854,-68.45198,-69.70153,-70.74402,-64.7917,-68.27479,-72.1156,-70.40009,-70.04296,-73.99655
6363.857995541167,9.719607111999938,11.319650422226992,0.0,-75.284904,-72.070755,-73.5971,-66.50988,-70.97899,-70.568306,-68.35252,-69.66244,-71.64002,-68.82809,-73.19284,-72.92573
6367.177691939467,8.750075468612543,10.765448458903505,0.0,-73.4389,-71.97554,-73.15877,-65.79278,-71.71067,-71.25907,-71.258026,-73.65072,-70.349945,-65.83864,-77.6474,-74.44165
6370.497388337767,8.065224138335896,10.373974952687712,0.0,-72.09141,-71.943405,-71.616196,-65.57183,-72.119415,-72.808205,-71.922005,-76.510666,-68.97381,-61.616413,-80.056564,-75.75992
6373.817084736067,7.093240438157852,9.81837134899815,0.0,-70.11495,-72.32305,-70.66418,-67.243515,-72.23861,-74.755684,-72.95339,-75.99789,-65.54717,-58.666584,-89.798225,-77.99866
6377.136781134367,6.081314591045091,9.23993608591763,0.0,-66.32701,-71.79885,-71.991196,-69.12455,-70.73783,-76.412094,-73.3382,-74.27455,-61.864468,-60.745876,-87.35409,-80.1428
6380.456477532667,5.424229169949603,8.86433407960245,0.0,-65.334175,-68.79665,-72.72527,-70.29427,-69.4663,-76.975815,-73.19642,-74.43702,-61.574165,-62.112663,-82.91664,-81.82206
6383.776173930967,4.752244762805824,8.480215541232015,0.0,-65.0734,-67.691086,-73.965935,-71.77293,-71.0652,-77.22232,-73.004814,-75.36576,-61.379787,-62.7181,-81.33714,-82.49837
6387.095870329267,3.884625690149385,7.984268661351813,0.0,-64.95344,-65.09057,-76.771095,-75.93903,-78.94788,-77.48117,-72.8714,-77.01328,-63.096344,-62.10635,-80.93666,-82.00181
6390.415566727567,3.209994185345798,7.598636993698615,0.0,-63.792328,-62.44732,-75.684875,-76.11591,-78.08614,-76.948364,-74.87066,-76.94208,-65.19093,-62.07903,-81.58836,-81.1807
6393.735263125867,2.200795987877942,7.021760904884119,0.0,-65.94653,-58.763714,-72.18405,-74.61826,-76.402336,-75.20763,-79.324,-76.60244,-67.952126,-64.483315,-81.82249,-80.191444
6397.054959524167,1.3078556872428893,6.511339949448756,0.0,-66.76032,-56.32101,-71.54864,-73.058876,-77.906364,-75.451294,-79.71352,-75.76201,-69.232,-68.04668,-85.96478,-79.71601
6400.374655922467,1.9759195337779647,5.727812230959401,0.0,-65.823586,-58.906662,-72.00723,-75.12469,-79.9774,-76.157814,-80.19679,-76.53317,-67.95057,-70.47897,-84.477844,-77.75441
6403.694352320767,2.726963399510609,4.846962758779458,0.0,-65.49153,-63.5062,-73.14842,-78.18012,-81.92115,-79.02346,-73.50014,-75.931786,-67.533394,-74.654366,-84.816216,-74.92826
6407.014048719067,3.285691050141605,4.191668203286945,0.0,-65.15589,-66.0745,-74.46589,-79.794106,-81.9281,-80.435745,-70.38757,-75.38748,-67.346825,-75.49307,-84.38122,-75.00333
6410.333745117368,3.9757926951637272,3.3822938145150414,0.0,-65.27007,-71.02136,-76.35057,-80.52061,-80.56446,-81.57738,-67.59822,-74.33061,-69.26651,-75.421364,-84.86611,-75.28005
6413.653441515668,4.631604742917372,2.6131354171562853,0.0,-62.273952,-71.828476,-77.033485,-80.63339,-80.15577,-84.16599,-65.472305,-72.357544,-73.3035,-74.59012,-86.102455,-75.281944
6416.973137913968,5.21858562143363,1.9247045270159475,0.0,-59.651363,-72.64361,-77.54833,-80.810234,-79.46877,-85.30989,-64.133896,-70.98057,-75.59749,-74.782646,-87.236374,-75.12956
6420.292834312268,5.819696651452305,1.2197013205827587,0.0,-60.61767,-72.579506,-78.21491,-81.23941,-78.34813,-82.5212,-66.72663,-72.19385,-77.661,-75.88452,-87.55794,-74.85757
6423.612530710568,6.760147216992289,1.164439456314828,0.0,-60.250076,-72.51385,-79.10006,-76.54465,-75.834335,-81.76985,-69.57283,-66.91498,-77.254745,-76.56631,-87.12495,-73.43664
6426.932227108868,7.972223767603145,1.0932165635052105,0.0,-62.182953,-72.57857,-80.228226,-73.65486,-72.08317,-80.93158,-70.76514,-66.40975,-74.10471,-77.09356,-86.64409,-72.11501
6430.251923507168,8.955982020997807,1.035409893953858,0.0,-66.588036,-73.11434,-82.85395,-74.55875,-73.041145,-81.39326,-69.587204,-65.66279,-74.97935,-78.30419,-85.07908,-69.21201
6433.571619905468,8.461687414016687,2.120730542538284,0.0,-61.21212,-70.25337,-82.68627,-74.897194,-76.301704,-75.32009,-71.038605,-65.27904,-71.99541,-77.724915,-87.8902,-72.34097
6436.891316303768,8.016416750314717,3.098409519203912,0.0,-60.287033,-71.33815,-82.45015,-78.07268,-77.827545,-73.92542,-67.76158,-67.478,-70.20393,-77.34084,-82.570755,-72.8173
6440.211012702068,7.606863093957096,3.997664808803203,0.0,-65.052536,-74.53975,-82.72649,-79.81517,-77.80248,-77.374435,-65.64938,-72.096245,-66.29864,-78.53593,-80.588425,-75.79049
6443.530709100368,7.2122856091269565,4.864036979780611,0.0,-70.2131,-75.745705,-83.27409,-79.70602,-77.73216,-78.619896,-66.021515,-73.50816,-63.9039,-77.81951,-79.68194,-74.69727
6446.850405498668,6.85985217639113,5.637873627798686,0.0,-71.21229,-73.25782,-82.565186,-78.6569,-76.18089,-78.92962,-66.98431,-75.16453,-61.930046,-70.38879,-79.9145,-72.78063
6450.170101896968,6.434034607263159,6.5728395242044,0.0,-70.28743,-69.06884,-81.31697,-75.2938,-71.97861,-78.34324,-69.42466,-75.65864,-61.522343,-65.71744,-85.53368,-72.65579
6453.489798295268,6.084782226749852,7.339691548857045,0.0,-69.33962,-69.22182,-78.87711,-72.094604,-70.06575,-77.95843,-72.59308,-75.194374,-61.02298,-64.27466,-89.376236,-74.174995
6456.809494693568,5.723235669072549,8.1335378480678,0.0,-67.83969,-69.27501,-74.90981,-70.05821,-69.27967,-76.4977,-73.86922,-74.61303,-61.336414,-62.471657,-84.50979,-78.45697
6460.129191091868,5.222124970182663,9.23382456180194,0.0,-65.48965,-68.72106,-72.105,-70.83961,-70.402214,-77.89707,-72.62102,-74.93952,-61.45015,-61.53427,-82.82055,-82.272224
6463.448887490168,4.867922286612375,10.011545946647097,0.0,-66.47625,-68.63839,-68.895134,-73.614105,-76.96082,-81.819565,-72.618904,-77.27032,-62.324524,-63.107967,-84.18083,-81.20134
6466.768583888468,4.472002923647313,10.88086447396169,0.0,-69.40632,-68.47189,-67.02004,-72.93271,-79.817345,-83.125534,-74.05529,-78.876465,-64.14777,-69.61206,-86.717514,-80.352554
6470.088280286768,3.964677496076858,11.9947968420629,0.0,-79.41266,-70.14815,-66.240845,-68.78329,-77.128716,-79.550606,-78.66484,-78.26922,-68.04202,-77.605896,-81.0948,-82.804596
6473.407976685068,3.642826828884925,12.701483036754524,0.0,-80.209465,-72.00835,-65.824875,-66.619415,-76.877945,-77.2927,-79.77821,-79.04479,-70.7816,-76.716965,-80.07834,-84.39781
6476.727673083368,3.148321630118806,13.787266080860674,0.0,-79.53973,-78.297516,-65.71814,-64.64626,-76.54026,-75.65108,-77.39636,-82.49373,-73.057945,-77.75046,-83.07532,-85.03136
6480.047369481668,2.8059180465214584,14.539080230112962,0.0,-74.96747,-78.42712,-68.88516,-63.266277,-76.25658,-75.078636,-74.578094,-80.81266,-73.12384,-80.66718,-86.87925,-84.764465
6483.367065879968,2.4105629789473118,15.40715973634375,0.0,-72.04243,-79.273705,-73.2243,-64.17371,-76.96408,-75.91992,-72.92212,-79.49508,-73.259834,-82.42648,-89.30015,-85.065254
6486.686762278268,1.9924762621267615,16.32515103193064,0.0,-72.55524,-77.24359,-72.615814,-71.466354,-78.74827,-77.640114,-72.36298,-79.183815,-74.48374,-81.535065,-85.97741,-85.87932
6490.006458676568,1.3443628401599583,15.86358698195625,0.0,-73.2834,-77.68898,-69.72053,-71.881516,-78.927284,-78.80113,-74.88134,-78.45588,-73.61499,-82.40417,-82.68479,-85.35565
6493.326155074868,1.971587308821806,16.294181864875164,0.0,-72.537994,-77.33488,-72.55384,-71.44004,-78.73372,-77.66607,-72.47167,-79.13626,-74.37382,-81.61977,-86.10782,-85.88356
6496.6458514731685,2.2766008435043936,15.107312169857044,0.0,-72.45667,-79.4033,-72.20674,-64.07192,-76.72459,-76.25076,-73.652695,-79.74853,-73.04394,-82.570595,-88.0939,-85.214226
6499.9655478714685,2.499832697991683,14.23867162467804,0.0,-76.257904,-78.36146,-67.693565,-63.73645,-76.26517,-75.49334,-76.6085,-81.62236,-72.88463,-80.76609,-84.07478,-85.39386
6503.285244269769,2.7331486809019925,13.330791684963945,0.0,-81.54784,-78.35609,-63.950325,-66.02833,-76.277054,-75.60533,-79.587814,-83.3744,-72.982994,-78.12987,-79.56402,-84.99356
6506.604940668069,3.041758505669089,12.1299280938381,0.0,-80.38824,-71.81657,-64.730286,-68.093216,-75.967384,-78.0594,-79.282585,-82.28509,-69.59234,-79.540504,-78.31981,-81.61122
6509.924637066369,3.227450732661654,11.407361873793958,0.0,-77.18164,-68.27486,-66.02786,-70.06385,-75.48739,-80.4729,-73.54489,-81.37588,-67.995026,-80.67311,-83.54085,-79.14814
6513.244333464669,3.49035827730744,10.384335149237527,0.0,-68.29307,-65.9376,-68.259964,-73.22991,-75.725204,-81.43929,-71.587685,-78.92757,-65.78632,-73.62335,-81.15073,-79.69043
6516.564029862969,3.7260797021423007,9.467095145792664,0.0,-65.23704,-65.87805,-72.093895,-74.57623,-77.74387,-80.28801,-70.380264,-76.25749,-63.99803,-65.89039,-79.71497,-81.66481
6519.883726261269,3.9601351132173512,8.556337940709712,0.0,-64.576645,-66.009094,-75.36234,-74.6829,-78.34993,-78.16227,-71.92583,-76.42098,-63.039677,-63.18337,-80.06747,-82.68491
6523.203422659569,4.20791855307556,7.592162183718817,0.0,-65.722855,-65.723045,-76.80431,-76.667885,-78.704926,-76.68449,-74.28457,-76.90775,-62.24966,-62.241676,-83.43944,-80.46015
6526.523119057869,4.413220953053301,6.793288792406389,0.0,-67.1444,-67.30463,-76.08323,-77.48711,-79.132454,-76.218155,-74.80127,-76.799515,-62.414505,-62.733982,-87.50562,-73.93895
6529.842815456169,4.650760306353551,5.868974859584824,0.0,-67.55747,-71.51313,-73.10478,-77.95108,-77.72883,-75.96668,-73.71506,-77.229774,-64.19223,-65.58835,-87.46271,-73.86172
6533.162511854469,4.859066618045201,5.058412636878544,0.0,-67.449524,-75.182655,-73.96626,-78.51151,-78.95366,-77.65921,-72.23221,-77.54891,-64.30822,-73.55113,-83.76827,-75.009476
6536.482208252769,5.103491757344647,4.107304710350009,0.0,-66.237366,-75.91909,-75.11506,-79.52287,-79.705376,-79.305374,-70.32117,-77.04092,-65.6609,-80.48693,-82.29373,-77.12108
6539.801904651069,5.31420419602041,3.287379758206883,0.0,-63.23113,-74.08883,-76.95563,-80.097885,-79.85599,-80.613525,-68.0514,-75.08734,-69.20335,-77.5884,-84.11795,-76.91753
6543.121601049369,5.5412993093180924,2.403706487313463,0.0,-60.046253,-71.80087,-77.86873,-80.19156,-79.58214,-83.70112,-66.00716,-70.836784,-74.470276,-75.05588,-86.656136,-75.20821
6546.441297447669,5.810861009950166,1.3547870885376194,0.0,-60.061848,-72.58947,-78.124825,-81.417595,-78.49355,-82.66842,-66.212296,-71.163506,-77.44301,-75.88645,-87.43243,-74.82812
6549.760993845969,6.610516848762535,1.9001138022067352,0.0,-57.33139,-71.3903,-78.64655,-78.00085,-77.952286,-78.0858,-68.95857,-66.45568,-74.80485,-77.10347,-88.70618,-74.32772
6553.080690244269,7.274255080108736,2.3527512630600715,0.0,-58.03846,-70.144806,-79.75279,-77.15723,-77.11392,-74.13161,-72.991615,-66.094246,-71.132,-77.186264,-88.83844,-73.39753
6556.400386642569,8.060308836948838,2.8888020128695224,0.0,-59.559673,-70.72162,-82.318115,-77.30162,-77.72024,-73.86733,-68.89351,-66.891754,-70.683426,-77.206154,-84.327034,-72.75413
6559.720083040869,8.71022742079003,3.33201514066332,0.0,-62.917137,-71.91252,-82.92945,-76.80614,-77.671295,-73.566025,-65.73493,-67.95105,-71.98868,-76.88945,-82.38414,-72.55145
6563.039779439169,9.395409664845529,3.799276383912853,0.0,-67.20782,-73.331696,-81.80679,-76.41651,-77.30689,-73.216,-65.29842,-69.65144,-73.18043,-74.2826,-82.10359,-71.63987
6566.359475837469,10.370076030415282,4.463951835853983,0.0,-71.27013,-74.09431,-77.38622,-76.13315,-79.3466,-72.55969,-65.64359,-71.900505,-75.00367,-72.25721,-82.83315,-68.953445
6569.679172235769,11.02912306258211,4.913390125129389,0.0,-72.499084,-73.85145,-76.33491,-77.85951,-79.21676,-72.53548,-66.164856,-73.28735,-75.15777,-73.00997,-83.302025,-68.32717
6572.998868634069,12.006779136708444,5.5801044141087255,0.0,-75.388054,-74.1432,-75.20752,-80.30309,-78.362335,-72.16638,-67.188835,-74.90751,-75.10399,-76.02328,-80.967155,-66.10837
6576.318565032369,12.736240401710305,6.077561814011134,0.0,-80.34799,-77.71421,-75.25825,-81.45164,-76.806244,-73.19397,-69.34714,-77.22286,-75.97547,-78.94853,-74.27023,-65.65323
6579.638261430669,13.432699726768458,6.552513482596762,0.0,-82.96372,-79.72229,-75.647,-82.5392,-75.661385,-72.840904,-70.93081,-78.46571,-76.934456,-81.559364,-72.89727,-65.75669
6582.9579578289695,14.272188696663184,7.12500447046233,0.0,-81.41536,-79.252846,-76.180145,-82.77279,-75.03797,-70.937485,-65.36707,-79.04574,-76.75446,-81.22926,-72.539116,-66.032135
6586.2776542272695,15.261281881756366,7.799518317494895,0.0,-78.96142,-78.758766,-77.74789,-83.47319,-74.91755,-70.160645,-58.9997,-79.59871,-75.915146,-79.22835,-72.46055,-68.37164
6589.59735062557,16.208788067032316,8.445671836445104,0.0,-77.35865,-78.77885,-79.38059,-83.04203,-74.230545,-69.60808,-56.386246,-78.387146,-74.81302,-77.89127,-73.39809,-69.95021
6592.91704702387,17.063143562005408,9.028301077383023,0.0,-78.22881,-77.50256,-80.55839,-81.946205,-72.96009,-71.25268,-61.903217,-75.00729,-73.908394,-78.82425,-75.57704,-70.45519
6596.23674342217,17.719106850528085,9.475636402225932,0.0,-79.228165,-76.515,-80.92962,-81.095856,-71.89612,-71.77066,-64.6089,-72.83115,-73.79609,-79.75891,-77.31249,-71.088974
6599.55643982047,18.541239275432083,10.03629106353569,0.0,-80.64113,-76.12507,-81.26198,-80.09264,-72.19604,-72.96091,-67.215195,-73.964806,-73.07833,-81.13327,-78.46477,-72.20075
6602.87613621877,19.32712570414292,10.572227703631428,0.0,-82.63267,-76.02611,-82.99077,-80.35005,-73.54585,-75.41828,-68.42294,-75.203476,-72.67606,-82.509155,-78.90346,-73.896866
6606.19583261707,18.9296345250227,9.681573287636606,0.0,-79.13173,-74.54655,-78.48298,-79.44446,-72.1124,-74.52792,-67.54012,-74.361496,-73.46186,-82.69333,-78.0464,-72.015335
6609.51552901537,18.55784770146076,8.848514358009451,0.0,-77.45945,-74.87845,-74.070946,-79.71422,-71.377014,-71.68695,-65.53992,-74.266014,-74.51372,-83.12005,-75.088196,-71.87663
6612.83522541367,18.204483740569664,8.056735348176671,0.0,-79.02324,-76.90185,-75.44179,-79.679535,-72.786865,-71.265854,-60.917892,-74.63809,-76.88173,-81.01829,-74.562775,-72.22863
6616.15492181197,17.845968848122297,7.253414698735094,0.0,-80.847435,-80.71255,-77.06567,-78.58781,-75.28313,-71.42709,-47.677937,-72.21979,-80.34147,-76.65253,-76.74994,-70.81636
6619.47461821027,17.36041475683301,6.165438616930379,0.0,-81.507195,-82.29167,-78.925385,-78.99748,-76.83185,-73.86516,-46.264194,-67.81482,-83.24446,-76.35629,-80.59846,-71.39363
6622.79431460857,17.045311228686373,5.459389367081573,0.0,-80.45114,-80.66174,-79.63674,-79.52259,-77.34912,-74.57448,-54.740387,-66.278625,-81.17588,-78.084625,-79.87965,-72.652756
6626.11401100687,16.70528963561437,4.69750646423714,0.0,-79.37629,-79.047905,-80.08731,-78.83585,-77.51879,-75.152664,-63.291653,-66.28111,-78.97772,-79.987686,-78.26186,-73.23595
6629.43370740517,16.22708935976247,3.626008001403029,0.0,-77.663475,-77.6181,-80.37574,-77.892944,-77.41846,-75.78171,-66.549545,-67.73839,-77.40093,-82.14417,-75.90485,-72.552246
6632.75340380347,15.882792566830236,2.8545457019963747,0.0,-72.92503,-75.40112,-78.98513,-78.26856,-79.65005,-76.14866,-63.403572,-68.01081,-79.46438,-84.220024,-78.01253,-72.36624
6636.07310020177,15.391126421863849,1.752874404085598,0.0,-75.96762,-74.02737,-77.13038,-78.75447,-81.021324,-76.45311,-62.714027,-68.53797,-80.05162,-84.16917,-80.87733,-72.99224
6639.39279660007,16.0528635280825,2.3602384295681813,0.0,-73.47816,-74.53885,-78.94483,-79.177444,-79.71709,-76.39211,-62.533775,-68.71009,-81.24135,-85.78992,-80.050476,-72.24027
6642.71249299837,16.619034548194616,2.8798887660165238,0.0,-75.96203,-75.35703,-80.62852,-78.97762,-77.80915,-76.56685,-63.220894,-68.345314,-81.70789,-84.92473,-75.94474,-72.23324
6646.03218939667,17.532776847593667,3.7185514252529,0.0,-77.51225,-75.138275,-80.32574,-78.570015,-76.590096,-77.633705,-65.54272,-66.81855,-80.57569,-82.78683,-78.53207,-72.24892
6649.35188579497,18.20621739830595,4.336657256042853,0.0,-78.84266,-75.53363,-79.10433,-78.218124,-76.62095,-79.50705,-66.35984,-65.75125,-79.534996,-80.47356,-80.20108,-72.92883
6652.67158219327,19.013011191107708,5.077159067299191,0.0,-80.2603,-77.04242,-78.57939,-80.05498,-77.6636,-80.5686,-65.340775,-67.47656,-79.78097,-77.7443,-82.12934,-74.50006
6655.99127859157,18.03462127449898,5.53096219609235,0.0,-80.98926,-79.01663,-78.96265,-80.18119,-78.52191,-77.981445,-51.154182,-66.433426,-83.732285,-77.05253,-81.897896,-74.46591
6659.31097498987,17.132838663337104,5.949232829803494,0.0,-80.83925,-81.92395,-79.24146,-79.32237,-76.85315,-73.764755,-50.052002,-67.529526,-82.13574,-76.88781,-80.204956,-71.24032
6662.63067138817,16.387740859403003,6.294828904479139,0.0,-79.628006,-82.51437,-78.39082,-79.83146,-75.06755,-69.30202,-56.327385,-72.220345,-79.616234,-78.02504,-77.05336,-69.144585
6665.95036778647,15.47861938902915,6.7165034952585545,0.0,-80.27311,-80.27342,-76.42627,-81.84984,-74.11843,-67.0461,-62.251904,-77.10783,-75.98532,-81.11082,-73.12927,-68.09783
6669.2700641847705,14.744746777232832,7.0568930288334,0.0,-80.800606,-79.310135,-76.52063,-82.88955,-74.57741,-69.68691,-63.770924,-78.79932,-76.190575,-81.695305,-72.25628,-66.61756
6672.589760583071,13.832425344307351,7.480051846906352,0.0,-80.56415,-77.74332,-77.906265,-81.82762,-75.68041,-72.133514,-65.52783,-79.2045,-76.86275,-79.19589,-73.06462,-66.75005
6675.909456981371,13.019438210431742,7.857136788971303,0.0,-77.71252,-75.18718,-76.80757,-78.58719,-74.77476,-70.911316,-66.15253,-78.10995,-74.98801,-75.761665,-73.663826,-67.99965
6679.229153379671,12.007498572535685,8.326501166129635,0.0,-73.09587,-73.03111,-74.56526,-77.49349,-74.741066,-67.73627,-66.61618,-75.6841,-69.738396,-75.00294,-73.034485,-70.6343
6682.548849777971,11.102999083901402,8.746031959493486,0.0,-71.10902,-73.9497,-74.88224,-72.9156,-74.92791,-68.45384,-66.72026,-72.03573,-67.60094,-76.83079,-72.51616,-75.35083
6685.868546176271,10.310277989851162,9.113716976104508,0.0,-70.5564,-73.21266,-74.633896,-69.4961,-74.04747,-68.82877,-67.48667,-70.20835,-66.877014,-77.3582,-71.95942,-77.51547
6689.188242574571,9.341240882605858,9.563182024465648,0.0,-70.81248,-72.311775,-74.153625,-66.45246,-73.434456,-69.49022,-70.969505,-70.33235,-68.8011,-73.82938,-75.72382,-76.517555
6692.507938972871,8.4048860125159,9.99748818655324,0.0,-70.70576,-72.0382,-73.62291,-65.90548,-72.730095,-71.95265,-72.398384,-73.917175,-69.39252,-68.994965,-79.60691,-76.8579
6695.827635371171,7.364895508072427,10.479863297764004,0.0,-72.17877,-72.07171,-69.295815,-66.7908,-71.53131,-74.645195,-71.76147,-77.62082,-67.219315,-56.67104,-84.459785,-75.46904
6699.147331769471,6.6062934984775605,10.83172298030875,0.0,-72.66272,-72.85024,-67.81598,-69.36263,-72.14865,-76.931274,-72.50937,-78.44981,-65.54849,-58.09895,-86.746635,-79.08391
6702.467028167771,5.882000698212623,11.167669143840232,0.0,-72.784836,-73.04339,-67.1231,-73.01747,-77.82183,-81.844345,-74.50805,-79.8747,-64.348976,-61.98194,-89.18406,-81.32433
6705.786724566071,4.810612424278364,11.664607371238285,0.0,-73.58894,-70.76073,-67.24826,-70.287796,-79.40483,-81.81406,-75.57746,-77.530136,-65.455734,-71.2531,-85.9918,-82.70887
6709.106420964371,3.688855278312172,12.184908014104703,0.0,-80.32417,-70.71263,-65.73063,-68.1113,-76.730156,-78.51495,-79.33624,-79.323715,-69.21733,-78.05889,-79.24232,-83.16924
6712.426117362671,2.581118232366059,12.698705763649045,0.0,-81.25303,-78.311424,-63.737953,-67.05305,-75.908005,-76.3269,-81.06923,-83.97962,-71.8573,-78.88887,-78.434685,-83.329025
6715.745813760971,1.6573879055332077,13.127156328563766,0.0,-78.119415,-73.06152,-64.982544,-65.33596,-74.87431,-77.38108,-81.68244,-83.94525,-71.911896,-79.34927,-80.4056,-82.765686
6719.065510159271,1.6131473140083183,14.185841049178125,0.0,-76.5052,-77.35284,-67.60592,-65.92045,-76.10918,-77.41487,-79.42486,-81.37334,-72.68582,-80.80269,-80.50091,-85.51004
6722.385206557571,1.5766639346284574,15.058894391697429,0.0,-74.09024,-79.293526,-69.74297,-69.06,-77.62772,-77.718506,-76.63069,-79.64524,-73.08141,-82.42945,-81.91197,-85.89651
6725.704902955871,1.541811640667225,15.892915588596631,0.0,-72.96781,-77.981636,-70.542564,-71.5814,-78.73545,-78.39739,-74.16468,-78.60489,-73.648285,-82.46131,-84.17252,-85.60695
6729.024599354171,1.7301084906287747,14.866332955601704,0.0,-74.20385,-79.13996,-70.16013,-67.5331,-77.14938,-77.29073,-76.6217,-80.09353,-72.93701,-82.583405,-81.96794,-85.98773
6732.344295752471,1.90340428168789,13.92153515622942,0.0,-77.73106,-77.25772,-66.914246,-64.473526,-76.095345,-76.6024,-79.4082,-82.20621,-72.815704,-80.93896,-80.72796,-85.22517
6735.663992150771,2.110358608588464,12.793233127477116,0.0,-79.486244,-75.785194,-63.574924,-67.01554,-75.19913,-76.1287,-81.42759,-84.27032,-71.76329,-79.534386,-79.622955,-82.76469
6738.983688549071,2.297431467277926,11.773323618239273,0.0,-78.62232,-70.547585,-64.92957,-68.51698,-73.02185,-78.6584,-74.24197,-83.57941,-70.27294,-81.81645,-86.04422,-78.92598
6742.303384947371,2.514922904674915,10.587573922997716,0.0,-75.70638,-67.121185,-67.2708,-71.359215,-72.29202,-80.46202,-69.42894,-79.276886,-68.734695,-80.33467,-84.48901,-79.14642
6745.623081345671,2.7053251194501566,9.549512972897132,0.0,-67.05173,-64.89092,-73.552315,-75.44893,-76.29249,-80.16306,-68.34734,-75.84691,-68.612816,-69.37016,-81.79364,-81.57813
6748.942777743971,2.9153426347988614,8.404510632572523,0.0,-64.34371,-64.3252,-76.18092,-76.67367,-79.61588,-79.02019,-69.583,-75.84943,-67.45324,-63.492016,-80.93814,-82.60045
6752.262474142272,3.0643146784429898,7.592324380715129,0.0,-63.876072,-62.04619,-75.30291,-75.97893,-77.814156,-77.00477,-75.185356,-76.74207,-65.79109,-62.331295,-81.449875,-81.14042
6755.582170540572,3.220603054046817,6.74024994523392,0.0,-65.376175,-61.15956,-71.82886,-76.205475,-76.50851,-75.15005,-79.385635,-77.48323,-66.148186,-63.881306,-82.57818,-78.77857
6758.901866938872,3.410065954070635,5.707310080328996,0.0,-66.35476,-63.534885,-72.63217,-76.80516,-78.75217,-75.76966,-76.05792,-77.03666,-66.33924,-66.81773,-83.74209,-75.23657
6762.221563337172,3.5889724807844208,4.731922901566739,0.0,-65.63509,-67.05742,-73.53288,-77.976555,-81.44033,-79.20941,-72.083435,-76.10197,-66.203835,-77.19919,-83.594025,-75.22359
6765.541259735472,3.7591196590705054,3.804291141836005,0.0,-65.14149,-69.64493,-75.48658,-80.49143,-80.90784,-81.07473,-69.24654,-74.713295,-67.835205,-75.83766,-84.10072,-75.20454
6768.860956133772,3.910442131627721,2.979290498751374,0.0,-65.388016,-70.79131,-76.0491,-80.22507,-80.59461,-82.14047,-66.81398,-74.085976,-71.07,-74.584984,-86.073456,-75.315506
6772.180652532072,4.123157917732424,1.8195773552572376,0.0,-63.138676,-71.92771,-75.92785,-78.6064,-79.551865,-83.34155,-67.85864,-73.437675,-74.600945,-74.25526,-90.2702,-75.701965
6775.500348930372,3.626020573143248,1.144627536038477,0.0,-65.269936,-72.60797,-75.38511,-77.62147,-78.51795,-81.65432,-71.60992,-77.2453,-75.49257,-75.744514,-92.08477,-78.58792
6778.820045328672,2.847584830798191,1.797443722464961,0.0,-67.48992,-70.90786,-73.89216,-77.27227,-78.187515,-79.57721,-73.02456,-73.981705,-72.78143,-73.898964,-95.49478,-80.38561
6782.139741726972,1.971478266604666,2.532169166105374,0.0,-68.06113,-69.899055,-74.58802,-77.9408,-78.95169,-79.152145,-72.94165,-74.825485,-72.1355,-73.61542,-95.9628,-79.97774
6785.459438125272,1.1870395827710971,3.1900195732859897,0.0,-68.87976,-70.61795,-77.98725,-78.72557,-80.38406,-78.67212,-73.559555,-75.70223,-71.670586,-72.70142,-92.59919,-80.7737
6788.779134523572,2.208039074314676,3.722571244187111,0.0,-66.32452,-67.798836,-75.036835,-79.53201,-81.432335,-80.064026,-71.75692,-75.141525,-68.52789,-74.480934,-89.05222,-76.23863
6792.098830921872,3.210513414109691,4.245460226125988,0.0,-65.19981,-65.68386,-74.35878,-79.72143,-81.99103,-80.35681,-70.62994,-75.42278,-67.348595,-75.48542,-84.51948,-74.98228
6795.418527320172,3.957040097521666,4.634847327604628,0.0,-65.82155,-70.008965,-73.72471,-78.106865,-81.05766,-79.36296,-71.541115,-76.494026,-65.86367,-78.5707,-83.44922,-75.36132
6798.738223718472,4.773676588304567,5.060803590352383,0.0,-67.41869,-74.89518,-73.8374,-78.36236,-79.09754,-77.68165,-72.39388,-77.56976,-64.40771,-73.58977,-83.84738,-75.06346
6802.057920116772,5.533139085804162,5.456937991378071,0.0,-69.1995,-74.42154,-75.806175,-79.19295,-77.21756,-76.80912,-71.13747,-77.08805,-63.033085,-68.88326,-85.085144,-73.89739
6805.377616515072,6.461923012001592,5.941390173675199,0.0,-70.76765,-71.79606,-81.61792,-78.11645,-75.61237,-78.2092,-67.79101,-76.25314,-61.48474,-68.22119,-82.69516,-72.517136
6808.697312913372,7.492294808620306,6.478830423629784,0.0,-72.469055,-68.77779,-82.84145,-72.51497,-69.86163,-78.37182,-67.59606,-72.11507,-60.709446,-68.82355,-80.29462,-72.07176
6812.017009311672,8.207876907432055,6.852076880210279,0.0,-72.28768,-69.01351,-81.780136,-71.90898,-71.19354,-76.84906,-67.50576,-71.867065,-60.98295,-69.60535,-81.2897,-72.24
6815.336705709972,8.99294943204141,7.261569429640631,0.0,-71.04751,-71.50259,-80.56395,-72.50472,-72.53038,-74.04238,-66.91281,-70.237404,-63.057785,-71.66433,-82.65272,-71.96522
6818.656402108272,9.738843906543243,7.650626771982031,0.0,-70.38697,-73.22651,-79.81536,-72.93125,-73.7319,-71.611534,-67.139595,-69.21522,-65.98344,-73.32874,-79.79578,-72.53473
6821.976098506572,10.436844111508549,8.014702541384832,0.0,-70.8995,-73.84742,-78.16264,-72.66601,-74.88804,-69.74511,-68.18146,-69.89139,-67.348976,-75.74621,-74.84928,-73.66792
6825.295794904872,11.314550838542628,8.472512939837124,0.0,-71.82342,-73.4538,-75.04457,-74.564705,-74.879105,-68.30734,-66.98876,-72.74422,-68.15526,-76.49872,-72.6444,-73.64898
6828.615491303172,12.269728163951273,8.9707318761504,0.0,-72.630936,-72.470314,-73.16431,-77.90223,-74.66101,-67.00205,-65.50492,-76.52786,-69.291374,-74.53905,-72.47339,-71.37273
6831.935187701472,13.21456619967512,9.463557855813672,0.0,-74.31287,-72.50469,-72.145584,-77.44479,-74.51874,-66.858826,-63.49034,-78.156555,-70.323326,-74.8342,-72.70702,-69.48301
6835.254884099772,13.923895049757506,9.833542628047638,0.0,-76.44273,-74.96047,-72.89001,-76.700516,-74.492004,-67.66189,-60.373135,-77.86079,-71.64926,-76.61416,-73.00071,-68.69383
6838.5745804980725,14.695432522898816,10.235975316689869,0.0,-78.149734,-78.10734,-75.07983,-75.175705,-74.01638,-68.242744,-61.04907,-76.12966,-73.3767,-77.77695,-72.475624,-69.20979
6841.8942768963725,15.521373765289784,10.666784922712756,0.0,-82.073494,-80.054085,-77.38841,-75.56707,-73.49226,-65.38968,-63.770435,-73.0896,-76.57976,-78.61775,-71.19994,-70.27482
6845.2139732946725,16.20298538027681,11.022312430290814,0.0,-82.30546,-81.14882,-79.93954,-76.89702,-73.29054,-65.73347,-65.65635,-72.58045,-77.31241,-78.39801,-71.48746,-70.76513
6848.533669692973,16.9570163716418,11.415613766568232,0.0,-81.213196,-80.60971,-83.09468,-78.84401,-72.27046,-67.664024,-68.087685,-74.01533,-78.42807,-78.31404,-72.74112,-71.95378
6851.853366091273,17.642141176482145,11.772973748248456,0.0,-80.26922,-79.865295,-83.10308,-80.65186,-71.564095,-69.12655,-70.15063,-75.02475,-79.79034,-78.08803,-73.91586,-73.35722
6855.173062489573,18.31725221863538,12.12511056763017,0.0,-79.62609,-79.10274,-83.09179,-81.58018,-71.644104,-69.978165,-72.0502,-75.987404,-80.29081,-78.066536,-74.53978,-74.97483
6858.492758887873,19.046645600318517,12.505560966848602,0.0,-79.28412,-78.294464,-82.84728,-81.87209,-72.79687,-69.71568,-71.465195,-77.38755,-81.28159,-78.20897,-74.73888,-76.42941
6861.812455286173,18.1765265910881,11.8132407866179,0.0,-80.24973,-79.55319,-82.74692,-81.41008,-72.26765,-70.028496,-70.74252,-75.79045,-79.16244,-78.52541,-75.58887,-74.4634
6865.132151684473,17.573092689112205,11.333111674000572,0.0,-81.17233,-80.407616,-82.7811,-81.49689,-73.067345,-69.29666,-68.58411,-74.939865,-76.667366,-78.75326,-75.002884,-72.97459
6868.451848082773,16.91784936220683,10.811759797572408,0.0,-82.09955,-80.8794,-82.98617,-81.171394,-73.687004,-68.044205,-66.28363,-73.38008,-74.9362,-78.7499,-73.98815,-71.733635
6871.771544481073,16.247162683722127,10.2781202411426,0.0,-82.52,-80.715965,-82.60008,-80.71849,-74.32434,-66.76265,-64.58542,-73.37731,-73.97708,-77.617256,-73.350655,-70.72547
6875.091240879373,15.343564571449916,9.559162028176168,0.0,-80.053535,-77.7846,-79.54525,-80.56899,-75.05008,-69.53113,-58.84055,-77.47887,-73.85036,-76.0427,-72.871765,-69.62646
6878.410937277673,14.388219490892526,8.79903074574505,0.0,-78.564445,-75.36099,-78.031235,-79.846245,-75.23986,-69.68921,-59.85882,-79.16661,-74.15737,-75.712524,-72.87988,-68.07472
6881.730633675973,13.770317883668447,8.307390237331639,0.0,-78.249695,-74.91625,-77.20258,-79.34453,-74.98535,-70.21083,-63.679016,-79.53294,-74.38105,-76.48406,-72.96296,-67.60536
6885.050330074273,12.956230494838897,7.659652259217004,0.0,-78.57157,-75.82515,-77.38548,-78.89369,-74.969604,-71.65677,-67.17729,-77.780174,-76.38221,-76.090294,-73.78431,-68.18187
6888.370026472573,12.155696346312032,7.022698072364863,0.0,-77.864555,-76.75473,-75.53198,-79.64407,-75.65257,-71.75937,-70.49954,-74.970505,-77.83264,-76.73266,-74.69521,-69.03832
6891.689722870873,11.381803605627152,6.406941427553635,0.0,-74.52293,-74.22997,-76.21283,-79.60307,-77.68409,-72.07619,-67.27463,-72.472595,-77.92915,-74.69557,-80.61306,-69.326004
6895.009419269173,10.711756489272446,5.873810746075888,0.0,-72.252655,-73.05877,-77.20183,-78.31916,-79.08968,-72.852844,-66.507935,-71.38162,-77.8139,-73.94574,-84.02906,-69.20267
6898.329115667473,9.788396441073434,5.1391287218866095,0.0,-71.607025,-74.17058,-78.5748,-76.818184,-79.08962,-73.16176,-65.78367,-72.38226,-75.23088,-72.455414,-82.40857,-70.015564
6901.648812065773,8.88100008891765,4.417148395746166,0.0,-68.15469,-74.779976,-82.50393,-77.14279,-77.641045,-75.212234,-65.48185,-71.22146,-70.5143,-74.5066,-81.28278,-72.375145
6904.968508464073,8.298759907979726,3.9538823106148633,0.0,-65.115616,-73.8313,-83.058815,-78.189575,-77.98587,-76.137726,-65.449425,-70.5517,-68.4661,-76.98461,-81.41446,-73.86933
6908.288204862373,7.393736461749986,3.2337900143197187,0.0,-60.4823,-71.98724,-80.725044,-79.42499,-77.83568,-74.93118,-69.99738,-68.78009,-69.18901,-77.86344,-81.869934,-74.50745
6911.607901260673,6.652722717637623,2.644193920641632,0.0,-58.807766,-70.93146,-78.104836,-79.65324,-79.04208,-76.484924,-70.9989,-68.0236,-70.644295,-77.91888,-87.8585,-74.62345
6914.927597658973,6.062454661581417,2.1745403644979757,0.0,-58.410233,-71.56322,-78.09713,-80.484886,-79.03811,-81.50474,-67.2691,-68.63856,-74.643715,-76.34059,-87.867775,-74.81153
6918.247294057273,5.305902260885261,1.5725807602971735,0.0,-59.920002,-72.6946,-77.61926,-81.202156,-79.051025,-84.431244,-65.15565,-71.417206,-76.721214,-74.94099,-87.54763,-75.1756
6921.566990455573,6.246267789080243,2.2821757280209014,0.0,-58.399143,-71.30764,-78.19885,-80.18843,-79.00696,-79.49585,-68.487724,-68.07102,-73.67702,-76.88595,-88.14315,-74.76317
6924.8866868538735,6.959104417888135,2.8200785641469244,0.0,-59.182533,-71.15317,-78.712616,-79.57881,-78.3946,-74.854965,-72.161285,-67.8243,-69.70106,-78.137405,-86.537384,-74.45095
6928.2063832521735,7.895325137996241,3.526545881108853,0.0,-62.25522,-72.57178,-82.69427,-78.54228,-77.92802,-75.42052,-65.81439,-69.32607,-68.50382,-77.726204,-81.55408,-73.54608
6931.526079650474,8.801237683165686,4.210142805896108,0.0,-67.16096,-74.341354,-82.61448,-77.27273,-77.645256,-75.2542,-65.34596,-70.78577,-70.63525,-75.0995,-81.49576,-72.41977
6934.845776048774,9.45289362493934,4.701879011770693,0.0,-70.11093,-74.50525,-80.67144,-76.33411,-78.51047,-73.397575,-65.590385,-71.68802,-73.24246,-72.18956,-82.21174,-70.88143
6938.165472447074,10.429216808964552,5.438607440753097,0.0,-72.15173,-73.7277,-77.08988,-77.97349,-79.41293,-72.88118,-66.119865,-72.04382,-77.04431,-73.27833,-84.13631,-69.24296
6941.485168845374,11.171867511418569,5.999007822771984,0.0,-73.12009,-73.51277,-76.131874,-79.49107,-78.79728,-72.47467,-66.88071,-72.18124,-77.65411,-74.7094,-82.85748,-68.83937
6944.804865243674,11.885721137990192,6.537678080154628,0.0,-77.16955,-75.99542,-74.42809,-79.93281,-77.18543,-71.83903,-68.49817,-73.73747,-78.30937,-76.3754,-76.45862,-69.13061
6948.124561641974,12.808276849942622,7.233833852583674,0.0,-80.33027,-77.1126,-76.99329,-79.7493,-75.48587,-72.571846,-69.458046,-77.63348,-77.776405,-76.96423,-74.02722,-68.49551
6951.444258040274,13.626108858331028,7.850965659520212,0.0,-79.06708,-76.17228,-78.11556,-80.33169,-75.33401,-71.84621,-64.63412,-79.68092,-76.38131,-77.32115,-73.11401,-67.59872
6954.763954438574,14.329952357870376,8.382082326777097,0.0,-78.63187,-76.031715,-79.30275,-81.02012,-75.560524,-71.74973,-61.023285,-79.71494,-75.15744,-76.338356,-72.80491,-67.82341
6958.083650836874,15.09599758378223,8.960136095293297,0.0,-79.059204,-76.83308,-80.80568,-82.341324,-75.82059,-70.77175,-57.071438,-78.84721,-74.57846,-75.42536,-72.80441,-68.99781
6961.403347235174,15.76401300193418,9.46421707749642,0.0,-80.73624,-78.173584,-83.12981,-82.757996,-75.37426,-69.647064,-59.1311,-77.098366,-73.95015,-75.79205,-73.05285,-70.044846
6964.723043633474,16.687585831513758,10.1611403616304,0.0,-82.31013,-80.297035,-83.3444,-82.58785,-74.50564,-68.369965,-65.08954,-73.40523,-72.50826,-77.294975,-74.83006,-71.05628
6968.042740031774,17.557454083667945,10.817538449186902,0.0,-81.88904,-80.31178,-83.125145,-82.1498,-73.36913,-69.99796,-67.25062,-74.68605,-72.49851,-78.96384,-77.64546,-72.76516
6971.362436430074,18.465465091039317,11.50271886270678,0.0,-80.95665,-79.8495,-82.52615,-81.93676,-72.54897,-70.30616,-69.61296,-76.14999,-75.7605,-79.34869,-78.03605,-74.914345
6974.682132828374,19.07299889585543,11.961160732058437,0.0,-80.42565,-79.02646,-82.39697,-81.83445,-72.94695,-70.058075,-70.26307,-77.03911,-78.34905,-79.327705,-77.599525,-75.90875
6978.001829226674,18.038487843019936,12.0986101326624,0.0,-79.500175,-79.25306,-83.309235,-81.32623,-71.034195,-69.71413,-72.08188,-75.63302,-80.40596,-77.80484,-74.143234,-74.45699
6981.321525624974,16.836782654875194,12.258273634913484,0.0,-79.78333,-80.103004,-85.20557,-77.75119,-69.88022,-66.641754,-69.79952,-75.04306,-78.82353,-76.96634,-70.45692,-72.0852
6984.641222023274,15.795429938895955,12.396632047069977,0.0,-78.53224,-80.947235,-82.10508,-77.6309,-70.700745,-63.67733,-65.474724,-74.96991,-75.80689,-76.56575,-67.09879,-70.840935
6987.960918421574,14.78513447909952,12.530864064215963,0.0,-76.67045,-79.90355,-78.18793,-81.515945,-69.96016,-66.439445,-64.19802,-77.79958,-72.55475,-76.65522,-64.39769,-70.8526
6991.280614819874,13.7502207121322,12.668366971078642,0.0,-79.2544,-77.76858,-75.736565,-78.72965,-66.26987,-68.51771,-64.36658,-80.52222,-71.043945,-75.246086,-62.971626,-74.73939
6994.600311218174,12.969661182684687,12.772075326020053,0.0,-82.1058,-75.78505,-74.16127,-72.03833,-63.12827,-70.1197,-64.22409,-81.339554,-71.000336,-73.41467,-61.01552,-76.52174
6997.920007616474,11.862666163906663,12.919155244968788,0.0,-80.44258,-75.143654,-73.09223,-70.10118,-64.961624,-70.95453,-64.55795,-76.12983,-73.04885,-70.81071,-63.099983,-76.322
7001.239704014774,10.63006207165785,13.08292410292079,0.0,-74.40277,-75.92278,-75.06995,-68.571266,-66.66234,-72.119774,-65.95228,-70.92456,-73.70302,-67.8388,-68.880455,-79.98485
7004.559400413074,9.85061580837036,13.186484544733588,0.0,-74.71196,-76.37792,-74.75859,-67.91747,-66.10723,-72.18662,-68.25864,-72.942635,-72.817345,-65.2814,-72.02207,-82.43906
7007.879096811374,8.750134694988596,13.332698999374472,0.0,-75.786934,-78.358475,-70.805885,-67.371796,-65.64361,-72.3049,-73.49221,-81.45145,-71.157005,-61.778652,-74.22875,-82.43114
7011.1987932096745,7.970341593052039,13.43630552359914,0.0,-76.41564,-79.328896,-69.938614,-66.338936,-65.500885,-72.589905,-77.24047,-79.70329,-69.98008,-61.8798,-73.74305,-83.503876
7014.518489607975,6.749484552262302,13.598513619897137,0.0,-76.67212,-75.57304,-70.11832,-64.31576,-72.28937,-73.576004,-77.12673,-73.95685,-70.77667,-64.418274,-73.98967,-82.33183
7017.838186006275,5.608120327774397,13.750159973115576,0.0,-77.39005,-72.44501,-70.367355,-64.29707,-78.03544,-75.84717,-75.84355,-73.19573,-72.304794,-74.2897,-76.824776,-83.201294
7021.157882404575,4.59353520874825,13.884961932059966,0.0,-76.644905,-75.42799,-70.00937,-64.60794,-77.506485,-75.90808,-75.85523,-77.38221,-72.174446,-72.53562,-78.86728,-83.704834
7024.477578802875,3.468527270089458,14.034435121756225,0.0,-78.70745,-78.21897,-67.346016,-64.11607,-76.60088,-75.51068,-75.604576,-81.77785,-73.1547,-76.972206,-85.09236,-84.35025
7027.797275201175,2.71851816375995,14.13408442161624,0.0,-77.11171,-78.369064,-66.83178,-63.977776,-76.334145,-75.20532,-76.59816,-81.85828,-73.091064,-79.88119,-83.931175,-85.32611
7031.116971599475,1.485371213245046,14.297925405954022,0.0,-75.99925,-77.45591,-67.649765,-66.89096,-76.135826,-77.77027,-79.49823,-81.02951,-72.658585,-80.4416,-80.39045,-85.7017
7034.436667997775,2.2524212465865188,15.260928764309854,0.0,-72.29248,-79.41105,-72.59508,-64.961,-76.97487,-76.31392,-73.43921,-79.54688,-73.17637,-82.547195,-88.44704,-85.315674
7037.756364396075,2.740811030071872,15.874084335966934,0.0,-72.386185,-78.36217,-73.67435,-63.376564,-77.245,-75.49284,-71.51294,-79.89179,-73.98626,-81.587776,-88.12907,-84.57342
7041.076060794375,3.220418667316014,16.47621424312203,0.0,-74.60839,-77.009926,-73.55153,-62.08098,-78.094666,-75.41461,-70.416,-79.90011,-76.043785,-79.66803,-81.09603,-83.87693
7044.395757192675,3.806355946230736,15.439974581577212,0.0,-76.33853,-77.63764,-70.6969,-62.001522,-77.39183,-74.302086,-70.80592,-81.19443,-73.77299,-76.88417,-80.370636,-82.547226
7047.715453590975,4.356420516103292,14.467176392719374,0.0,-76.71659,-77.9214,-69.74569,-64.09972,-77.10065,-75.1456,-73.64945,-81.16185,-73.87218,-72.504745,-79.46846,-83.00895
7051.035149989275,4.884365567324078,13.533496934391358,0.0,-77.462746,-71.939285,-70.28653,-64.72253,-77.86956,-76.61444,-76.92961,-74.53368,-70.98263,-73.86458,-77.59484,-83.869606
7054.354846387575,5.45962330260062,12.516144220448815,0.0,-76.685555,-71.031006,-69.694885,-65.81608,-77.43629,-78.286095,-78.45947,-73.38336,-67.564896,-69.57618,-78.64389,-84.061
7057.674542785875,6.004852674436795,11.551897158404415,0.0,-73.50076,-72.931885,-67.75303,-71.55064,-76.72308,-79.91232,-75.0073,-79.32889,-65.38808,-62.268726,-84.342476,-82.477005
7060.994239184175,6.522543857363584,10.636351833870002,0.0,-72.101845,-72.736275,-67.80289,-69.51886,-72.131874,-76.993515,-72.4496,-77.62795,-64.99672,-58.083744,-88.70187,-78.90485
7064.313935582475,7.098097226907039,9.618476285890932,0.0,-68.824715,-72.393234,-71.29293,-67.20349,-72.371666,-74.590546,-73.327415,-75.6155,-65.398865,-59.578033,-90.81386,-78.59131
7067.633631980775,7.495093708320728,8.916381515104932,0.0,-67.62154,-72.75232,-74.48356,-67.30554,-72.83469,-73.38901,-73.771355,-74.25651,-68.036385,-68.717636,-90.778404,-79.88024
7070.953328379075,8.043501953429674,7.946512563682933,0.0,-70.120056,-70.890564,-77.82603,-69.4008,-72.720856,-73.95477,-70.2538,-72.36087,-63.934196,-70.958786,-87.38753,-76.800026
7074.273024777375,8.59417115150806,6.972645079953584,0.0,-71.790146,-70.018845,-81.17225,-72.40543,-71.73484,-75.85116,-67.07726,-71.35881,-61.810143,-70.642555,-82.166534,-71.911125
7077.592721175675,9.106473248223486,6.066630442529645,0.0,-72.05079,-72.36777,-81.35848,-74.76114,-76.35383,-75.39289,-66.42762,-71.69968,-69.96871,-70.87355,-81.646645,-71.5071
7080.912417573975,9.694801147568253,5.026162929652518,0.0,-71.433914,-74.42072,-79.113365,-76.4659,-78.928,-73.217255,-65.74713,-72.228134,-74.73957,-72.2838,-82.3455,-70.23238
7084.232113972275,10.132342578279832,4.2523637528665805,0.0,-70.42942,-73.80103,-78.30774,-76.0999,-79.083405,-72.61332,-65.4188,-71.46411,-74.65417,-72.14335,-82.72495,-69.14043
7087.551810370575,10.6196158323986,3.390613032954868,0.0,-71.73934,-73.19953,-78.37212,-75.7158,-78.18121,-74.29672,-65.04615,-67.07031,-74.20071,-73.02148,-80.78897,-65.41806
7090.871506768875,11.14156264076972,2.467541565215732,0.0,-75.641045,-73.49962,-80.097534,-74.83124,-77.70988,-80.49208,-64.561745,-63.660667,-74.26689,-75.47587,-78.69507,-62.337925
7094.191203167175,11.560532001978151,1.7265873971170322,0.0,-72.41515,-73.941895,-80.50465,-74.76918,-80.365555,-80.32717,-64.83744,-63.119476,-74.09687,-77.56829,-80.6302,-62.99705
7097.510899565476,12.635593884269245,1.843368441040993,0.0,-74.36249,-73.057884,-76.483795,-74.36067,-81.59527,-79.88188,-64.35558,-63.243385,-74.66008,-78.080925,-81.31776,-62.10031
7100.830595963776,13.56834041289176,1.9446901557471736,0.0,-74.91179,-72.63297,-75.769875,-74.737114,-81.538795,-78.010765,-65.736435,-64.44782,-75.79173,-80.21497,-80.82027,-63.57176
7104.150292362076,14.43958584145544,2.039331173476138,0.0,-74.77259,-73.265434,-75.9989,-76.68492,-81.742325,-76.7538,-66.26037,-66.755775,-77.50049,-82.71651,-80.82859,-69.11649
7107.469988760376,15.667208253564096,2.1726844521962194,0.0,-74.05749,-74.61397,-78.093735,-78.84795,-81.232834,-76.376625,-62.597984,-68.57903,-80.39572,-85.64654,-81.6635,-72.42421
7110.789685158676,16.610964189038597,2.2752020887803286,0.0,-74.81334,-74.060036,-80.27855,-80.00806,-78.27947,-76.67373,-62.44963,-68.55559,-82.97319,-85.442276,-76.990906,-72.12197
7114.109381556976,17.776200350282263,2.401778519002173,0.0,-81.68294,-74.63579,-82.64591,-82.07263,-76.7904,-77.10383,-66.459015,-68.41913,-86.362305,-83.07932,-76.94144,-71.72416
7117.429077955276,18.784406089750497,2.5112971622400044,0.0,-82.95896,-74.55511,-83.26925,-83.33122,-77.693474,-77.78107,-70.18699,-70.055,-86.34179,-81.2779,-79.00653,-71.34623
7120.748774353576,18.256272034890426,1.4593285586021594,0.0,-84.6713,-75.24164,-78.79051,-79.72974,-76.68861,-77.40685,-71.591415,-71.12199,-83.27691,-77.46291,-77.672386,-72.295074
7124.068470751876,18.40623719950085,2.3395512415277957,0.0,-83.249306,-74.61439,-83.4276,-83.53231,-77.237564,-77.47856,-68.8704,-69.67628,-86.61384,-81.21772,-78.008095,-71.40041
7127.388167150176,18.616445181889965,3.5733700067830148,0.0,-77.29133,-74.57416,-80.44735,-79.44362,-76.98178,-77.827866,-68.21114,-66.73427,-84.32747,-83.10268,-79.5483,-71.68613
7130.707863548476,18.75227322806381,4.370614670437269,0.0,-78.23305,-75.51835,-79.01732,-78.66767,-76.96472,-79.81672,-67.35323,-66.081,-80.431015,-80.98648,-80.39071,-73.07923
7134.027559946776,18.96053948562084,5.593036453962455,0.0,-80.947876,-78.02505,-78.47021,-80.362686,-79.01598,-80.31712,-60.286865,-68.33015,-83.66001,-76.44543,-83.13817,-75.43555
7137.347256345076,19.17039810148194,6.824804607374509,0.0,-81.86528,-79.89329,-78.05667,-79.19061,-79.29922,-76.98958,-58.14677,-72.3087,-83.68477,-74.56361,-82.795555,-76.462776
7140.666952743376,19.31615477143075,7.680325470569213,0.0,-80.48996,-77.276085,-76.734055,-77.98498,-78.38892,-73.02633,-66.33334,-75.85649,-80.25045,-76.782135,-77.59268,-75.04455
7143.986649141676,19.518014976774765,8.865146838820994,0.0,-78.990265,-74.10048,-74.52558,-78.848785,-74.975136,-72.44164,-70.16179,-79.07891,-74.62208,-84.18318,-74.144424,-75.06187
7147.306345539976,19.14114359312023,7.727285535534097,0.0,-80.33783,-77.233604,-76.59562,-78.064644,-77.55889,-72.560295,-65.6284,-75.556145,-79.84441,-77.10128,-76.9367,-74.30656
7150.626041938276,18.79072796093303,6.66930022482628,0.0,-81.98157,-80.83434,-78.21675,-79.13503,-78.45562,-76.37485,-52.241318,-71.23609,-83.64618,-74.82348,-82.689384,-75.57233
7153.945738336576,18.49432766457344,5.774399624414809,0.0,-81.26146,-79.1598,-78.724075,-80.43458,-79.30861,-78.76649,-53.23036,-67.81525,-84.380905,-76.22543,-82.71166,-75.20257
7157.265434734876,18.242675938608684,5.014605240176984,0.0,-80.40719,-77.11228,-78.8384,-79.98849,-77.38109,-79.48648,-60.398792,-65.992256,-80.7099,-78.077194,-81.529274,-74.17827
7160.585131133176,18.004327135214886,4.2949754358744485,0.0,-78.99406,-75.56085,-79.22108,-78.21984,-76.50549,-79.31368,-66.06992,-65.771126,-79.08793,-80.527405,-79.91326,-72.81489
7163.904827531476,17.740545284982847,3.49855741926115,0.0,-77.352425,-74.84875,-80.676094,-78.8857,-76.51474,-77.510666,-66.08103,-67.01578,-82.57907,-83.26837,-78.52637,-71.97667
7167.224523929776,17.48132865850665,2.7159228621460128,0.0,-79.35757,-74.69362,-81.94839,-80.462234,-76.56578,-77.08331,-64.69969,-68.018555,-85.291275,-84.807556,-76.83426,-71.78128
7170.544220328076,17.171659893537765,1.7809617062262095,0.0,-80.38423,-73.79736,-80.30155,-80.59797,-77.04564,-76.86415,-65.52606,-69.10557,-84.69297,-81.166176,-77.02754,-72.9867
7173.863916726376,17.78932927172447,2.651791164980699,0.0,-80.3047,-74.44192,-82.34233,-81.13607,-76.81965,-77.137054,-65.972694,-67.94609,-86.49905,-84.04589,-77.18482,-71.69194
7177.183613124676,18.46094465750367,3.598677126214969,0.0,-77.358154,-74.62628,-80.399376,-79.285774,-76.84283,-77.85201,-67.54358,-66.68497,-83.86889,-83.04108,-79.444046,-71.70219
7180.503309522976,18.90901336100411,4.230392798602033,0.0,-77.67212,-75.23923,-79.18387,-78.92265,-77.09909,-79.39392,-68.27695,-66.19453,-81.15927,-81.72008,-80.15706,-72.817215
7183.8230059212765,19.337696904380454,4.834778042939889,0.0,-79.29718,-76.48678,-78.5997,-79.03182,-77.15959,-80.41389,-68.35958,-67.760574,-79.59579,-78.78907,-81.692024,-74.1518
7187.1427023195765,19.22485714221624,3.90621492824849,0.0,-77.07914,-74.82021,-79.79282,-79.50748,-77.03221,-78.72084,-70.46696,-66.60353,-83.98593,-82.92115,-79.89695,-72.34169
7190.462398717877,19.082789456067847,2.737134006622932,0.0,-82.19704,-74.44728,-83.019905,-82.81525,-78.11987,-78.07507,-70.9663,-70.730644,-86.14332,-81.6715,-79.62161,-71.32341
7193.782095116177,18.953577705790533,1.673845118104902,0.0,-84.7241,-75.429405,-79.87573,-81.9091,-77.70676,-78.54421,-71.90483,-74.219925,-83.20469,-77.46343,-79.78068,-72.08165
7197.101791514477,19.562333573934342,1.069722271000496,0.0,-82.872025,-77.07212,-77.66013,-79.690834,-78.50442,-80.441696,-74.49265,-79.24518,-81.3715,-80.94944,-81.777916,-74.59167
7200.421487912777,19.3314946461734,2.250865189697139,0.0,-84.03258,-75.34757,-81.72468,-83.381645,-78.17751,-79.03741,-71.72707,-75.08182,-84.48982,-79.22984,-80.90545,-71.56895
7203.741184311077,19.12466857282252,3.3091405607957194,0.0,-78.80712,-74.34809,-81.374084,-80.97584,-77.462166,-78.08174,-70.81568,-68.53809,-86.17931,-84.11543,-79.23636,-71.5061
7207.060880709377,18.920962978297965,4.351449251125168,0.0,-77.961555,-75.45632,-79.047195,-78.85223,-77.10015,-79.69164,-68.04455,-66.26437,-80.65972,-81.234276,-80.381996,-73.06478
7210.380577107677,18.68452557538289,5.561238115061329,0.0,-80.94748,-78.11496,-78.6107,-80.287796,-78.93807,-79.68294,-57.862316,-67.755875,-83.79061,-76.670265,-82.76325,-75.20607
7213.700273505977,18.45380524424036,6.741774205622936,0.0,-81.94628,-81.80544,-78.091805,-78.51635,-77.34083,-74.84731,-49.02537,-70.993385,-83.175385,-74.99772,-81.78289,-73.72249
7217.019969904277,18.216210545442557,7.957484652413375,0.0,-79.21288,-77.26255,-75.668015,-79.441864,-73.25439,-71.23419,-59.940296,-74.52637,-77.32471,-80.18801,-74.699715,-72.26261
7220.339666302577,18.071003994614596,8.70046890954188,0.0,-77.21604,-75.64322,-74.60453,-80.27594,-70.920815,-71.36601,-64.18441,-73.56687,-74.88164,-82.35736,-74.90223,-71.341446
7223.659362700877,17.882433318045695,9.665336150364617,0.0,-79.76993,-76.56627,-81.51901,-80.92991,-71.92258,-71.79032,-65.42896,-72.80203,-73.5436,-79.889175,-77.62347,-71.313034
7226.979059099177,17.718063985866646,10.506371389253038,0.0,-82.05245,-79.6151,-83.299934,-82.58536,-73.094444,-70.723175,-66.8643,-74.11215,-71.870735,-78.46789,-78.367134,-72.425896
7230.298755497477,17.528419242746743,11.47673435002749,0.0,-80.92603,-80.289085,-82.77177,-81.085526,-72.50966,-69.09408,-68.97906,-74.86908,-78.25602,-78.522865,-74.30891,-72.884575
7233.618451895777,17.343987372773224,12.420424391019145,0.0,-79.24941,-79.45503,-85.21321,-78.80072,-69.46932,-68.47763,-73.08284,-75.77643,-80.73448,-76.81114,-71.46065,-73.027824
7236.938148294077,17.11919521970874,13.570627531997358,0.0,-77.35601,-79.1653,-83.88808,-80.183044,-71.1168,-69.81071,-72.35558,-77.94335,-79.57214,-77.49544,-67.913864,-73.19046
7240.257844692377,16.93671845301023,14.50431381664256,0.0,-78.755936,-77.47919,-79.91265,-80.28093,-73.24277,-71.51246,-71.64349,-79.077324,-79.268776,-78.97315,-68.640945,-71.363
7243.577541090677,16.745771150317513,15.481341636895143,0.0,-80.456024,-75.51247,-77.80647,-76.72003,-70.972626,-67.45169,-72.483925,-78.89548,-82.89481,-76.43343,-72.5501,-72.94842
7246.897237488977,16.600918358080214,16.222515803072596,0.0,-82.263115,-76.01499,-77.45646,-76.67007,-70.89377,-70.15477,-74.17304,-79.98047,-82.0226,-73.84889,-76.00647,-75.44722
7250.216933887277,15.948971420933658,15.534672220163111,0.0,-79.65509,-77.999275,-79.88508,-75.9007,-67.48645,-65.387215,-71.73732,-80.18006,-83.349976,-72.384995,-72.96625,-74.30281
7253.536630285577,15.352750202746115,14.90562265254073,0.0,-78.33654,-79.727554,-79.2039,-76.37889,-65.932205,-63.44847,-69.345665,-81.04581,-82.42541,-72.12858,-70.17283,-73.580025
7256.856326683877,14.778259189348256,14.299499769696268,0.0,-78.501686,-80.01295,-76.43419,-77.1105,-65.10978,-62.87996,-67.443794,-81.89593,-77.76308,-72.91192,-67.23616,-73.74172
7260.176023082177,14.210479629951111,13.700457878115596,0.0,-79.99045,-77.99142,-75.222176,-77.27693,-64.222725,-64.9886,-66.6758,-81.70763,-72.14697,-73.74421,-64.415184,-75.244225
7263.495719480477,13.64350795020643,13.10226834859546,0.0,-81.14858,-77.031586,-74.82792,-75.75296,-63.6887,-67.59359,-65.18166,-81.51273,-71.00042,-74.18391,-62.030083,-75.70955
7266.8154158787775,13.03627770336825,12.461603587649904,0.0,-80.4079,-76.22285,-74.54882,-73.86994,-65.43155,-70.36294,-63.258217,-80.96564,-71.003716,-73.84932,-62.140213,-75.65213
7270.135112277077,12.284554309999631,11.668489788366402,0.0,-77.881996,-75.14597,-73.99014,-73.518326,-69.93831,-71.52789,-62.103638,-78.291084,-70.351166,-73.36883,-66.09002,-74.54259
7273.4548086753775,11.426471401224957,10.763160245768542,0.0,-76.223206,-72.675316,-73.59466,-71.04419,-73.54892,-69.45949,-65.581825,-71.81245,-69.28692,-73.55981,-70.501076,-74.588974
7276.774505073678,10.614542766639204,9.90652626337018,0.0,-72.66014,-72.41497,-73.57156,-69.13529,-73.7875,-68.5704,-68.027534,-70.12314,-67.60676,-74.784935,-71.67073,-75.578186
7280.094201471978,9.86843744257198,9.119339868139251,0.0,-70.69781,-72.70157,-74.3694,-68.36725,-73.697426,-69.05347,-68.6618,-70.142365,-67.10561,-76.399506,-73.226364,-77.07028
7283.413897870278,9.24370727304461,8.460211626751782,0.0,-70.25863,-72.86937,-76.19577,-70.09166,-73.70109,-70.709694,-70.16925,-69.96369,-66.65228,-74.15205,-78.48534,-76.40204
7286.733594268578,8.387043430280047,7.556379284912399,0.0,-71.42176,-70.20104,-80.07752,-70.93444,-72.217514,-74.29389,-68.502144,-71.175644,-61.98145,-70.97414,-84.574844,-73.702545
7290.053290666878,7.608963708327918,6.735457959506345,0.0,-72.423546,-68.62442,-82.416115,-71.8801,-70.04914,-77.98616,-67.9425,-71.93906,-60.61509,-68.97061,-81.17793,-72.29374
7293.372987065178,6.910336438637148,5.998363792908021,0.0,-71.68637,-71.1171,-82.66745,-76.42744,-74.430756,-78.934,-67.36995,-75.06995,-61.022408,-69.30407,-80.527504,-72.45579
7296.692683463478,6.336867460682698,5.393319219479867,0.0,-70.43489,-74.43747,-80.392876,-79.80479,-76.78331,-78.3421,-68.45212,-76.64694,-63.24778,-71.148384,-80.751236,-73.89415
7300.012379861778,5.730839361244103,4.7539227969947015,0.0,-68.25888,-76.02562,-75.46993,-79.8624,-78.26783,-78.12442,-70.30678,-77.09759,-63.931534,-78.116714,-82.02487,-76.42344
7303.332076260078,5.10492485036064,4.093545003603309,0.0,-66.228355,-75.90951,-75.127815,-79.558044,-79.71045,-79.3364,-70.29021,-77.03169,-65.69748,-80.468735,-82.30387,-77.12138
7306.651772658378,4.439950093633331,3.3919562804265126,0.0,-65.29572,-72.97902,-76.570045,-80.84483,-80.33026,-81.65753,-67.711075,-75.12534,-68.982635,-76.186646,-84.28636,-75.84298
7309.971469056678,3.65450046882871,2.5632592602592554,0.0,-65.778404,-70.91288,-75.36728,-79.48738,-80.06699,-81.86386,-67.7838,-74.12773,-72.388535,-74.369675,-89.197464,-75.878426
7313.291165454978,3.079610413949024,1.9567153644351367,0.0,-67.278,-70.898674,-74.2413,-77.581635,-78.60331,-80.13797,-71.91585,-73.86326,-72.89298,-73.973694,-94.936066,-79.45337
7316.610861853278,2.4153026598055085,1.2558303694621331,0.0,-67.55715,-72.42916,-74.26349,-76.30279,-77.995285,-79.2805,-73.48192,-77.173294,-73.849724,-76.49351,-95.189606,-80.41873
7319.930558251578,1.459816071157448,1.2115592930425,0.0,-69.425156,-73.28254,-75.1398,-76.223976,-78.85677,-78.77051,-72.87948,-82.850006,-73.70372,-77.902985,-94.34264,-81.06015
7323.250254649878,1.690028143688701,2.176827999033135,0.0,-68.36173,-70.1637,-75.1976,-77.58739,-78.27988,-78.613655,-73.288345,-75.60799,-72.36026,-73.2998,-96.011055,-81.04964
7326.569951048178,1.8751717174581,2.953126548061695,0.0,-67.69274,-70.00811,-75.0691,-78.42636,-79.8129,-79.23091,-72.70485,-75.058266,-71.59279,-73.75049,-94.50129,-79.415985
7329.889647446478,2.0672176462359517,3.758366356399724,0.0,-66.48002,-67.8055,-75.06134,-79.51931,-81.442474,-79.886505,-72.25126,-75.20864,-68.64529,-74.25926,-89.32201,-76.686195
7333.209343844778,2.3193624418640564,4.815597968634883,0.0,-65.8507,-62.68652,-73.090836,-78.469025,-82.21471,-79.28885,-74.24055,-75.86421,-68.034386,-74.20319,-85.40167,-74.83291
7336.529040243078,2.533079238132657,5.711702734620387,0.0,-65.79811,-61.0247,-72.470665,-75.78475,-79.855896,-75.77152,-78.081314,-76.91474,-67.16913,-67.50452,-83.58727,-76.771774
7339.848736641378,2.7432160131260543,6.59279663490394,0.0,-66.1396,-59.780598,-72.48638,-75.60951,-77.1619,-74.451164,-81.02228,-77.465675,-66.89057,-64.99028,-82.36815,-79.168106
7343.168433039678,2.991375487903144,7.633317978826412,0.0,-63.878872,-61.94837,-75.17667,-75.95896,-77.747826,-77.13959,-75.056915,-76.61206,-66.06017,-62.50076,-81.33829,-81.2122
7346.488129437978,3.2411820256236,8.680745382446569,0.0,-64.43001,-65.237495,-76.166336,-76.813354,-79.692375,-79.201065,-69.70026,-75.589005,-66.418594,-63.784,-80.266914,-82.6617
7349.807825836278,3.4539993795225667,9.57307882765509,0.0,-65.570984,-65.29212,-71.895065,-74.60293,-77.22355,-80.488525,-69.91647,-76.18853,-64.97161,-66.47839,-80.13939,-81.61382
7353.127522234578,3.6880096595915375,10.554273244381504,0.0,-68.542564,-66.16407,-67.79211,-72.979195,-76.61533,-81.81154,-72.388824,-79.44256,-65.55479,-73.79659,-81.149284,-79.53918
7356.4472186328785,3.8956510392765606,11.424904066105515,0.0,-75.019165,-68.61905,-66.29749,-70.76394,-77.12223,-81.34216,-74.64828,-79.24048,-66.41588,-75.70702,-82.87327,-80.1897
7359.766915031178,4.171849773790365,12.582992745508708,0.0,-78.68322,-70.91606,-67.429886,-66.439644,-77.550316,-78.04628,-79.59161,-76.13527,-69.30548,-75.97518,-81.838974,-84.17433
7363.086611429479,4.377868812138382,13.446821164101433,0.0,-77.39116,-72.408134,-69.72,-64.86226,-77.348816,-76.57539,-77.40993,-76.42937,-71.187706,-73.727234,-80.53599,-84.04426
7366.406307827779,4.559955109883869,14.21030069439214,0.0,-76.23998,-77.65511,-69.90423,-64.30528,-77.36008,-75.44899,-74.63924,-79.162766,-73.174416,-72.007576,-78.63831,-83.28561
7369.726004226079,4.778868298601326,15.128193696588612,0.0,-74.62156,-77.69534,-69.69992,-63.309223,-77.01965,-74.883385,-71.07285,-82.368576,-77.277115,-71.55865,-77.311325,-81.5229
7373.045700624379,5.001787976171278,16.062885723561198,0.0,-76.82667,-77.11705,-69.354706,-61.478832,-77.59731,-75.206406,-72.35118,-81.0006,-74.730896,-72.83857,-76.915794,-79.99742
7376.365397022679,4.427469751667514,15.386311964195457,0.0,-76.167076,-77.51552,-69.78453,-62.525272,-77.23814,-74.61268,-70.81105,-81.90328,-75.37932,-73.449104,-78.07716,-81.57361
7379.685093420979,3.7860632435399375,14.630705065493103,0.0,-77.732834,-78.30453,-69.277596,-63.500156,-76.76161,-74.921585,-73.02506,-81.4327,-73.66576,-75.88231,-82.698235,-83.40299
7383.004789819279,3.292822351981207,14.049644200563831,0.0,-78.58861,-78.30683,-66.877014,-64.01627,-76.50842,-75.468704,-75.90061,-81.83208,-73.16717,-77.80773,-85.329155,-84.64715
7386.324486217579,2.6036837567664746,13.237806668346703,0.0,-81.75631,-78.41584,-63.67607,-66.230484,-76.16353,-75.58613,-79.960144,-83.5585,-72.946335,-78.47695,-79.350876,-84.68106
7389.644182615879,2.0640447382071603,12.602086637343712,0.0,-78.925545,-73.81669,-63.726933,-67.184166,-74.86007,-76.56115,-81.16576,-84.54191,-71.33051,-79.41607,-81.65297,-81.93025
7392.963879014179,1.435542753330194,11.861681871250042,0.0,-78.21963,-70.13364,-64.84702,-66.37518,-72.65546,-79.27903,-74.669044,-85.254486,-72.01584,-78.8648,-86.59136,-79.466515
7396.283575412479,1.0126762958256583,12.69341662939801,0.0,-75.51544,-68.81522,-65.684944,-65.17527,-72.84113,-79.74322,-82.484344,-86.057175,-71.72991,-78.3842,-86.51068,-80.22728
7399.603271810779,1.8300289876997036,12.27492155233363,0.0,-78.17254,-72.15981,-64.04558,-67.20396,-73.521904,-77.576935,-78.978294,-84.537796,-71.26102,-79.49445,-85.64591,-79.889854
7402.922968209079,2.68901642479807,11.835108950919684,0.0,-79.12192,-70.36424,-64.97342,-68.54605,-74.58291,-78.59681,-75.11372,-83.387215,-69.77073,-81.027245,-84.15282,-79.544716
7406.242664607379,3.360430842808392,11.491336144638078,0.0,-77.42427,-68.39474,-65.96364,-69.962845,-75.796036,-80.38227,-74.09243,-81.06709,-67.81308,-80.13754,-83.13806,-79.53415
7409.562361005679,4.189826527945297,11.066674900331902,0.0,-71.13917,-68.054695,-66.70129,-72.13324,-78.99737,-82.75739,-74.37878,-79.1232,-65.26329,-72.62547,-85.16091,-80.09591
7412.882057403979,5.122575862199451,10.589095260108982,0.0,-70.13397,-71.86994,-66.96105,-74.14276,-79.692345,-84.59199,-73.58695,-78.61298,-62.81561,-63.47199,-88.36775,-80.432365
7416.201753802279,5.98596935005027,10.147026704114436,0.0,-69.18096,-72.757904,-68.93104,-70.56332,-72.45619,-77.7745,-72.12327,-76.13976,-62.775856,-59.059483,-89.29409,-80.846504
7419.521450200579,6.829498339480399,9.715129026469056,0.0,-68.58129,-72.37196,-70.83334,-67.632454,-72.07046,-75.33703,-73.16346,-75.73298,-64.3962,-58.754654,-90.85774,-78.81418
7422.841146598879,7.690649686693565,9.274208475281092,0.0,-68.7196,-72.49966,-74.00487,-67.238884,-73.01289,-72.91145,-73.41146,-74.93176,-68.01828,-67.73856,-89.72528,-79.40854
7426.160842997179,8.408086696680735,8.906871510751113,0.0,-69.069786,-72.77829,-75.10056,-68.068146,-73.52628,-71.433556,-73.04709,-72.80216,-68.75917,-72.27453,-84.64384,-79.22153
7429.480539395479,9.5036051520038,8.345951989785581,0.0,-70.32161,-73.191925,-77.27059,-70.80127,-73.79845,-70.52624,-69.3735,-69.59489,-66.3347,-75.09422,-76.781105,-75.66779
7432.800235793779,10.284008368389085,7.946375518784274,0.0,-70.65462,-73.894196,-78.688774,-72.645645,-74.86952,-70.17114,-67.85968,-69.33983,-66.994415,-75.37133,-75.59462,-73.49709
7436.119932192079,11.391708192542897,7.379218980508767,0.0,-73.513504,-75.145,-76.402084,-77.227394,-75.05486,-71.345116,-69.47831,-72.44317,-74.325356,-73.010185,-74.89058,-70.00915
7439.4396285903795,12.330227042494128,6.898685274140012,0.0,-79.12843,-77.384285,-75.44473,-79.8823,-75.89804,-72.22015,-70.63552,-75.7703,-78.11747,-77.240585,-74.5984,-68.928276
7442.759324988679,13.205247423285456,6.450663599613489,0.0,-82.97955,-79.73009,-75.677505,-82.288635,-75.817924,-73.32004,-71.754715,-78.27808,-76.99019,-80.77499,-73.17907,-65.77081
7446.07902138698,14.259962339169334,5.910636014958768,0.0,-80.89112,-80.216324,-74.96778,-80.74455,-75.252106,-70.52582,-69.34454,-76.64121,-74.53206,-80.83928,-73.02769,-64.01184
7449.39871778528,15.344966826179256,5.355099780820582,0.0,-79.11615,-81.389336,-78.06644,-78.95164,-75.867424,-69.58778,-67.51638,-71.84015,-76.372955,-80.15693,-75.365005,-68.442
7452.71841418358,16.044026716826778,4.997172137445016,0.0,-78.51189,-81.01823,-79.90597,-78.51835,-76.60495,-72.62374,-67.08737,-68.241394,-77.70746,-80.01093,-76.77999,-72.18798
7456.03811058188,16.797218921893748,4.6115280537617815,0.0,-79.575714,-78.62103,-79.99989,-78.918076,-77.27328,-75.47803,-63.02533,-65.99488,-78.70999,-80.09174,-78.418564,-73.16586
7459.35780698018,17.55692206915271,4.222550284043755,0.0,-79.156136,-76.10978,-79.48841,-78.42995,-76.33474,-78.48609,-64.81665,-66.007,-78.22282,-80.884735,-79.23691,-72.78241
7462.67750337848,18.231240195651395,3.877290741718219,0.0,-77.609344,-74.96914,-79.91286,-78.71154,-76.64101,-78.51248,-67.03648,-66.2753,-81.60634,-82.5152,-79.63935,-72.05394
7465.99719977678,19.28767474094709,3.336382684716157,0.0,-78.89579,-74.37861,-81.37771,-81.090294,-77.58428,-78.344925,-71.36304,-69.077286,-86.314255,-84.134796,-79.31445,-71.643936
7469.31689617508,18.47969062241216,3.167928935288179,0.0,-78.64449,-74.29092,-81.44489,-80.738304,-77.15531,-77.402115,-68.03974,-67.57901,-86.03932,-83.69848,-78.799,-71.42241
7472.63659257338,17.688629046412373,3.003003306864694,0.0,-78.30472,-74.60541,-81.76928,-80.148575,-76.72424,-77.19549,-65.62102,-67.65874,-84.99892,-84.18974,-77.706665,-71.84617
7475.95628897168,16.86297868037298,2.8308663840151334,0.0,-76.97732,-75.39184,-81.02449,-79.347565,-77.2045,-76.733284,-63.33493,-68.28859,-82.64243,-84.98775,-76.25748,-72.09406
7479.27598536998,15.724297932989105,2.593466864769542,0.0,-72.751396,-75.10141,-78.48446,-78.47434,-80.58026,-76.24105,-62.734318,-68.35954,-79.53926,-84.80987,-80.2203,-72.31942
7482.59568176828,14.511622909130535,2.340640540686532,0.0,-73.790215,-73.76263,-76.11739,-76.78559,-81.696655,-76.5915,-67.25305,-67.224525,-77.0375,-82.32802,-81.236946,-69.328674
7485.91537816658,13.584560211862538,2.14736051979605,0.0,-74.22616,-72.904884,-75.57424,-74.813484,-81.71339,-78.16349,-65.698845,-64.8124,-75.45672,-79.77611,-81.16508,-63.89687
7489.23507456488,12.40164745104752,1.900739224606724,0.0,-73.96471,-73.37545,-77.2049,-74.20537,-81.620056,-80.023445,-64.08376,-63.18193,-74.43526,-77.57722,-81.34711,-61.8557
7492.55477096318,11.431571514756484,1.6984915257356274,0.0,-72.052795,-73.91509,-81.221146,-74.861,-79.98334,-80.33538,-64.969826,-63.12606,-74.09046,-77.64392,-80.70012,-63.489914
7495.87446736148,10.565804802656006,1.517990887867022,0.0,-70.74926,-73.39434,-84.19851,-75.38408,-76.99099,-81.105034,-65.54701,-63.755215,-74.39833,-78.07363,-81.65837,-65.39851
7499.19416375978,9.478306754258435,1.2912622683981738,0.0,-68.807655,-72.9325,-84.06095,-75.523735,-74.08717,-80.92338,-69.40011,-64.71213,-74.440254,-78.44744,-83.771774,-67.57163
7502.51386015808,8.284349483028215,1.0423383423187622,0.0,-63.415455,-72.74753,-80.93106,-73.843925,-71.5498,-81.64837,-70.60923,-66.32281,-74.46148,-77.60062,-86.21738,-72.0229
7505.83355655638,7.510814960403452,1.8400209906728269,0.0,-58.29363,-70.63389,-80.267494,-75.58001,-76.423294,-74.8689,-73.227684,-65.83967,-72.83305,-76.88981,-89.453575,-72.67641
7509.15325295468,6.6831853203013125,2.693487492636887,0.0,-58.93129,-71.07824,-78.11182,-79.647,-79.06417,-76.288605,-71.23758,-68.169685,-70.39729,-77.991844,-87.59984,-74.6366
7512.47294935298,5.909721546174576,3.4910971838731726,0.0,-62.994003,-74.643936,-76.55184,-79.75191,-79.38229,-79.36786,-70.246574,-74.770515,-67.42201,-79.683044,-83.46136,-78.21885
7515.79264575128,5.199091339734779,4.223911775198493,0.0,-66.58096,-76.010666,-75.14031,-79.53459,-79.572365,-78.94168,-70.59424,-77.13775,-65.411194,-80.71392,-82.23007,-77.32221
7519.11234214958,4.62819718293245,4.812628050436865,0.0,-66.96558,-74.78421,-73.714,-78.38243,-79.7522,-78.33165,-71.990524,-77.32029,-65.02678,-78.25805,-83.12503,-75.48153
7522.43203854788,3.785344414483274,5.68179291489274,0.0,-66.60353,-66.063995,-72.668076,-77.28736,-78.24946,-76.003006,-75.3198,-77.21526,-65.99807,-66.87408,-84.35666,-74.89087
7525.75173494618,2.927966160738016,6.565936719836355,0.0,-66.03473,-60.145416,-72.46441,-75.90477,-77.10376,-74.58211,-80.4814,-77.65048,-66.71955,-64.89784,-82.47843,-79.00366
7529.07143134448,2.1903861160373177,7.326542466860484,0.0,-65.69943,-58.974506,-71.368866,-74.6463,-76.10967,-76.073326,-77.575356,-76.62328,-68.291245,-63.95001,-81.621544,-80.66292
7532.391127742781,1.6595138155172091,7.873987487387533,0.0,-67.74597,-58.876312,-69.82603,-74.57836,-76.23905,-77.35859,-73.75009,-76.69258,-70.095795,-65.84899,-82.89709,-82.19317
7535.710824141081,1.598698444274849,6.6342945003296645,0.0,-66.240776,-56.985126,-71.75728,-73.63523,-77.478935,-74.74824,-79.84968,-75.87894,-68.85945,-66.01837,-84.58597,-79.5889
7539.030520539381,1.555716113769822,5.758119733885576,0.0,-66.539024,-57.220745,-71.64875,-74.516174,-79.99668,-76.785835,-80.66637,-76.27111,-68.22754,-71.96744,-85.72807,-78.314156
7542.350216937681,1.5148945888055374,4.9259919808943655,0.0,-66.86811,-59.979908,-73.1881,-78.49807,-82.16912,-78.678734,-77.44001,-76.243546,-68.055916,-73.12518,-87.00923,-77.465614
7545.669913335981,1.472139740828731,4.05445433972226,0.0,-67.46725,-66.42497,-75.220795,-79.44861,-81.60735,-79.03959,-73.85979,-75.504715,-69.28311,-73.02095,-89.44264,-77.87119
7548.989609734281,1.42409265707553,3.075036939801225,0.0,-68.57045,-70.39176,-76.67231,-78.59727,-79.97533,-78.850105,-73.24349,-75.49765,-71.722275,-73.13189,-93.50976,-80.03084
7552.309306132581,1.3811062501628515,2.198779077687824,0.0,-68.63283,-70.408585,-75.791115,-77.62769,-78.30959,-78.270905,-73.21607,-78.06505,-72.370056,-73.440765,-94.33104,-81.71397
7555.629002530881,1.334687133999876,1.2525470380388986,0.0,-69.84158,-73.23627,-75.143585,-76.312416,-78.89672,-78.689896,-72.6814,-84.02465,-73.5293,-77.99197,-94.11633,-81.27237
7558.948698929181,2.548090504677033,1.2671860183006225,0.0,-67.491516,-72.33886,-74.11988,-76.33887,-77.923035,-79.39129,-73.4207,-76.88782,-73.93834,-76.11982,-95.056404,-80.4677
7562.268395327481,3.784601316212455,1.2821037759077845,0.0,-64.63402,-72.14668,-75.503365,-77.800415,-78.827515,-82.20765,-70.93425,-76.21763,-75.3166,-74.87308,-91.96522,-77.42735
7565.588091725781,4.601293915056584,1.291956679833462,0.0,-62.24775,-72.5148,-76.90893,-80.394455,-79.24373,-83.94233,-67.600975,-75.21302,-76.276695,-74.80775,-88.99062,-75.80052
7568.907788124081,5.668343842482404,1.3048299940201062,0.0,-60.490063,-72.62708,-77.99247,-81.764145,-78.52287,-82.75224,-66.09558,-71.98282,-77.522575,-75.58662,-87.53425,-74.95484
7572.227484522381,6.760422022480803,1.3180052589877107,0.0,-59.06482,-72.15412,-79.03567,-76.70265,-76.243095,-81.4234,-69.68938,-66.576904,-76.8335,-76.73229,-87.336914,-73.64116
7575.547180920681,7.512544823278231,1.3270791672208166,0.0,-60.272522,-71.873245,-80.00729,-74.421005,-74.52874,-79.068634,-71.153496,-66.2626,-74.73605,-76.45529,-87.924576,-72.11928
7578.866877318981,8.481947778115677,1.338774429542037,0.0,-63.554554,-71.86096,-82.12309,-74.23742,-72.70292,-80.91565,-71.498405,-65.58243,-73.99578,-78.21643,-86.71841,-71.70529
7582.186573717281,9.51621289151386,1.3512522147092036,0.0,-69.18668,-72.809265,-84.08845,-75.50143,-74.12058,-80.93888,-69.28337,-64.58423,-74.36147,-78.40687,-83.6873,-67.42175
7585.506270115581,10.6542395899403,1.3649818208551652,0.0,-70.11396,-73.49288,-84.65327,-75.65704,-77.72919,-80.67594,-65.65192,-63.692783,-74.402855,-78.253685,-82.53499,-65.36265
7588.825966513881,11.628685148102202,1.3767379191459552,0.0,-72.258575,-73.84742,-80.61298,-75.47687,-81.05199,-79.294044,-65.59548,-62.98024,-74.571785,-79.20459,-82.30509,-63.452003
7592.145662912181,12.570843029120894,1.388104486074118,0.0,-74.99573,-72.556625,-77.73066,-75.44133,-81.27423,-79.01345,-65.676605,-62.85577,-74.95063,-79.91807,-81.22435,-62.48055
7595.465359310481,13.807525283693057,1.4030243120381771,0.0,-76.99644,-71.78503,-76.002754,-75.94426,-80.82011,-76.617775,-66.254486,-64.36664,-76.557106,-81.55471,-79.86239,-64.80531
7598.785055708781,14.937534148741271,1.4166571878573555,0.0,-77.177605,-72.83014,-76.31846,-77.711136,-80.01551,-76.41922,-62.891186,-67.21105,-79.054016,-82.17523,-79.35584,-73.11024
7602.104752107081,15.688599847985158,1.4257183427974092,0.0,-77.66542,-73.97643,-77.17961,-78.62101,-78.90309,-76.69553,-62.77957,-69.312805,-80.83455,-81.610405,-78.51804,-75.21421
7605.424448505381,16.613989089327134,1.4368826061955378,0.0,-79.84619,-73.75269,-78.502846,-78.84951,-77.626945,-77.27617,-64.25121,-69.44647,-83.204544,-79.982155,-78.091064,-74.574265
7608.744144903681,17.685649155874195,1.4498115389318176,0.0,-83.93067,-74.79824,-78.70094,-79.04625,-76.16682,-76.887634,-69.77349,-70.15342,-83.982086,-78.4017,-77.30509,-72.636765
7612.063841301981,18.747524095408536,1.4626224200088889,0.0,-84.38916,-75.39663,-78.77128,-80.32435,-77.36655,-78.19695,-72.02641,-73.36046,-82.509026,-77.50195,-79.11841,-72.36438
7615.3835377002815,19.2342749615127,2.500906592389517,0.0,-83.427475,-74.78226,-82.485985,-83.588776,-78.07657,-78.62448,-71.47279,-72.86536,-85.312416,-80.42359,-80.390854,-71.450096
7618.703234098582,18.71543936666938,1.598899840623302,0.0,-84.68746,-75.1905,-79.57426,-81.21602,-77.337875,-78.07753,-71.78229,-72.75,-83.23023,-77.33783,-78.95553,-72.1446
7622.022930496882,19.41446191558539,1.904115750070625,0.0,-84.78626,-75.88153,-80.33342,-82.879745,-78.410164,-79.485725,-72.07968,-76.89186,-83.09815,-77.75563,-81.32891,-71.9008
7625.342626895182,19.077836907799792,2.797029890716934,0.0,-81.8375,-74.394165,-82.86389,-82.644264,-78.15182,-78.02495,-70.89736,-70.503716,-86.23154,-81.90337,-79.516014,-71.28638
7628.662323293482,18.745338058778135,3.678999195353838,0.0,-77.20794,-74.65741,-80.21202,-79.39449,-76.96388,-78.00668,-68.71025,-66.640724,-84.00575,-83.00242,-79.71114,-71.831764
7631.982019691782,18.33384811703309,4.770496200091818,0.0,-80.16958,-76.35079,-78.85018,-79.59841,-76.91822,-80.0092,-63.944294,-65.94119,-79.759865,-78.715775,-81.04532,-73.797
7635.301716090082,18.01952674315843,5.604248871309919,0.0,-81.08607,-79.34187,-78.99538,-80.23219,-78.38691,-77.77675,-50.0208,-66.57637,-83.77948,-76.89824,-81.96004,-74.49057
7638.621412488382,17.650435907407388,6.583280193412325,0.0,-82.10518,-82.71221,-78.30056,-78.14646,-76.58669,-73.41361,-44.034847,-69.72028,-82.76643,-75.77302,-80.57189,-71.268974
7641.941108886682,17.30817012958539,7.491156749842208,0.0,-80.14043,-79.93582,-76.20586,-80.20359,-73.2824,-70.343925,-49.01135,-74.85067,-78.15006,-79.14454,-74.52417,-70.49847
7645.260805284982,16.963338156265017,8.405840264148546,0.0,-77.7549,-78.48505,-75.943695,-81.703705,-72.59247,-70.35388,-58.481987,-76.67934,-74.580444,-80.21816,-74.03119,-70.37419
7648.580501683282,16.581164550076164,9.419574268620275,0.0,-80.61295,-78.53508,-84.58218,-82.99897,-74.35115,-69.72653,-62.077137,-75.34646,-73.252106,-76.55546,-74.1532,-70.40685
7651.900198081582,16.210285199256507,10.403349713585184,0.0,-82.51201,-80.948326,-81.93123,-79.920944,-74.105576,-66.46208,-64.64652,-73.1013,-74.90495,-77.91267,-72.95323,-70.73962
7655.219894479882,15.835052152418976,11.398673548148386,0.0,-82.2397,-80.9193,-79.1019,-75.1355,-72.63525,-64.96928,-65.60456,-72.865036,-76.845665,-77.84965,-70.12716,-70.65459
7658.539590878182,15.429458445032736,12.474530505611872,0.0,-77.70433,-80.67165,-80.14982,-79.22681,-70.81814,-63.72752,-64.677666,-75.78705,-74.44202,-76.647385,-65.47441,-70.24885
7661.859287276482,15.046271119476168,13.49095344981518,0.0,-77.60698,-80.99105,-77.793945,-79.619606,-67.09884,-63.11903,-66.02056,-79.61428,-72.31564,-75.71404,-64.62017,-72.367424
7665.178983674782,14.709234869675164,14.384958429829595,0.0,-78.60389,-79.80482,-76.043594,-76.85823,-64.89199,-63.15911,-67.76844,-82.158806,-78.61014,-72.67773,-67.366684,-74.26085
7668.498680073082,14.393868081505008,15.22148411311066,0.0,-79.35493,-79.77144,-74.12838,-77.75133,-63.67628,-64.77481,-72.20833,-83.11204,-80.87391,-71.12133,-68.71873,-77.574524
7671.818376471382,14.01111659463069,16.236750974095486,0.0,-81.69809,-77.76956,-75.37819,-80.4225,-64.08743,-69.51344,-74.55278,-82.35706,-81.36065,-70.15578,-69.24236,-80.8162
7675.138072869682,14.965437890238864,15.801207566076576,0.0,-81.1237,-77.8924,-76.11987,-78.57553,-64.33079,-67.81119,-74.80627,-83.41789,-81.63372,-70.89396,-74.33544,-79.72923
7678.457769267982,15.834174757878868,15.404724098983383,0.0,-79.2789,-78.39166,-80.19956,-75.86496,-67.14693,-64.80274,-71.19633,-80.283516,-83.49406,-72.283,-72.472404,-74.12432
7681.777465666282,16.973840540364492,14.884591182332924,0.0,-80.29504,-76.25555,-78.84596,-79.08588,-73.758736,-70.97571,-72.3674,-78.905365,-80.17411,-79.1395,-70.16146,-71.98886
7685.097162064582,17.865483823673937,14.477653439104344,0.0,-78.40259,-77.63267,-80.52833,-81.93102,-75.24572,-75.434784,-77.13588,-79.633316,-78.25239,-78.77017,-69.59758,-74.09385
7688.416858462882,18.906633487798757,14.002482367204836,0.0,-78.094505,-77.748146,-83.61182,-82.81385,-73.12264,-71.805374,-78.45713,-80.23118,-80.6049,-77.34373,-71.48464,-78.66895
7691.736554861182,18.919472057520636,12.823259600790424,0.0,-78.56224,-78.00348,-83.70872,-82.356514,-72.32407,-69.81739,-73.11253,-77.99587,-81.89518,-77.507744,-73.4973,-76.553894
7695.056251259482,18.932146892147845,11.659075904574149,0.0,-80.89538,-79.47011,-82.49334,-82.022255,-72.76065,-70.43036,-69.98309,-76.678764,-76.156555,-79.70891,-78.24285,-75.51442
7698.3759476577825,18.94579733693006,10.405282405175305,0.0,-81.95566,-76.46638,-82.68807,-80.36043,-72.872444,-73.84692,-67.95986,-74.8072,-72.65036,-81.71246,-78.82814,-73.29079
7701.695644056082,18.95853359857273,9.23545663693134,0.0,-77.85169,-74.24099,-74.22115,-79.324196,-71.69476,-72.79591,-67.11638,-75.05247,-73.852486,-83.403915,-76.207794,-72.13295
7705.015340454383,18.97156310606577,8.038696234191958,0.0,-79.60115,-76.01772,-75.98195,-78.665504,-75.867836,-71.57743,-66.21526,-76.11295,-77.92081,-79.477715,-75.52474,-74.53315
7708.335036852683,18.98523083281859,6.783315385607488,0.0,-81.864555,-80.30182,-78.05547,-79.06567,-78.809494,-76.357254,-55.408665,-71.90959,-83.59689,-74.68087,-82.641464,-76.03918
7711.654733250983,18.99420300840591,5.959220961848654,0.0,-81.44948,-78.795,-78.46407,-80.59051,-80.34751,-79.58212,-58.416546,-69.371376,-84.72343,-75.62982,-83.223114,-75.984955
7714.974429649283,19.003177346335853,5.134927926896899,0.0,-80.32012,-77.15399,-78.60253,-80.19847,-77.78504,-80.57215,-64.88532,-67.57483,-80.027855,-77.589066,-82.26751,-74.605934
7718.294126047583,19.016759421397563,3.88741418705831,0.0,-77.14867,-74.82878,-79.74714,-79.321236,-76.93866,-78.55223,-69.52982,-66.49239,-83.55599,-82.78788,-79.84737,-72.15566
7721.613822445883,19.028572698131697,2.802364592545679,0.0,-81.74893,-74.37168,-82.832016,-82.58779,-78.090645,-77.9393,-70.81078,-70.23963,-86.3213,-81.98915,-79.3859,-71.26632
7724.933518844183,19.037037592337107,2.024863969146846,0.0,-84.40158,-75.19855,-81.41543,-83.25114,-77.718925,-78.50631,-71.40847,-73.758965,-84.39031,-78.835,-80.02966,-71.63829
7728.253215242483,18.132890137397546,1.3608528405299891,0.0,-84.71191,-75.35374,-78.1128,-78.70489,-76.44012,-77.313896,-71.53224,-71.03392,-82.98807,-77.353935,-77.48747,-72.49329
7731.572911640783,17.0252816915258,1.1548883980812676,0.0,-82.56875,-74.50494,-77.42555,-77.33927,-76.67354,-77.17783,-67.690994,-70.128296,-83.008415,-77.90509,-77.783134,-75.59117
7734.892608039083,17.967134076082104,1.48083343793081,0.0,-84.3143,-74.9139,-78.89713,-79.496506,-76.3877,-77.04544,-70.56982,-70.47557,-83.85147,-78.033646,-77.246376,-72.356575
7738.212304437383,19.0206943578559,1.8454370145182697,0.0,-84.66524,-75.402824,-80.76511,-82.75766,-77.73641,-78.585754,-71.68918,-74.19773,-83.78045,-78.023735,-79.96075,-71.87139
7741.532000835683,19.440338797226232,2.610141248517385,0.0,-83.1227,-74.88208,-82.39494,-83.37781,-78.28372,-79.00428,-71.77174,-73.81483,-85.17896,-80.44584,-80.74002,-71.436905
7744.851697233983,19.412413845707537,1.819093126697941,0.0,-84.81218,-75.98525,-80.026985,-82.653534,-78.42798,-79.54334,-72.21388,-77.09851,-82.813576,-77.84371,-81.35942,-72.03391
7748.171393632283,18.58528220272649,2.549650322685436,0.0,-82.41729,-74.45846,-83.34634,-83.11709,-77.55832,-77.581116,-69.21444,-69.47074,-86.6965,-81.7777,-78.440704,-71.339516
7751.491090030583,17.941091404483355,3.118626527669326,0.0,-78.10425,-74.48261,-81.4959,-80.22056,-76.83862,-77.27959,-66.28899,-67.40187,-85.584045,-83.85775,-78.29474,-71.65123
7754.810786428883,17.19995742757527,3.773226994977811,0.0,-77.7059,-75.72946,-80.32378,-78.34444,-76.73726,-77.45928,-64.72009,-66.84757,-79.31765,-82.47526,-78.06884,-72.49529
7758.130482827183,16.514536324208763,4.37861952662052,0.0,-78.95115,-78.55149,-80.326515,-78.78343,-77.20804,-75.25778,-65.749214,-66.70875,-77.718094,-80.807976,-77.29243,-73.21878
7761.450179225483,15.911749902575073,4.9110256577424245,0.0,-78.48836,-80.93915,-79.742294,-78.41899,-76.65535,-72.59131,-67.907166,-68.4712,-77.32461,-80.16953,-76.28959,-72.229126
7764.769875623783,15.297646050691789,5.453427815710947,0.0,-79.240814,-81.355835,-77.76277,-79.11313,-75.72385,-69.34358,-67.2739,-72.39908,-76.34414,-80.09845,-75.20008,-68.01707
7768.089572022083,14.721458798561148,5.962340449935899,0.0,-80.43073,-80.52709,-75.61683,-80.560555,-74.98545,-69.009705,-67.336975,-76.05393,-75.22739,-80.62444,-73.01343,-65.884415
7771.409268420383,13.946526240595396,6.646793234968385,0.0,-82.5808,-79.86641,-75.45679,-82.65384,-75.27814,-71.57521,-68.44648,-78.56426,-76.777466,-81.98139,-72.74607,-65.48468
7774.728964818683,13.111989368177545,7.383891038728418,0.0,-80.5905,-77.067604,-77.58511,-80.092735,-75.47718,-72.60438,-67.99008,-78.25828,-77.50526,-77.25625,-73.73548,-67.94678
7778.048661216983,12.3537282908537,8.05361887610104,0.0,-74.56786,-73.7122,-74.87245,-78.01734,-74.50796,-68.58472,-66.98939,-76.565414,-71.994675,-74.50284,-73.51043,-69.06352
7781.3683576152835,11.565279079591672,8.750010133582329,0.0,-71.82394,-73.53917,-74.301216,-75.04671,-74.89276,-67.87596,-66.36513,-73.40311,-68.26746,-75.90932,-72.5502,-73.354294
7784.688054013583,10.767356360277452,9.454768788850302,0.0,-71.221924,-73.19865,-73.984314,-70.2188,-74.20256,-68.751114,-67.39631,-71.127396,-67.20203,-76.806465,-71.826,-76.77192
7788.0077504118835,10.03632220229706,10.10044867446129,0.0,-72.556076,-72.006325,-73.943474,-67.43337,-73.36172,-68.98175,-69.06871,-69.31635,-68.85413,-73.84862,-72.931244,-75.32357
7791.327446810184,9.203064810729234,10.836416387322194,0.0,-73.58043,-71.98019,-73.85085,-65.70601,-71.60298,-70.62687,-70.709885,-71.685745,-70.79173,-68.92314,-75.39736,-74.086784
7794.647143208484,8.576289451619582,11.390010549449652,0.0,-74.37548,-72.18821,-72.33885,-66.020775,-70.28942,-71.8555,-69.851974,-78.64269,-70.7319,-58.96466,-76.64322,-74.045265
7797.966839606784,7.798298778125406,12.07716438977897,0.0,-74.99502,-74.309586,-70.85736,-68.56245,-67.4882,-72.88867,-72.01466,-81.3226,-69.302765,-57.946697,-76.180664,-81.09597
7801.286536005084,7.149783381436425,12.649960260642144,0.0,-75.791,-75.92241,-69.929955,-68.306244,-67.12248,-73.535164,-78.04897,-78.14719,-69.094215,-60.7008,-74.87529,-84.1787
7804.606232403384,6.408180114603811,13.30497522440265,0.0,-76.773254,-73.14324,-70.299736,-64.828186,-73.631065,-74.6175,-77.59168,-73.16849,-70.44673,-64.63522,-75.285774,-83.611786
7807.925928801684,5.824801805461089,13.820239300373924,0.0,-77.42073,-73.32692,-70.30043,-64.14485,-77.6299,-75.312065,-75.36066,-72.98305,-72.34202,-73.99288,-76.02572,-82.8684
7811.245625199984,4.903595738074654,14.633886955166789,0.0,-74.68704,-77.81684,-69.96295,-64.02605,-77.286224,-75.12721,-72.513054,-80.28092,-75.33615,-70.856544,-77.65592,-82.212944
7814.565321598284,4.260495643994364,15.201899804702222,0.0,-76.454865,-77.770195,-69.787834,-62.81743,-77.23712,-74.53774,-71.053604,-81.82064,-74.788635,-73.88621,-78.68289,-82.00176
7817.885017996584,3.696945058379789,15.699651207538018,0.0,-75.62258,-77.78141,-71.33501,-61.29375,-77.47689,-74.45676,-70.55152,-80.85647,-73.707924,-77.89438,-80.592964,-82.72425
7821.204714394884,2.876742766837085,16.424088111066908,0.0,-73.8038,-76.9867,-73.47864,-64.8735,-78.05405,-75.67041,-70.33138,-79.7524,-76.410355,-80.07623,-83.59925,-84.561066
7824.524410793184,1.7222174956075516,16.500683544302365,0.0,-72.620926,-76.81491,-72.09316,-72.32346,-79.173546,-78.16712,-72.57445,-79.2292,-74.685104,-81.436935,-84.960884,-85.705376
7827.844107191484,2.591447824760669,15.642979621114916,0.0,-72.061424,-78.89153,-73.531075,-63.648148,-77.059006,-75.59416,-72.2333,-79.6966,-73.60771,-82.09007,-89.453896,-84.76179
7831.163803589784,3.4301802759692035,14.81536915956202,0.0,-76.37245,-78.29582,-69.779686,-62.957455,-76.52546,-74.69713,-72.575905,-80.9592,-73.7649,-78.217926,-86.02951,-83.59749
7834.483499988084,4.249491726272547,14.00692216724154,0.0,-77.23065,-77.5996,-69.754555,-64.4773,-77.0655,-75.64311,-75.45553,-79.24318,-72.50712,-72.96036,-80.46526,-83.72351
7837.803196386384,5.0020068641516575,13.264385736597548,0.0,-77.90423,-70.91096,-70.45772,-64.708664,-78.06352,-77.11169,-77.68976,-73.12106,-70.19334,-75.11078,-77.6867,-83.89504
7841.122892784684,5.715011127042527,12.56083624802103,0.0,-76.40879,-71.28205,-70.10619,-65.95212,-76.13854,-77.57466,-78.07964,-73.49584,-67.88689,-67.44305,-77.7742,-83.9198
7844.442589182984,6.32364575635949,11.960272402231729,0.0,-75.31687,-73.2455,-68.91834,-69.3294,-73.64159,-77.298615,-75.13432,-77.95346,-66.54653,-61.848587,-79.04088,-82.856384
7847.762285581284,7.087977731436165,11.20607583124968,0.0,-73.34017,-72.892876,-68.37629,-68.17882,-71.447105,-75.79454,-72.012146,-80.08527,-66.9389,-57.135902,-81.664215,-78.55236
7851.081981979584,7.759706400129189,10.543254602937475,0.0,-72.46549,-71.965454,-69.86283,-66.07947,-71.63191,-73.69322,-71.58402,-77.75667,-68.401535,-57.09067,-81.352196,-74.83356
7854.401678377884,8.537487168980922,9.775787575557246,0.0,-70.076256,-72.16206,-74.40806,-66.247505,-73.107834,-71.51837,-72.45523,-72.993576,-69.283905,-70.80741,-79.57379,-77.24606
7857.721374776184,9.25517795836423,9.067613706049835,0.0,-70.76507,-72.63572,-74.39084,-67.857864,-73.55086,-69.935684,-70.805176,-70.423134,-68.12421,-74.07314,-77.088745,-77.37913
7861.041071174484,9.812041753719791,8.51813418843698,0.0,-70.63808,-73.361725,-76.21443,-70.461426,-73.97504,-69.699684,-68.696465,-69.63243,-66.42536,-76.61802,-74.7134,-76.87917
7864.360767572784,10.391524165501732,7.946335987967213,0.0,-70.796196,-73.88526,-78.48089,-72.86485,-74.943665,-70.01589,-67.99546,-69.70167,-67.37334,-75.44184,-75.277725,-73.39446
7867.6804639710845,11.06903071192582,7.277813499319951,0.0,-72.134766,-74.67466,-77.88012,-76.70245,-75.32076,-71.914635,-68.469086,-71.34801,-74.24127,-72.62039,-76.175,-70.25183
7871.000160369384,11.784468938135392,6.571862322931436,0.0,-76.66932,-75.65889,-74.88303,-79.81879,-77.08724,-71.78189,-68.36252,-73.44371,-78.22061,-76.01144,-76.80442,-69.12605
7874.319856767684,12.5594857713681,5.807122580074497,0.0,-78.43225,-75.85345,-75.071075,-81.04593,-77.442825,-72.79312,-68.030106,-76.24186,-74.79971,-77.920334,-76.32984,-64.64939
7877.639553165985,13.27844756240124,5.097694563001276,0.0,-75.94606,-74.104774,-74.65049,-79.378006,-77.4014,-72.289566,-67.73564,-73.479195,-71.863785,-78.07511,-78.386086,-58.707558
7880.959249564285,13.82986813769748,4.553586085771009,0.0,-74.953674,-74.11453,-75.47507,-78.3278,-77.90056,-73.49493,-68.00637,-71.71691,-72.70999,-78.74945,-78.65913,-60.87424
7884.278945962585,14.50139035018776,3.890968575954493,0.0,-74.39569,-74.62942,-77.40966,-77.89818,-78.75379,-74.622955,-68.36686,-69.43987,-75.32195,-79.56186,-79.698586,-68.70238
7887.598642360885,15.32651806880882,3.076782441789669,0.0,-72.405365,-75.86054,-78.24112,-77.431435,-79.83347,-75.989655,-67.7544,-68.0478,-77.24915,-82.7605,-79.214714,-72.38088
7890.918338759185,16.133177117272936,2.2808200744659057,0.0,-73.892525,-74.40437,-79.061966,-79.33311,-79.54879,-76.451996,-62.436737,-68.74796,-81.5302,-85.91751,-80.10171,-72.260506
7894.238035157485,16.84813459082607,1.5753432757258428,0.0,-80.043365,-73.76142,-79.14805,-79.529495,-77.3836,-77.23869,-64.420654,-69.39374,-83.846504,-80.4289,-78.02868,-73.67886
7897.557731555785,16.71858545304256,2.4538972424395733,0.0,-75.60395,-74.350235,-80.691696,-79.85773,-77.80628,-76.674225,-62.60161,-68.512825,-83.12603,-85.582115,-76.47665,-72.002266
7900.877427954085,16.58369714922656,3.368659443164309,0.0,-77.26938,-76.46726,-80.57584,-78.15383,-77.256065,-76.46624,-64.1336,-67.665215,-79.69593,-83.324295,-76.24225,-72.423485
7904.197124352385,16.428431382956628,4.421613999135573,0.0,-78.7843,-78.82965,-80.33132,-78.70683,-77.38039,-75.04422,-66.270134,-66.877365,-77.82334,-80.703606,-77.03092,-73.3019
7907.516820750685,16.27098318726484,5.489368978007768,0.0,-78.81375,-81.946495,-79.86051,-78.94552,-76.159294,-72.19756,-63.29003,-68.7849,-78.910416,-78.897064,-77.68689,-70.99173
7910.836517148985,16.15741083603925,6.259574333175686,0.0,-79.698845,-82.470055,-78.064735,-80.06668,-74.93597,-68.25734,-59.46562,-72.975365,-78.792946,-78.426544,-76.32422,-68.976814
7914.156213547285,15.99427245060872,7.365918058000629,0.0,-79.235054,-79.73116,-76.71767,-82.70048,-73.70927,-67.78698,-54.1047,-78.66509,-75.47009,-81.42932,-72.8376,-69.262024
7917.475909945585,15.87093699346542,8.2023331585841,0.0,-77.94544,-78.77531,-78.99518,-83.386986,-74.61862,-69.68584,-55.6529,-78.901886,-75.37427,-78.05716,-72.9734,-69.58958
7920.795606343885,15.71823578115065,9.237895865495569,0.0,-79.539345,-78.057304,-83.932076,-83.26216,-75.68722,-70.427185,-58.08883,-77.887054,-74.242386,-75.394684,-72.9274,-69.80353
7924.115302742185,15.562754713498956,10.292310515190511,0.0,-81.60797,-79.7785,-78.32853,-77.67048,-74.01905,-66.45769,-62.74732,-74.288925,-75.416214,-77.74977,-72.00901,-70.25168
7927.434999140485,15.4161280218644,11.286678086952536,0.0,-81.957504,-80.00777,-78.01589,-74.9272,-73.35367,-65.12855,-64.552414,-73.26152,-76.24954,-77.66844,-69.699554,-70.373024
7930.754695538785,15.284607921509922,12.178598387202673,0.0,-78.4964,-80.01187,-79.80522,-78.61158,-71.62656,-64.22897,-64.25928,-75.32808,-74.612366,-76.44182,-66.331985,-70.16809
7934.074391937085,15.169791543150312,12.957240270718014,0.0,-76.27195,-80.88317,-78.56113,-81.24086,-69.0404,-63.833115,-65.12603,-77.947014,-72.75571,-77.06273,-64.3024,-70.98448
7937.394088335385,15.04627321162263,13.794895557215185,0.0,-78.25892,-81.12007,-77.66523,-78.9032,-66.64233,-62.19057,-66.457466,-80.21533,-72.77975,-74.7502,-65.67946,-72.27892
7940.713784733685,14.887313846718907,14.872898722437624,0.0,-78.53639,-79.94619,-76.78274,-76.4418,-64.732,-63.921337,-69.93516,-82.067314,-81.39584,-71.71348,-69.47209,-75.06219
7944.033481131985,14.759492302990548,15.739736790180578,0.0,-80.82813,-78.205246,-75.0801,-78.809135,-64.05387,-67.209435,-74.70566,-83.24118,-81.58379,-70.88612,-72.92497,-79.713715
7947.353177530285,15.33414541497333,14.761418396679284,0.0,-78.33267,-80.040634,-79.14623,-76.61344,-65.96256,-63.057068,-68.73385,-81.04949,-81.39483,-72.37675,-69.534904,-73.13689
7950.672873928585,15.75050653579664,14.052584259446837,0.0,-78.046036,-80.18755,-79.56993,-79.43267,-68.76365,-63.48288,-66.59289,-79.936516,-76.00408,-76.47511,-66.876656,-71.090515
7953.992570326885,16.168897491840834,13.340294428525514,0.0,-76.27631,-80.72942,-82.763916,-79.9041,-70.11502,-65.43035,-66.83214,-77.09964,-75.68785,-77.342354,-65.87687,-71.32742
7957.3122667251855,16.62504787635046,12.56372104527404,0.0,-79.26139,-80.27551,-85.71315,-77.95837,-69.67279,-66.166595,-69.13131,-75.51767,-77.959625,-76.62557,-69.30614,-71.99196
7960.631963123486,17.148208787536962,11.673065567208887,0.0,-80.62644,-80.33062,-83.386604,-79.01235,-71.553535,-68.06001,-69.17705,-74.33163,-79.02737,-78.00001,-72.71092,-72.380905
7963.951659521786,17.76778392202375,10.618269660626169,0.0,-82.00941,-79.871025,-83.21815,-82.48772,-73.12135,-70.67041,-67.12533,-74.426155,-71.80951,-78.67219,-78.448,-72.719
7967.271355920086,18.250090176001464,9.797167208158733,0.0,-79.87785,-76.09847,-80.826996,-80.34735,-71.87013,-72.52056,-66.296814,-73.45562,-73.394936,-80.68394,-77.998856,-71.6582
7970.591052318386,18.885985542867157,8.714586916197142,0.0,-78.046234,-74.66291,-74.3995,-79.27966,-72.95207,-71.77614,-66.884415,-75.55741,-74.52303,-83.93334,-74.3826,-73.17453
7973.910748716686,19.51965661409144,7.635793377136022,0.0,-80.63304,-77.250114,-76.95803,-78.06988,-79.28049,-73.99771,-67.2172,-76.19327,-80.74166,-76.46374,-78.36009,-76.06591
7977.230445114986,18.88777016073328,8.278875262555868,0.0,-79.05716,-75.26357,-75.41163,-79.07099,-74.88663,-71.56733,-66.50533,-76.022125,-76.39126,-81.408134,-74.88728,-74.17756
7980.550141513286,18.067160210435848,9.11402434864086,0.0,-77.4212,-75.687675,-76.43896,-80.38445,-71.115105,-71.688354,-64.758804,-72.998245,-74.377464,-81.67395,-76.501396,-71.02274
7983.869837911586,17.370266681933934,9.823265070394196,0.0,-81.109375,-78.227295,-83.99971,-81.944885,-73.042786,-71.02237,-64.88504,-72.83099,-72.40354,-78.14656,-76.91216,-71.21749
7987.189534309886,16.657169069177208,10.548996971850318,0.0,-82.29632,-80.912544,-83.04127,-81.162,-74.06147,-67.47602,-65.492096,-72.94543,-74.1749,-78.203804,-73.8244,-71.24268
7990.509230708186,15.9688334058405,11.249528204681456,0.0,-82.35086,-80.97127,-79.027466,-75.21362,-72.74231,-65.08153,-65.79608,-72.56029,-77.00819,-78.08506,-70.61432,-70.70683
7993.828927106486,15.179353095805864,12.052996111899184,0.0,-78.79221,-79.77132,-79.41842,-78.488594,-72.07129,-64.62495,-64.09485,-75.37531,-74.453995,-76.43782,-66.63441,-70.09457
7997.148623504786,14.528094046188045,12.715793827057,0.0,-76.89739,-79.7852,-77.54858,-80.71784,-68.68624,-67.77454,-64.59161,-78.94007,-71.66665,-76.556694,-63.90583,-71.856186
8000.468319903086,13.730421463501328,13.527599153307808,0.0,-81.37715,-76.843925,-74.47858,-74.88543,-63.51761,-66.64941,-66.14822,-82.145515,-71.65025,-73.570175,-62.493355,-76.13824
8003.788016301386,13.033235675475051,14.237137312686146,0.0,-79.17794,-76.70537,-73.36129,-73.1482,-64.855286,-67.23993,-68.64605,-82.17789,-74.49812,-71.27819,-61.69917,-75.99905
8007.107712699686,12.206246754696338,15.07877838849863,0.0,-79.5483,-80.65358,-75.406715,-75.28976,-64.86783,-69.13449,-72.80447,-81.324005,-79.77033,-70.27893,-66.183495,-78.19503
8010.427409097986,11.544825755662792,15.751918097150805,0.0,-80.87821,-80.54683,-76.43909,-71.7305,-63.263622,-73.69108,-73.75552,-83.10801,-80.628265,-70.7884,-72.68077,-80.26434
8013.747105496286,10.94857224068691,16.358735718514748,0.0,-81.72704,-80.16966,-74.53733,-71.03159,-65.67805,-73.737625,-75.122665,-83.39599,-79.62243,-68.950584,-75.24283,-80.153915
8017.066801894586,11.701130244387311,15.63250361939842,0.0,-80.725296,-80.60366,-76.62512,-72.3799,-63.36164,-73.429474,-73.28961,-82.435555,-80.5626,-70.739815,-71.6705,-79.933495
8020.386498292886,12.458386818599752,14.90173731466734,0.0,-78.988945,-79.97121,-74.41903,-76.158226,-65.56609,-67.99266,-72.3322,-81.16327,-79.099594,-70.40456,-63.26274,-77.29562
8023.706194691186,13.167020672665672,14.217892815223196,0.0,-79.568535,-76.6289,-73.481674,-73.27576,-64.48571,-66.95267,-68.46625,-82.423775,-74.4174,-71.54189,-62.221455,-76.14853
8027.025891089486,13.773072360308708,13.633041963693064,0.0,-81.20385,-76.87839,-74.46023,-74.97705,-63.5748,-66.356834,-66.41452,-82.295296,-71.99484,-73.38681,-62.71219,-76.02641
8030.345587487786,14.332406432933,13.093274456508416,0.0,-78.608406,-79.00821,-76.853584,-79.45002,-65.93922,-66.21643,-65.26295,-79.98108,-71.39336,-75.42109,-63.708145,-73.83969
8033.665283886086,14.946146961545612,12.501003734231244,0.0,-77.06157,-79.89207,-78.52607,-81.00389,-70.36239,-65.53177,-64.18251,-77.230515,-72.98644,-76.722176,-64.632225,-70.53912
8036.984980284386,15.478207085547355,11.987556081279688,0.0,-79.51364,-80.49369,-80.035736,-77.15918,-72.0831,-64.23652,-64.49624,-74.31947,-76.00686,-76.554985,-67.57008,-70.489334
8040.3046766826865,16.366683334513926,11.130160414594483,0.0,-82.15688,-81.09832,-80.779526,-77.18678,-73.01177,-65.9838,-66.1265,-72.62868,-77.4189,-78.32304,-71.64597,-70.88538
8043.624373080986,16.943344303138517,10.573672139054976,0.0,-82.1507,-80.65762,-83.13751,-82.069954,-73.95944,-68.51455,-65.95271,-73.25194,-73.22038,-78.25607,-74.827095,-71.64439
8046.944069479287,17.526543411423997,10.010874440365498,0.0,-81.60765,-78.45433,-83.69401,-81.91194,-72.98509,-71.00728,-65.69566,-73.117424,-72.237,-78.34087,-77.629715,-71.53795
8050.263765877587,18.24370470238706,9.318800809920896,0.0,-78.02443,-75.4251,-77.59834,-80.20317,-71.3284,-72.03594,-65.38868,-73.04272,-74.113815,-81.664215,-77.18653,-71.24572
8053.583462275887,18.82247208208022,8.760279809562295,0.0,-77.88425,-74.678856,-74.245056,-79.37382,-72.35738,-71.77816,-66.58031,-75.19777,-74.40384,-83.74945,-74.57832,-72.78814
8056.903158674187,19.39143964805936,8.211215806869639,0.0,-79.55917,-75.44951,-75.863846,-78.50625,-77.03902,-71.97185,-68.922874,-78.64418,-77.58891,-80.47949,-75.337425,-75.8718
8060.222855072487,18.284599515628077,7.8757574153935135,0.0,-79.398636,-77.483894,-75.90901,-79.13432,-74.08513,-71.24357,-59.594803,-74.48374,-77.75163,-79.33799,-75.02162,-72.28485
8063.542551470787,17.554879217437705,7.654595577937628,0.0,-79.814644,-79.20076,-75.960045,-80.06346,-73.02895,-70.6966,-51.32521,-74.31233,-78.11047,-79.52073,-74.46966,-70.94815
8066.862247869087,16.692987882470877,7.393375666964503,0.0,-79.43393,-80.73056,-76.53568,-81.28528,-73.21433,-68.94353,-48.82194,-77.2004,-76.75614,-80.41974,-73.84747,-69.898636
8070.181944267387,15.78569607414762,7.118395891925961,0.0,-79.67352,-79.84613,-76.64667,-82.36442,-73.87666,-67.41067,-57.41731,-78.25313,-75.643234,-81.40582,-72.90739,-68.87609
8073.501640665687,14.68470629922692,6.784710612449082,0.0,-81.26408,-79.6994,-76.13471,-82.52882,-74.62397,-69.448235,-64.83696,-78.25874,-76.16042,-82.03987,-72.50977,-66.252754
8076.821337063987,13.768510173193414,6.507032138647504,0.0,-82.62448,-79.86221,-75.42977,-82.52281,-75.423965,-72.008316,-69.70364,-78.52557,-76.57723,-81.86019,-72.92901,-65.375275
8080.141033462287,12.970945083042736,6.265308068115514,0.0,-81.97719,-79.06555,-75.591125,-81.90078,-76.14147,-73.46493,-70.71581,-77.983574,-76.628395,-80.03276,-73.56456,-65.980125
8083.460729860587,12.084769350428529,5.996728101490213,0.0,-77.47777,-75.169304,-74.64355,-80.424355,-77.79883,-72.09447,-67.564156,-75.09358,-76.97345,-76.707726,-77.93696,-66.79016
8086.780426258887,11.269976615473158,5.749782718642407,0.0,-73.52532,-73.49467,-75.94308,-79.7505,-78.847115,-72.46202,-66.796394,-73.079506,-77.17116,-74.93868,-82.826454,-68.794266
8090.100122657187,10.34032501488945,5.468026192629941,0.0,-72.033516,-73.67837,-77.26794,-77.82257,-79.43218,-72.9398,-66.09147,-71.97908,-77.129524,-73.26615,-83.979546,-69.37131
8093.419819055487,9.528565696316589,5.222000170176232,0.0,-71.62673,-74.09151,-79.58049,-76.69019,-78.8062,-73.469666,-65.830414,-72.0471,-74.32791,-73.0981,-81.80696,-70.66208
8096.739515453787,8.755156313631847,4.987597152191994,0.0,-70.25541,-74.84541,-82.596115,-76.959625,-77.90929,-75.87426,-65.81162,-71.21294,-68.42663,-74.59372,-80.41087,-72.6986
8100.059211852087,7.984540804133313,4.754040894437687,0.0,-69.20576,-75.94047,-83.322784,-79.24899,-78.26684,-77.80078,-65.71734,-72.280846,-65.25796,-77.80138,-79.76395,-74.51582
8103.378908250387,6.87549141612778,4.417912927202985,0.0,-68.155304,-76.28874,-81.19635,-80.32065,-77.4942,-78.24309,-67.08337,-73.96193,-64.3669,-79.97009,-80.78535,-76.85351
8106.698604648687,5.813628465328034,4.096086109574931,0.0,-66.743935,-75.99511,-75.88375,-80.032135,-79.15435,-78.65352,-70.58114,-76.0354,-65.576256,-81.197685,-82.38571,-78.548515
8110.018301046987,5.031068388458349,3.8589097216502415,0.0,-65.81078,-75.5514,-75.66052,-80.154785,-79.89439,-79.997406,-69.56329,-76.5689,-66.35788,-79.88359,-82.49698,-76.93517
8113.337997445287,4.146288732310742,3.590752874454876,0.0,-65.35101,-71.68956,-76.36634,-80.71587,-80.466034,-81.51465,-68.28289,-74.91656,-68.36626,-76.36354,-84.10365,-75.62951
8116.657693843587,3.3087086173109546,3.3369011483767554,0.0,-65.61993,-69.26185,-75.60298,-79.79173,-80.96271,-81.15398,-68.65037,-74.80304,-69.54317,-74.632355,-87.05875,-75.299255
8119.977390241887,2.321854137704657,3.037807714149217,0.0,-66.82866,-69.75052,-74.80032,-78.634125,-80.318375,-79.81422,-72.04825,-74.70832,-70.57233,-74.21744,-93.392586,-78.64776
8123.297086640187,1.2770481287437605,2.7211504726009474,0.0,-68.67076,-70.55118,-76.75158,-78.17195,-79.23874,-78.44375,-73.426956,-75.47681,-71.85531,-73.07828,-94.13959,-81.0878
8126.616783038487,1.5142595482715775,3.785606967400408,0.0,-67.58733,-68.5668,-76.39381,-79.33104,-81.25229,-79.05118,-73.3874,-75.36026,-70.1816,-73.16785,-90.195175,-78.11227
8129.9364794367875,1.7283645593073964,4.746376352027194,0.0,-66.49382,-61.555958,-73.51795,-78.97729,-82.22492,-79.122574,-75.6948,-76.02124,-68.06906,-73.43618,-86.78387,-76.384125
8133.256175835088,1.9823061299904936,5.885907301891521,0.0,-65.7876,-58.338173,-71.961586,-75.0435,-79.31355,-75.59198,-80.802216,-76.53163,-67.86531,-68.96276,-84.13931,-78.04593
8136.575872233388,2.196013959047456,6.844894382201539,0.0,-65.97377,-58.668186,-72.33703,-74.6122,-76.715454,-74.81064,-80.14728,-76.64334,-67.665924,-64.699104,-81.97227,-79.87254
8139.895568631688,2.3993522033833967,7.757349251597612,0.0,-64.822136,-60.438274,-72.50397,-75.879364,-76.60734,-77.41321,-74.22447,-76.63361,-68.16161,-63.664043,-81.271255,-81.4865
8143.215265029988,2.5978700126983303,8.648173023401151,0.0,-64.604546,-64.09303,-75.929,-76.65294,-79.02852,-79.614975,-67.81328,-74.98765,-68.864075,-64.55231,-81.04697,-82.83595
8146.534961428288,2.8059743751554658,9.582015250114113,0.0,-66.84694,-64.94592,-73.09968,-75.27749,-76.30754,-80.18416,-68.552925,-75.87016,-68.01161,-69.04921,-81.85264,-81.523476
8149.854657826588,3.046140852945239,10.65973219824972,0.0,-71.982376,-66.22986,-67.32094,-71.8889,-73.906395,-80.959885,-70.98937,-79.3397,-67.330185,-77.44184,-83.874054,-78.84679
8153.174354224888,3.2936902974294933,11.77057928347768,0.0,-79.28268,-69.71163,-65.43911,-69.075134,-75.83077,-79.24918,-76.00804,-81.54453,-68.41225,-79.90817,-79.27708,-80.37332
8156.494050623188,3.545609392699659,12.901034628579165,0.0,-80.35333,-73.124275,-65.6331,-66.303024,-76.89534,-76.86283,-79.56175,-79.89399,-71.31433,-76.507195,-80.1118,-84.57901
8159.813747021488,3.7826338849842194,13.964652310818355,0.0,-78.40414,-78.02871,-68.44675,-64.39697,-76.67249,-75.61946,-75.52281,-80.95415,-72.81324,-75.16331,-83.9106,-84.023796
8163.133443419788,3.9704391043504494,14.807404678767394,0.0,-77.59783,-78.139984,-69.57083,-63.346657,-76.92012,-74.739525,-72.326294,-81.60304,-73.82119,-75.03825,-81.16334,-82.89004
8166.453139818088,4.231365144877412,15.978277561085196,0.0,-76.92621,-77.22654,-70.77948,-61.067295,-77.75858,-74.861176,-70.82632,-81.102936,-74.0901,-75.88755,-78.271515,-81.60632
8169.772836216388,5.374540940760355,16.060882851534743,0.0,-76.62558,-77.61942,-68.636154,-61.798836,-77.32157,-75.37302,-73.20548,-80.85954,-75.280624,-71.943726,-76.51447,-79.5155
8173.092532614688,6.371728798090272,16.13293912921676,0.0,-79.36214,-78.657104,-68.11352,-61.754738,-77.16887,-75.71464,-73.61378,-78.94213,-76.017654,-72.54267,-74.773796,-78.03801
8176.412229012988,7.232296318563658,16.19512329217417,0.0,-81.82004,-78.39758,-68.32932,-61.644287,-76.54666,-74.79964,-73.33994,-76.79268,-75.48401,-73.19551,-75.07928,-77.08023
8179.731925411288,8.307609077933776,16.272824834781858,0.0,-80.86202,-79.652695,-69.36635,-63.3432,-73.98526,-73.4423,-73.3368,-77.034065,-75.78074,-68.50206,-74.903496,-77.844635
8183.051621809588,9.2428853473058,16.34040741320968,0.0,-81.239365,-80.66151,-71.63393,-65.0633,-71.92116,-73.394714,-73.650536,-79.76344,-76.84445,-67.80489,-75.015175,-78.82694
8186.371318207888,10.186074976790517,16.40856180693738,0.0,-81.27973,-80.77821,-73.376465,-68.567566,-68.97892,-73.50613,-74.57926,-82.00962,-78.285164,-68.47291,-75.26317,-79.52727
8189.691014606188,11.194981632320411,16.481464878902933,0.0,-82.10391,-79.86566,-75.07074,-72.08079,-65.12116,-73.90191,-74.98007,-83.309555,-80.27468,-69.38696,-75.234505,-80.08773
8193.010711004488,12.256413313134075,16.558163381969337,0.0,-83.54059,-78.5706,-78.52463,-74.19921,-62.5007,-74.50125,-72.567726,-82.29368,-81.74114,-70.155846,-73.12686,-79.97998
8196.330407402787,13.162453513464976,16.623633377202655,0.0,-83.965294,-77.8115,-77.21873,-76.76726,-61.8275,-74.27186,-72.32159,-82.12681,-82.10369,-69.55632,-72.24545,-80.04088
8199.650103801087,12.49884594346022,15.910313265292215,0.0,-82.287964,-79.6031,-76.1009,-76.469376,-62.870953,-72.377,-72.535904,-81.42753,-82.099266,-69.79711,-69.20839,-79.32066
8202.969800199386,11.707914037895428,15.060130625894402,0.0,-79.64866,-80.74133,-76.14645,-72.564095,-64.59573,-71.29797,-72.94122,-81.38951,-78.052635,-70.27283,-69.01222,-79.144844
8206.289496597685,10.945079637259225,14.240150347449042,0.0,-76.77619,-78.09153,-76.26577,-69.88844,-65.54486,-72.44965,-70.539406,-78.63233,-73.937386,-69.293045,-70.27605,-80.95316
8209.609192995984,10.103208359963745,13.335212337579303,0.0,-74.696236,-76.585,-75.62134,-68.18403,-66.1397,-72.536,-68.02843,-72.76205,-73.246765,-66.78949,-71.41761,-82.693016
8212.928889394283,9.330877470867753,12.505024164412609,0.0,-74.71035,-73.900345,-74.16348,-67.495415,-67.06957,-71.7041,-67.4435,-73.734924,-71.93622,-62.540367,-73.34193,-76.50017
8216.248585792582,8.705282819566486,11.83256461625888,0.0,-74.43486,-72.52824,-72.58391,-66.4678,-68.88347,-71.73127,-69.29485,-79.87707,-71.01286,-58.859726,-75.02828,-74.69693
8219.568282190881,8.057300069433547,11.136039819476425,0.0,-73.617676,-72.114334,-70.0902,-66.25333,-70.959946,-73.339096,-70.39468,-79.22256,-69.55388,-56.01503,-79.15638,-74.49998
8222.88797858918,7.261519403121649,10.2806451862511,0.0,-71.668274,-72.10808,-69.48968,-66.85212,-71.78534,-74.75998,-72.134056,-76.9697,-66.73366,-57.16212,-85.86725,-76.25313
8226.20767498748,6.697196278413674,9.674047171602991,0.0,-68.285675,-72.36418,-70.88537,-67.83555,-71.96022,-75.56542,-73.15192,-75.56033,-63.88137,-58.93097,-90.44245,-79.17554
8229.527371385779,6.1793619691465445,9.117420568571855,0.0,-66.427864,-71.7521,-72.21147,-68.89637,-70.793396,-76.05085,-73.525154,-74.09572,-62.127094,-61.044594,-87.56802,-79.98577
8232.847067784078,5.375783610681233,8.253644098111803,0.0,-66.67025,-68.78278,-74.531555,-70.31332,-69.019684,-76.74185,-73.84791,-74.90335,-61.31593,-62.075886,-83.017876,-80.08408
8236.166764182377,4.767506633236596,7.599799535096583,0.0,-67.19922,-67.327385,-76.88349,-75.5244,-75.08666,-76.88834,-74.35031,-76.12105,-61.210186,-62.091434,-85.769554,-78.27715
8239.486460580676,3.9502510157748585,6.721321207154872,0.0,-65.48325,-64.81766,-74.45951,-77.131004,-77.854034,-75.805374,-76.194786,-77.18355,-63.963284,-63.241997,-84.92081,-75.4418
8242.806156978975,3.1059144998250106,5.813733281292154,0.0,-66.34607,-62.151894,-72.61491,-76.38117,-78.89666,-75.34464,-76.88402,-77.47802,-66.58539,-66.596924,-83.44954,-75.96722
8246.125853377274,2.5457912314949143,5.211649745014831,0.0,-65.71564,-62.373013,-72.66912,-76.8068,-81.42218,-77.709236,-75.77612,-76.4345,-67.56818,-72.37467,-84.36494,-74.95503
8249.445549775573,1.9056468039124264,4.523550459591202,0.0,-66.31809,-62.495106,-73.718315,-79.363655,-82.19178,-79.44473,-74.02397,-75.77617,-67.99345,-73.742226,-86.87031,-75.537
8252.765246173873,1.3719286442907552,3.94985010631278,0.0,-67.82461,-67.89351,-76.35042,-79.31245,-81.416916,-78.82985,-73.85182,-75.46621,-69.96121,-72.85331,-89.96153,-78.1787
8256.084942572172,2.374986801415062,3.557056326955845,0.0,-66.27029,-68.44691,-75.35257,-79.43248,-81.25178,-80.11303,-71.40555,-75.007095,-68.96944,-74.56781,-89.492035,-76.461464
8259.40463897047,3.493277059035345,3.1191380930141257,0.0,-65.604614,-70.0012,-75.50704,-79.88257,-80.69136,-81.405266,-68.02053,-74.72771,-70.33208,-74.542404,-87.17886,-75.51073
8262.72433536877,4.621182791285175,2.6774544755866887,0.0,-62.45999,-71.75039,-77.03008,-80.68997,-80.16977,-83.95897,-65.7282,-72.49546,-73.063774,-74.61077,-85.9603,-75.32533
8266.04403176707,5.532826673576233,2.32045818039744,0.0,-59.856533,-71.895035,-77.837204,-80.26965,-79.51875,-84.10018,-65.713646,-70.62108,-74.73529,-75.04086,-86.761215,-75.16868
8269.363728165368,6.427612809253554,1.970063315002485,0.0,-57.399845,-71.51453,-78.37402,-78.94838,-78.61297,-78.7145,-68.24099,-67.04683,-74.87614,-76.885025,-88.549,-74.45397
8272.683424563667,7.587428513944439,1.5158838730954076,0.0,-59.56798,-71.379486,-80.27755,-74.537834,-75.49499,-76.947464,-72.11097,-66.0375,-73.903114,-76.75813,-88.724525,-72.30854
8276.003120961966,8.455231890031467,1.1760553542693668,0.0,-63.99648,-72.37381,-81.74539,-74.12092,-72.23213,-81.71281,-70.89115,-65.87217,-74.355835,-78.11905,-86.37917,-71.461784
8279.322817360266,7.682111930725033,1.6223486962239153,0.0,-59.358772,-71.09541,-80.6566,-74.535416,-75.9364,-75.9516,-72.67348,-65.911156,-73.258194,-77.038536,-88.94166,-72.423805
8282.642513758565,6.8023846716621446,2.1301824595740526,0.0,-57.616535,-70.89252,-78.68796,-77.775406,-77.91903,-76.506905,-70.5604,-66.18146,-73.43801,-77.43726,-89.020966,-74.02627
8285.962210156864,6.098602717468392,2.536449555079136,0.0,-59.40894,-71.302925,-78.12291,-80.01493,-79.30584,-80.05202,-68.478836,-69.698494,-72.24266,-76.89747,-87.62767,-74.97566
8289.281906555163,5.061254912357719,3.1352717858845343,0.0,-63.10632,-73.3742,-77.19157,-80.34892,-80.0259,-81.77287,-67.35039,-74.70497,-70.23464,-75.92318,-84.65778,-76.30926
8292.601602953462,4.035963084230855,3.7271345504468703,0.0,-65.33919,-71.05697,-75.95572,-80.46856,-80.50457,-81.33677,-68.79779,-74.96081,-67.93425,-76.418045,-83.96093,-75.54842
8295.921299351761,3.3250570447598813,4.137514114901264,0.0,-65.15739,-66.346504,-74.5597,-79.92663,-81.833565,-80.52925,-70.252464,-75.3265,-67.376595,-75.46541,-84.39325,-75.01631
8299.24099575006,2.556756093611969,4.581025623027719,0.0,-65.685165,-63.49262,-73.50341,-79.30666,-82.201225,-79.736275,-72.55642,-75.63499,-67.82707,-74.71937,-85.29165,-74.927574
8302.56069214836,1.7298409693748666,5.058372909003376,0.0,-66.40852,-60.3845,-72.7076,-77.732216,-82.16468,-78.747734,-77.5109,-76.27208,-68.15434,-73.529854,-86.306175,-76.913895
8305.880388546659,1.0255588463896954,5.464928733312801,0.0,-67.965576,-56.121204,-71.68533,-75.85373,-80.93009,-77.77141,-79.847145,-76.40738,-68.81713,-71.49473,-87.85776,-80.153336
8309.200084944958,1.8428251929685249,5.87528404955202,0.0,-65.918205,-57.90766,-71.84896,-74.79442,-79.403404,-75.877014,-80.92599,-76.40447,-68.05383,-70.27589,-84.57231,-77.98665
8312.519781343257,2.5350108164797165,6.222835434264248,0.0,-66.0424,-59.864586,-72.36513,-75.534996,-77.87282,-74.22746,-80.511536,-77.091805,-67.066925,-65.82024,-82.67182,-78.67997
8315.839477741556,3.3548183544115147,6.634466700976207,0.0,-65.41231,-61.80105,-71.92257,-76.40529,-76.670105,-75.19858,-78.534485,-77.46005,-65.98256,-64.04269,-83.00167,-77.950775
8319.159174139855,4.461772151853848,7.190276171797037,0.0,-67.06038,-66.844505,-77.07388,-77.42485,-79.114334,-76.537704,-74.561516,-76.631195,-61.950504,-62.330956,-86.53136,-76.39819
8322.478870538154,5.5023573119108,7.712761471988975,0.0,-68.33946,-68.91099,-76.847404,-71.97267,-70.30779,-76.912346,-73.8742,-75.23645,-60.999733,-62.22892,-87.17954,-76.8438
8325.798566936453,6.326571818618483,8.12660550944973,0.0,-68.55677,-70.23535,-74.59532,-69.298645,-70.12703,-76.13367,-73.390755,-73.86188,-61.733784,-65.16567,-87.260414,-77.03402
8329.118263334753,7.415676535557647,8.673452828451735,0.0,-67.67458,-72.77258,-74.994446,-67.46967,-72.74706,-73.77682,-73.45154,-73.85653,-67.44841,-69.68655,-90.397255,-79.47106
8332.437959733052,8.500284265339811,9.21804217782773,0.0,-69.7171,-72.56981,-74.757164,-67.30854,-73.471275,-71.31033,-72.75232,-72.94769,-69.090546,-72.07238,-82.11064,-78.53871
8335.75765613135,9.469759003710625,9.704822423356555,0.0,-70.883514,-72.216576,-74.095474,-66.57008,-73.39021,-69.112045,-70.4997,-70.142624,-68.90903,-73.83469,-75.17549,-75.949005
8339.07735252965,10.482149688616785,10.21315107459906,0.0,-74.41552,-72.086105,-73.57087,-68.49056,-73.329544,-68.74217,-68.32586,-69.11668,-68.48555,-73.880165,-72.01863,-75.20685
8342.397048927949,11.512215629853358,10.730354599291866,0.0,-75.80378,-72.820526,-73.710785,-71.352905,-73.69698,-69.670044,-65.35182,-72.19897,-69.2713,-73.70444,-70.584625,-74.459145
8345.716745326248,12.361202104145134,11.156636820013672,0.0,-75.54068,-75.34337,-74.9012,-76.86064,-73.7764,-72.72474,-61.46178,-78.278206,-70.10417,-73.90521,-69.61143,-73.12298
8349.036441724547,13.174941302160736,11.565221129566828,0.0,-74.753265,-77.342255,-76.405716,-80.74713,-72.97946,-73.32703,-61.987423,-80.131035,-71.16849,-74.953445,-68.28235,-72.48097
8352.356138122846,14.057978389952584,12.008600408462453,0.0,-75.39262,-78.88658,-77.25784,-81.658325,-71.670944,-70.25418,-63.440495,-78.888725,-71.64706,-76.62388,-65.43734,-72.00984
8355.675834521146,15.167407958593266,12.56565298182542,0.0,-77.13422,-80.26629,-79.03611,-80.49449,-70.37956,-64.17935,-64.46793,-76.7955,-73.389114,-76.77597,-64.74001,-70.31785
8358.995530919445,16.10498204180022,13.03641567873891,0.0,-77.01357,-80.94913,-83.08095,-79.08408,-69.87521,-64.58691,-66.43484,-76.3253,-75.561165,-77.058136,-66.22274,-71.23026
8362.315227317744,16.78127400494205,13.375986742158856,0.0,-77.199104,-79.810585,-84.18456,-79.560875,-70.63857,-67.862045,-69.5301,-77.138985,-78.23519,-77.33273,-67.45168,-72.31537
8365.634923716043,17.694496073165602,13.834522117035402,0.0,-77.95757,-77.93594,-83.32894,-81.32994,-72.10679,-71.890884,-77.0226,-78.92793,-79.86642,-77.60867,-69.36299,-74.5119
8368.954620114342,18.58910181667601,14.283710101251788,0.0,-78.13789,-77.607155,-82.18855,-82.96914,-74.318985,-73.91105,-79.11291,-80.10137,-79.423134,-77.81097,-71.09456,-76.82312
8372.274316512641,19.561094421463046,14.771754585634692,0.0,-78.335106,-77.99872,-80.98101,-84.36413,-73.27254,-74.25514,-80.06754,-81.35151,-78.78044,-77.79822,-71.803024,-81.653885
8375.59401291094,18.451093494561384,15.058152591701312,0.0,-79.42837,-76.64739,-78.398735,-82.278206,-78.25377,-78.22095,-78.40259,-80.19607,-77.1729,-79.46711,-71.56234,-76.37824
8378.91370930924,17.454471008629,15.31529714523688,0.0,-81.31176,-75.33848,-77.644165,-78.785934,-75.6275,-74.60109,-75.09533,-78.92187,-79.59446,-79.60847,-71.735725,-73.020195
8382.233405707539,16.582497288780694,15.540280321966405,0.0,-80.30164,-75.964836,-78.154305,-76.20067,-70.01193,-67.12674,-72.347595,-79.0786,-83.30566,-75.35576,-72.82082,-73.34239
8385.553102105838,15.6902852744402,15.770485302613633,0.0,-80.49538,-77.618416,-79.13289,-76.96348,-66.52772,-66.50712,-73.59461,-81.73169,-82.42742,-71.51801,-74.48605,-76.049515
8388.872798504137,14.804344439689904,15.999072218548667,0.0,-81.6266,-77.58862,-75.45908,-79.50972,-64.19042,-69.08763,-75.30436,-83.29281,-81.07559,-70.712036,-74.41434,-80.99963
8392.192494902436,13.792729793254416,16.260084989461948,0.0,-82.23373,-77.94135,-75.414154,-79.96217,-63.886173,-69.54667,-74.02321,-81.97931,-81.59684,-70.04652,-67.736694,-80.35117
8395.512191300735,13.055912074143208,16.45019575466377,0.0,-83.590126,-78.002266,-76.80917,-76.928795,-62.02431,-73.72959,-72.36713,-81.84161,-82.11495,-69.48375,-71.38051,-79.814606
8398.831887699034,14.159608546858198,15.936993316959622,0.0,-81.01699,-78.2286,-74.73096,-80.3654,-63.97982,-67.57644,-74.81731,-82.467926,-81.50972,-70.482544,-69.242294,-80.320465
8402.151584097333,14.932202772162222,15.577748497768685,0.0,-80.43647,-78.42108,-76.10594,-77.94154,-64.27498,-66.56448,-73.8445,-83.25918,-82.09337,-71.009125,-73.0701,-78.38836
8405.471280495633,15.622359212981848,15.25683602175562,0.0,-78.8121,-78.82868,-80.206764,-75.99152,-66.5316,-64.09347,-70.66448,-80.661606,-83.51243,-71.9414,-71.84395,-74.102715
8408.790976893932,16.72451595694241,14.744349535012368,0.0,-79.81196,-76.77861,-79.34586,-79.11563,-72.378296,-68.43883,-70.90261,-79.13179,-80.52705,-78.79894,-69.63551,-71.536354
8412.11067329223,17.843011567425016,14.224265718445444,0.0,-78.08661,-77.888824,-81.70331,-81.89273,-74.01307,-74.00472,-77.28261,-79.32292,-78.78106,-78.27526,-69.47886,-74.310936
8415.43036969053,18.955365886084422,13.707037511198864,0.0,-78.07573,-77.7533,-84.58185,-82.50174,-72.00323,-70.85503,-77.781555,-80.02443,-81.214874,-77.04973,-71.901306,-78.12378
8418.750066088829,18.513758509511455,13.030435425364423,0.0,-78.104385,-77.85516,-85.26982,-81.88087,-70.252335,-70.347755,-76.01308,-77.9875,-81.82419,-76.70642,-72.630905,-76.00114
8422.069762487128,17.943084939896547,12.156086517226932,0.0,-79.39422,-79.22168,-83.491,-81.05163,-70.65356,-69.500336,-72.39797,-75.66075,-80.64068,-77.58711,-73.81253,-74.30042
8425.389458885427,17.30878808623909,11.18425815341348,0.0,-81.53781,-80.62658,-82.88049,-81.31323,-73.28895,-68.865486,-67.88007,-74.55949,-76.09585,-78.85202,-74.3692,-72.459656
8428.709155283726,16.671764522515936,10.20825210187154,0.0,-82.31254,-80.39326,-83.304985,-82.463326,-74.4728,-68.2365,-65.117966,-73.34063,-72.499374,-77.40484,-74.77578,-71.07042
8432.028851682026,16.243259399035832,9.551724435627998,0.0,-81.24908,-78.92089,-84.338165,-83.2262,-75.0329,-68.70039,-61.407333,-75.77026,-73.44881,-75.93526,-73.660675,-70.36201
8435.348548080325,15.760142324650593,8.811523891950536,0.0,-78.14122,-78.47907,-85.07621,-83.655396,-75.44503,-71.104675,-56.805756,-78.6763,-74.81847,-75.918846,-72.93252,-69.504105
8438.668244478624,15.12627434059013,7.840352614225926,0.0,-78.996376,-78.615204,-78.31672,-83.467026,-75.07012,-70.50267,-59.376965,-79.70546,-76.06533,-78.84048,-72.53517,-68.196594
8441.987940876923,14.46051601294281,6.820321027245859,0.0,-81.6853,-79.7574,-76.01204,-82.68723,-74.81989,-70.10818,-65.64431,-78.520615,-76.434105,-81.96513,-72.58793,-65.84762
8445.307637275222,13.872430098058944,5.919294056754268,0.0,-81.18694,-79.99846,-74.81893,-81.01816,-75.43425,-71.380646,-70.922554,-77.2696,-74.27298,-80.67169,-73.35146,-62.21196
8448.627333673521,13.42584066469382,5.235058787698385,0.0,-77.129684,-75.13107,-74.65105,-79.62382,-76.96213,-72.235176,-68.183365,-73.74633,-72.13674,-78.691345,-75.8218,-59.003735
8451.94703007182,12.92452703204014,4.466978661539814,0.0,-72.667755,-72.467606,-74.516975,-78.502205,-78.354,-72.92972,-66.55389,-71.9076,-72.00278,-76.24957,-83.86955,-57.620926
8455.26672647012,12.40333981729957,3.668449526133833,0.0,-72.87318,-72.8855,-75.10089,-76.769226,-79.4393,-73.76736,-65.382065,-67.5102,-73.582306,-74.50317,-83.88574,-57.574364
8458.586422868419,11.96464941382104,2.996316636659597,0.0,-73.94186,-73.48962,-77.059044,-75.231705,-79.82358,-77.070404,-64.69654,-64.65957,-74.252495,-74.08889,-82.35359,-58.6414
8461.906119266718,11.450470935754469,2.2085258315086342,0.0,-74.7761,-73.58065,-79.98677,-74.584,-78.8735,-80.84353,-64.49334,-63.481243,-74.29798,-76.13763,-79.34843,-61.97231
8465.225815665017,11.045697430608238,1.58835820659758,0.0,-71.24365,-73.84966,-83.62527,-75.18167,-78.521774,-80.55632,-65.30642,-63.294888,-74.47814,-77.98062,-81.186775,-64.605354
8468.545512063316,9.827055470776054,1.4443343016548518,0.0,-70.38479,-72.75896,-84.29814,-75.56525,-74.93516,-81.123795,-67.614136,-64.27481,-74.258545,-78.275665,-82.974525,-66.62019
8471.865208461615,8.838330622165186,1.3274829061633864,0.0,-65.912796,-72.000984,-82.83244,-74.56125,-72.97469,-81.15638,-71.03853,-65.19855,-74.27638,-78.34977,-85.6301,-69.89352
8475.184904859914,7.598360724215073,1.1809383815199022,0.0,-61.071655,-72.28535,-80.0319,-74.13591,-73.444595,-80.118546,-70.80214,-66.417625,-74.439255,-76.44232,-87.12865,-72.0041
8478.504601258213,6.364296022119553,1.0350917561728996,0.0,-61.393494,-72.88226,-78.87419,-78.45394,-76.5574,-81.994514,-68.76754,-69.98709,-77.73468,-76.40119,-87.1392,-74.04263
8481.824297656512,5.788577541695744,2.0353800019586084,0.0,-58.657497,-71.99343,-77.93159,-80.73477,-79.111916,-83.83057,-65.69424,-69.49116,-75.48232,-75.3865,-87.44703,-74.9999
8485.143994054812,5.345338951165832,2.8054896428013296,0.0,-61.484413,-71.85073,-77.73778,-80.098274,-79.933716,-82.67876,-66.7623,-72.550186,-72.23836,-75.01394,-85.62692,-75.711
8488.46369045311,4.81575565024542,3.725619826368002,0.0,-65.63507,-74.80014,-76.07909,-80.50631,-80.04712,-80.60048,-68.901825,-76.28233,-67.14021,-78.735504,-82.90911,-76.491486
8491.78338685141,4.2291782585550814,4.744775003946388,0.0,-66.383354,-71.76225,-73.38272,-78.20566,-80.415375,-78.71701,-71.83374,-77.057724,-65.415665,-78.39319,-83.41122,-75.502625
8495.103083249709,3.734341932193924,5.6045336840611455,0.0,-66.49682,-65.96774,-72.65245,-77.24,-78.62891,-76.21158,-75.165504,-77.21024,-66.04117,-67.43889,-84.08317,-75.01957
8498.422779648008,3.3259796625429554,6.314047087302153,0.0,-65.99208,-61.698536,-72.46569,-76.53211,-77.08807,-74.91041,-77.92094,-77.46403,-66.31933,-65.072235,-83.32183,-76.86559
8501.742476046307,2.7116106342200865,7.381489141887168,0.0,-65.076645,-60.468517,-72.41653,-75.334984,-76.34292,-76.36495,-77.17543,-76.880356,-67.038284,-63.289455,-81.39305,-80.70563
8505.062172444606,2.113530719309411,8.420629501747197,0.0,-65.686356,-62.205936,-73.496605,-76.22281,-77.20108,-79.0111,-68.922844,-76.38218,-69.600815,-65.16446,-81.777306,-82.66879
8508.381868842906,1.694414245412293,9.148827912445814,0.0,-73.43761,-64.37427,-74.59004,-75.88403,-78.02228,-79.31708,-67.263336,-76.88782,-71.41081,-70.766426,-82.95215,-82.63071
8511.701565241205,1.1973534333029343,10.012451549171317,0.0,-80.511635,-65.63577,-74.31769,-72.847015,-78.9423,-79.1897,-67.841354,-79.36333,-72.95807,-73.265816,-84.30156,-82.58507
8515.021261639504,2.1960238711934883,10.754630292015491,0.0,-77.9023,-67.36399,-66.87281,-70.58303,-72.54516,-80.148605,-69.41234,-79.83249,-69.73648,-81.548836,-84.682846,-79.549965
8518.340958037803,3.0601848332453176,11.396846054189606,0.0,-77.84383,-68.43878,-65.92554,-69.87165,-75.045906,-80.27364,-73.12392,-81.86342,-68.38495,-81.12717,-84.20417,-78.817116
8521.660654436102,3.9849014754408687,12.08406478917232,0.0,-79.41751,-70.2646,-66.32857,-68.30607,-77.15904,-79.26316,-79.159996,-78.0311,-68.26047,-77.475655,-81.31098,-83.136284
8524.980350834401,4.611902999830092,12.550031524019811,0.0,-78.21145,-70.40396,-68.552,-65.87969,-78.063896,-78.23243,-79.36373,-74.153076,-68.270706,-75.99824,-81.883705,-83.903046
8528.3000472327,5.512186568445526,13.219092409179902,0.0,-77.932106,-71.35657,-70.44321,-64.57682,-78.115265,-76.96046,-77.69804,-72.297806,-70.59382,-74.15066,-77.30212,-83.81782
8531.619743631,6.407051697554063,13.88412648983189,0.0,-77.15553,-75.75372,-70.15475,-63.84821,-75.01246,-73.97014,-75.6577,-72.84248,-71.77217,-67.667,-74.314705,-81.625084
8534.939440029299,7.304991736347542,14.551445741364828,0.0,-78.63848,-79.742035,-69.84509,-62.36065,-71.84135,-72.75187,-72.61294,-73.48382,-71.81833,-66.25718,-73.21989,-77.35153
8538.259136427598,8.056644044942164,15.110048804280176,0.0,-79.56767,-80.25197,-70.07046,-61.39561,-71.0126,-72.35774,-73.11989,-74.20398,-72.43512,-66.20923,-73.79236,-76.28357
8541.578832825897,9.035830629673349,15.837747793749328,0.0,-80.435905,-81.07588,-70.864235,-63.841988,-70.83486,-72.40102,-73.72197,-78.60295,-74.60219,-66.80944,-74.641396,-78.66086
8544.898529224196,9.71735234346102,16.34423212488498,0.0,-81.23851,-80.97325,-72.49509,-66.717064,-70.083435,-73.45177,-74.00988,-81.27561,-77.45727,-68.00292,-75.21749,-79.146416
8548.218225622495,10.512025103962111,16.574226278223456,0.0,-81.47008,-80.55424,-74.15674,-70.10602,-68.4409,-73.60182,-74.93956,-82.42402,-78.98337,-69.05721,-75.30419,-79.4324
8551.537922020794,10.27881982512279,15.750796502832848,0.0,-80.408875,-81.13219,-72.49284,-68.17015,-66.05063,-73.57682,-75.33953,-83.40223,-74.59669,-67.45828,-75.096436,-80.97624
8554.857618419093,10.06030777455136,14.979247378311763,0.0,-79.08673,-81.72606,-71.5472,-67.37335,-64.87535,-73.17838,-75.4901,-83.433495,-73.15455,-66.64767,-75.03319,-81.737595
8558.177314817392,9.752839671521112,13.893601323136432,0.0,-76.22558,-78.57031,-71.491844,-67.38315,-65.528275,-72.68155,-72.59672,-80.42297,-72.62707,-64.00985,-74.190125,-82.53619
8561.497011215692,9.447440201330624,12.815259450281015,0.0,-74.72903,-75.12216,-73.9563,-67.554565,-66.21703,-71.797646,-68.15902,-73.86941,-72.126076,-62.906536,-73.16106,-79.68605
8564.81670761399,9.127094174109644,11.684142442318288,0.0,-74.55844,-72.39351,-73.94282,-66.47879,-69.79188,-71.259735,-68.61125,-74.31019,-71.7073,-63.109955,-73.95054,-73.160484
8568.13640401229,8.876716570649823,10.80007851886907,0.0,-73.5688,-71.97796,-73.424225,-65.74356,-71.6605,-71.07177,-71.12888,-72.98617,-70.54166,-66.909355,-76.958725,-74.34127
8571.456100410589,8.61786961198965,9.886109958247667,0.0,-70.2948,-72.08305,-74.357704,-66.072975,-72.94473,-71.37572,-72.32589,-72.7613,-69.481606,-70.7493,-78.72313,-76.8574
8574.775796808888,8.360730981683632,8.97817337271686,0.0,-68.9715,-72.718445,-75.05274,-67.89407,-73.50883,-71.497375,-73.061806,-73.05997,-68.852486,-72.07032,-84.92628,-79.2248
8578.095493207187,8.050810822820232,7.883869298332067,0.0,-70.33206,-70.70355,-78.17952,-69.5531,-72.620575,-74.087685,-70.00493,-72.2712,-63.538708,-70.84326,-87.01368,-76.423676
8581.415189605486,7.849022882719465,7.171371712425401,0.0,-72.01625,-68.97019,-81.371506,-71.16865,-70.77026,-76.50298,-68.60613,-72.085526,-61.090275,-69.35019,-82.954094,-72.95126
8584.734886003786,7.572009478100351,6.193258838304458,0.0,-72.4234,-69.91458,-83.1624,-73.818275,-70.8714,-78.46392,-67.163345,-72.19178,-61.0012,-69.21118,-79.55369,-71.96097
8588.054582402085,7.325286923307061,5.322100608574967,0.0,-71.240555,-74.57207,-83.56028,-78.82845,-77.04849,-78.901306,-66.34734,-73.3373,-62.734295,-73.04581,-79.5518,-73.31102
8591.374278800384,7.020041704995407,4.244303387155286,0.0,-67.04801,-76.05283,-80.98212,-80.34532,-77.61637,-78.16369,-66.76401,-73.48827,-64.9911,-79.908165,-80.81793,-77.14221
8594.693975198683,6.774534696698558,3.377437157947919,0.0,-61.20653,-73.18926,-78.09636,-79.90419,-78.93154,-77.68021,-71.12674,-71.47406,-68.2237,-79.45879,-81.82725,-76.713844
8598.013671596982,6.569913012171056,2.654933839973632,0.0,-58.86676,-71.01186,-77.99607,-79.717575,-79.09292,-76.91051,-70.66996,-68.387146,-70.70528,-77.90604,-87.86243,-74.74414
8601.333367995281,6.300496098320064,1.703643586327167,0.0,-57.722137,-71.96867,-78.4441,-79.419426,-78.35889,-81.34916,-66.96799,-68.08859,-76.308304,-76.681046,-87.68588,-74.307785
8604.65306439358,5.250702870655777,2.0464282465759225,0.0,-59.71638,-72.49361,-77.585106,-80.73238,-79.53003,-85.44103,-64.201164,-70.80699,-75.38979,-74.798965,-86.957344,-75.10153
8607.97276079188,4.472453181749549,2.300546913157502,0.0,-61.891453,-72.10642,-76.69921,-80.125305,-80.16688,-84.19213,-64.85757,-72.24995,-74.13314,-74.46519,-87.12853,-75.29476
8611.292457190179,3.2885840371099437,2.687110830536903,0.0,-66.119995,-70.43903,-74.75264,-79.021225,-80.05318,-80.88167,-69.08754,-74.51031,-71.569466,-74.33181,-90.80482,-76.9693
8614.612153588478,2.134284541657929,3.064019492116078,0.0,-67.0443,-69.844765,-74.93138,-78.60254,-80.26151,-79.59866,-72.31273,-74.84672,-70.98738,-74.14319,-93.81436,-78.801346
8617.931849986777,1.247361487808401,3.353622825104832,0.0,-68.593735,-70.51397,-77.89048,-78.89097,-80.71821,-78.76837,-73.40139,-75.607574,-71.58256,-72.73403,-92.12635,-80.278496
8621.251546385076,2.1687025264640747,4.024424868064037,0.0,-66.12595,-65.46907,-74.37473,-79.808136,-81.82334,-80.14641,-72.02013,-75.37769,-68.05118,-74.37334,-87.92806,-75.19098
8624.571242783375,3.022438694709378,4.64600573961918,0.0,-65.340485,-64.46542,-73.61429,-78.67945,-82.13387,-79.65631,-72.153275,-75.77298,-67.10421,-75.758156,-84.60317,-74.99333
8627.890939181674,3.738360684419564,5.16724805180114,0.0,-66.0832,-67.093346,-72.69962,-77.44846,-80.21039,-77.55193,-73.586205,-76.799416,-65.857834,-72.115036,-83.80795,-75.32368
8631.210635579973,4.35806111432931,5.618434199997358,0.0,-67.38594,-70.71447,-73.38878,-77.85275,-77.66803,-76.2243,-74.04485,-77.49044,-65.08682,-67.19329,-85.881,-74.41594
8634.530331978272,4.998384720354028,6.08463549252104,0.0,-68.494156,-70.90185,-75.1028,-78.02119,-78.59437,-76.06409,-73.14379,-76.96724,-63.042686,-64.39945,-89.08857,-73.29437
8637.850028376572,5.735148077806911,6.62105180811032,0.0,-69.44766,-69.132515,-77.93884,-77.329475,-75.75949,-77.25163,-71.93247,-76.13509,-61.818947,-63.622612,-89.5644,-72.952705
8641.16972477487,6.606855094290165,7.255716739970989,0.0,-69.99046,-68.94315,-80.09658,-71.25099,-69.22206,-77.53251,-71.02591,-74.856285,-61.206985,-66.40369,-86.39017,-73.619286
8644.48942117317,7.295777781635369,7.757301632777243,0.0,-69.97774,-69.97072,-77.77745,-69.280594,-71.17226,-75.95532,-71.22469,-73.93463,-62.83574,-69.20958,-87.022606,-75.025665
8647.809117571469,8.304531182587437,8.491746115124439,0.0,-68.71667,-72.88319,-75.859924,-68.53222,-73.441055,-71.90978,-72.48537,-72.49152,-67.35822,-72.17564,-87.87739,-78.89839
8651.128813969768,8.960335005982481,8.969218110896744,0.0,-70.29361,-72.72503,-74.76123,-68.07611,-73.58751,-70.52081,-71.93094,-71.01813,-68.405045,-73.44992,-79.04866,-78.14138
8654.448510368067,9.836237371801682,9.606937556544825,0.0,-71.19654,-72.26773,-74.06326,-67.40119,-73.572754,-68.60133,-69.43739,-69.84753,-68.09648,-74.6939,-73.4976,-76.10177
8657.768206766366,10.693905541029125,10.23138120548757,0.0,-74.60046,-72.18033,-73.47774,-69.11301,-73.379036,-68.60359,-68.017685,-69.80585,-68.224976,-74.004326,-71.58037,-75.06169
8661.087903164665,11.328744975566636,10.69358962969951,0.0,-76.015976,-72.528915,-73.54735,-70.7719,-73.55325,-69.320984,-65.948814,-71.5414,-69.11843,-73.59021,-70.66117,-74.726074
8664.407599562965,11.931063799409142,11.13212072795154,0.0,-76.728195,-73.9157,-73.96185,-73.21413,-73.24509,-70.84146,-63.014225,-75.437706,-70.10643,-73.41614,-69.45856,-74.254486
8667.727295961264,12.872289023993144,11.817399877632011,0.0,-76.18029,-76.46038,-75.27579,-76.750885,-70.44665,-72.17069,-62.184887,-80.27572,-70.78491,-74.053635,-66.029366,-73.916145
8671.046992359563,13.653611095602992,12.38625811780086,0.0,-77.59061,-77.78583,-76.07918,-79.4536,-68.23778,-69.94661,-63.83694,-80.15802,-71.242294,-75.33726,-63.91868,-74.4688
8674.366688757862,14.59300736916576,13.070205660584389,0.0,-77.68444,-79.87017,-77.358086,-79.92319,-66.87231,-66.012146,-65.20254,-79.54445,-71.57502,-75.95646,-63.827263,-72.511986
8677.686385156161,15.538940803241331,13.758912722854356,0.0,-77.385635,-80.81953,-78.97829,-79.806076,-68.28263,-63.224213,-66.14284,-79.522766,-73.80213,-76.58187,-65.69615,-71.3975
8681.00608155446,16.283349642883223,14.300895495224154,0.0,-78.42309,-78.58616,-80.70301,-79.76881,-70.50918,-66.0026,-68.34756,-79.61871,-78.28624,-77.97014,-67.93188,-70.79013
8684.32577795276,16.994383300702783,14.818578752852677,0.0,-80.02275,-76.460625,-79.006935,-79.33587,-73.85568,-71.55483,-72.47199,-78.99756,-79.97667,-79.25828,-69.85765,-71.95369
8687.645474351059,17.63727678143172,15.286651097602856,0.0,-81.29491,-75.55303,-77.627525,-79.69927,-77.26711,-76.44252,-75.94853,-79.291954,-78.73074,-80.01193,-71.560036,-73.56125
8690.965170749358,18.343357200682902,15.800728043983396,0.0,-81.93462,-74.90827,-76.509834,-80.66945,-78.46696,-78.44652,-76.33094,-79.8084,-77.85688,-80.43545,-72.28358,-75.618286
8694.284867147657,18.983359195376863,16.26669518050115,0.0,-82.255035,-74.25757,-75.660355,-81.6623,-76.29728,-79.17512,-75.96008,-80.08142,-77.82478,-79.60806,-73.00037,-76.824615
8697.604563545956,18.83236672317563,15.398896306405936,0.0,-79.907715,-76.09239,-77.50084,-82.58365,-77.34394,-78.92103,-78.46938,-80.47042,-76.83903,-79.60673,-71.991104,-77.85761
8700.924259944255,18.65693255923541,14.390623723503497,0.0,-78.19494,-77.61738,-81.78167,-83.14893,-74.71337,-74.40774,-79.2766,-80.27348,-79.17347,-77.96745,-71.13629,-76.83381
8704.243956342554,18.44516895778942,13.17355500325452,0.0,-78.02114,-77.741875,-85.43717,-81.63063,-70.0252,-70.62109,-76.87607,-78.21389,-81.787315,-76.539795,-72.26556,-75.91847
8707.563652740853,18.2727585125732,12.182660635742664,0.0,-79.44541,-79.046486,-83.23283,-81.62576,-71.342514,-69.94657,-72.33355,-75.97284,-80.52419,-77.89301,-74.26358,-74.94939
8710.883349139152,18.07014562640582,11.018183811633817,0.0,-81.66716,-80.14467,-82.92159,-82.189095,-73.172935,-70.610596,-68.238464,-75.32895,-73.05634,-79.25014,-78.49648,-73.98455
8714.203045537452,17.861077864478464,9.81660888696887,0.0,-80.42918,-77.013664,-82.72628,-81.06764,-72.18582,-71.587135,-65.78204,-72.98931,-73.32775,-79.60024,-77.74879,-71.43743
8717.52274193575,17.663244723404798,8.679602686728334,0.0,-77.17259,-76.56417,-74.999596,-80.788925,-71.243385,-71.17993,-62.517162,-73.71243,-74.93621,-81.53562,-75.104515,-70.83742
8720.84243833405,17.489197485132483,7.679301180234647,0.0,-79.79026,-79.19454,-75.88038,-80.2566,-72.89323,-70.66171,-51.48211,-74.651,-77.79542,-79.86396,-74.41527,-70.91755
8724.162134732349,17.36192210231494,6.947811508604504,0.0,-81.35314,-81.630806,-77.451775,-78.84272,-75.02992,-71.21982,-44.687107,-71.86695,-80.79693,-76.79785,-76.97016,-70.14554
8727.481831130648,17.17372690071496,5.866197427599663,0.0,-80.94295,-81.621376,-79.27787,-79.544815,-77.01222,-74.02814,-50.47216,-67.09368,-82.18491,-77.03891,-80.37717,-71.56305
8730.801527528947,17.017172881126704,4.966434678151401,0.0,-80.2725,-79.319496,-79.77129,-79.10232,-77.76208,-75.44001,-59.357735,-65.970985,-80.20367,-79.186226,-79.32184,-73.22203
8734.121223927246,16.864306776450483,4.087867478135282,0.0,-78.895676,-77.11583,-80.21533,-78.61504,-76.765274,-76.35153,-65.24941,-66.49432,-77.660675,-81.43471,-77.8171,-72.74813
8737.440920325545,16.686281217166155,3.064701371541443,0.0,-77.096405,-75.84898,-80.69882,-78.68798,-77.298515,-76.61771,-63.592243,-68.04713,-81.331856,-84.45549,-76.18159,-72.2974
8740.760616723845,16.475804940078078,1.8550312891987777,0.0,-76.76252,-73.916794,-79.29611,-80.1735,-78.54693,-76.81344,-62.651764,-68.88889,-82.5706,-83.59536,-78.47069,-73.01528
8744.080313122144,16.192847562904813,2.781015423964238,0.0,-73.59866,-75.16629,-79.559586,-78.69718,-78.831665,-76.35203,-63.02732,-68.23336,-80.65667,-84.83433,-77.04076,-72.25875
8747.400009520443,15.958808069805754,3.546914725418309,0.0,-77.10063,-77.30191,-79.8172,-77.797386,-77.659485,-75.48008,-67.58593,-67.92705,-77.22556,-82.06882,-75.502625,-72.54901
8750.719705918742,15.609674679491595,4.68946129401272,0.0,-78.39877,-80.7058,-79.40851,-78.293015,-76.88294,-72.762024,-69.398895,-69.146416,-76.66356,-80.61396,-75.571884,-72.50636
8754.039402317041,15.28790957119404,5.742444567964193,0.0,-79.55433,-81.307,-77.16108,-79.54071,-75.34654,-68.239746,-66.13389,-73.68572,-76.54663,-80.07281,-74.35831,-67.51171
8757.35909871534,14.948308010938607,6.853798016598855,0.0,-80.78838,-79.60367,-76.463104,-82.4952,-74.47121,-68.637314,-63.60401,-78.10786,-75.89657,-81.99735,-72.37694,-66.98547
8760.67879511364,14.69355284266564,7.68748981296374,0.0,-79.58246,-78.4203,-77.95555,-83.12346,-75.182655,-70.93269,-61.767735,-80.10338,-76.39198,-79.04112,-72.73373,-67.418686
8763.998491511938,14.33000131681302,8.877220041849636,0.0,-78.59315,-75.09855,-77.50958,-79.37217,-75.09595,-69.05839,-59.946503,-79.09993,-73.29225,-75.73282,-72.88181,-68.14087
8767.318187910238,14.100205635828544,9.629231376401105,0.0,-76.97706,-74.91785,-74.073975,-76.48938,-74.26594,-67.81562,-59.606903,-78.02856,-71.38589,-76.43116,-73.06444,-68.45151
8770.637884308537,13.790942460365237,10.641301804841824,0.0,-75.26964,-76.399155,-74.162346,-78.70244,-75.02675,-70.649994,-61.79774,-78.18927,-71.84184,-76.22507,-72.211876,-69.832085
8773.957580706836,13.468614442157918,11.696127213643964,0.0,-74.674446,-77.904175,-76.68192,-81.70045,-72.73145,-72.77686,-62.59066,-79.431015,-71.481285,-75.40482,-67.41361,-72.49104
8777.277277105135,13.163829224863669,12.693543427156223,0.0,-81.32153,-76.28091,-74.44048,-73.61649,-64.148766,-69.749664,-63.999744,-81.28036,-71.02242,-73.871414,-61.37898,-75.92016
8780.596973503434,12.896745994175411,13.567579074326474,0.0,-81.81032,-75.817764,-73.65375,-71.733284,-63.852703,-68.813644,-66.11537,-81.70072,-71.69436,-72.01865,-60.62562,-77.00971
8783.916669901733,12.540329172075126,14.733960830919782,0.0,-78.53077,-79.145065,-73.81303,-75.54992,-66.12159,-67.79668,-71.60397,-81.17111,-78.00751,-70.63346,-62.40222,-76.327324
8787.236366300032,12.308944186313076,15.491173199719023,0.0,-80.743484,-80.54909,-75.61517,-75.99347,-63.844387,-70.023026,-72.88263,-81.49061,-81.53351,-70.30028,-67.49279,-78.7643
8790.556062698332,11.063444521756423,15.415851845683964,0.0,-79.89273,-81.12092,-74.35206,-69.62294,-63.859818,-73.46068,-74.57762,-83.34428,-76.49339,-70.18024,-73.53544,-80.830475
8793.87575909663,10.072656616507771,15.355934136584096,0.0,-79.69593,-81.44066,-71.73351,-67.60098,-65.42839,-73.27857,-75.471695,-83.26348,-73.87003,-67.04602,-75.074745,-81.5487
8797.19545549493,8.997111545576104,15.290890754097804,0.0,-79.985054,-81.474525,-70.61218,-64.26204,-68.17585,-72.012924,-74.31839,-79.3764,-72.38821,-66.26077,-74.5144,-78.92736
8800.515151893229,8.178408175262192,15.2413798243401,0.0,-79.709274,-80.28388,-70.11254,-61.576366,-71.131195,-72.24211,-73.16827,-74.49421,-72.83428,-66.24674,-73.91081,-76.41853
8803.834848291528,7.395968064377889,15.194061908261714,0.0,-79.5639,-79.59945,-69.56478,-61.644226,-73.529915,-72.5835,-72.33565,-73.69419,-73.0234,-67.466805,-73.47896,-76.214745
8807.154544689827,6.513976289415037,15.140723624335612,0.0,-78.439804,-78.49335,-69.07016,-62.625725,-76.19135,-73.874146,-71.83443,-75.9202,-74.48461,-72.65204,-74.11392,-78.19542
8810.474241088126,5.405159669322528,15.073668151276392,0.0,-74.12588,-78.047485,-69.59055,-63.731087,-77.1469,-75.10733,-71.02168,-80.96944,-77.96093,-70.45264,-75.57643,-80.92575
8813.793937486425,4.377309575484048,15.01150911340902,0.0,-76.2674,-77.82366,-69.66587,-63.283875,-77.14359,-74.67855,-71.480965,-82.0425,-75.17932,-72.96486,-78.58787,-81.92353
8817.113633884725,3.438415362736138,14.954729665439416,0.0,-75.9595,-78.18519,-70.04557,-62.740047,-76.64393,-74.56835,-72.2209,-80.91079,-73.75661,-78.3636,-85.62818,-83.3815
8820.433330283024,2.257530823810603,14.88331589877044,0.0,-73.20153,-79.29368,-71.42498,-63.50279,-76.47732,-76.22633,-74.398224,-80.20436,-72.98854,-82.550804,-86.98559,-85.2936
8823.753026681323,1.210799130088504,14.820014999760865,0.0,-74.60325,-77.91184,-67.734024,-69.57061,-77.304054,-78.47616,-78.72152,-79.81157,-72.91472,-79.76235,-80.505,-85.169785
8827.072723079622,1.9314287947459845,15.389379191205034,0.0,-72.93956,-79.42423,-71.48303,-68.6089,-77.60345,-77.11162,-73.90784,-79.385956,-73.28674,-82.70807,-86.04539,-85.91076
8830.392419477921,2.710886609248231,16.005223070640458,0.0,-72.57373,-78.096664,-73.61894,-64.32036,-77.48286,-75.66807,-71.34255,-79.85773,-74.24996,-81.29953,-87.429375,-84.67105
8833.71211587622,1.7480831633789888,16.54428428091829,0.0,-72.64671,-76.734924,-72.18198,-72.37465,-79.167625,-78.09463,-72.423485,-79.33836,-74.997345,-81.330574,-84.86561,-85.71464
8837.03181227452,2.6481684561252044,15.923362784716373,0.0,-72.287476,-78.296875,-73.62028,-64.47991,-77.42446,-75.73214,-71.644226,-79.77938,-74.06171,-81.585014,-88.20166,-84.75302
8840.351508672818,3.4733168831177883,15.354136290287522,0.0,-74.99677,-78.05977,-71.01616,-61.93008,-76.96111,-74.23967,-71.22794,-80.84598,-73.67174,-78.71571,-83.987976,-83.1684
8843.671205071118,4.172595860963844,14.871740507703455,0.0,-77.04992,-77.97688,-69.601425,-63.384037,-77.07748,-74.688866,-72.02093,-81.86399,-74.29789,-73.951,-79.75632,-82.47402
8846.990901469417,5.082286066126705,14.244193087673324,0.0,-75.690506,-77.16596,-70.197845,-64.2982,-77.57509,-75.440605,-74.20669,-77.526985,-73.657364,-72.0597,-77.717445,-82.77023
8850.310597867716,5.7339436582938665,13.7946487940373,0.0,-77.39858,-72.866714,-70.32718,-64.20654,-77.89006,-75.532295,-75.54862,-73.086205,-72.33452,-74.113525,-76.351,-83.01487
8853.630294266015,6.714367911374057,13.11830567517818,0.0,-76.270615,-74.62232,-70.16671,-65.6667,-71.53077,-74.19896,-78.43463,-74.51771,-69.90426,-62.758656,-74.85239,-84.057495
8856.949990664314,7.454895957603177,12.607454330144911,0.0,-75.41386,-76.611855,-70.16443,-68.6613,-65.97623,-72.86859,-77.2195,-79.51202,-69.026344,-60.15248,-74.627655,-83.97604
8860.269687062613,8.256168759644689,12.054698373438262,0.0,-74.91026,-73.45288,-71.26937,-67.53638,-67.82809,-72.27446,-70.33702,-81.46947,-70.151375,-57.822353,-75.51718,-79.38927
8863.589383460912,9.284101137879476,11.34558189810896,0.0,-74.64753,-72.08591,-73.90075,-66.11521,-70.73881,-70.96558,-69.61085,-72.01834,-71.704185,-66.46709,-74.21505,-72.99803
8866.909079859211,10.268077128819094,10.66678862213299,0.0,-76.3175,-72.03868,-73.51795,-67.81126,-72.45905,-69.47066,-68.425766,-68.17506,-70.15799,-72.38288,-72.293594,-74.50479
8870.22877625751,11.070937524960216,10.112937467769369,0.0,-73.57036,-72.7051,-73.28878,-70.38606,-73.88685,-68.946884,-67.14245,-71.34183,-68.10351,-74.62263,-71.05917,-75.063614
8873.54847265581,11.763108900859711,9.63544484588644,0.0,-72.66942,-73.92598,-73.4357,-74.552376,-74.97681,-68.64945,-65.635864,-74.49439,-68.68591,-75.592995,-71.94262,-73.71774
8876.868169054109,12.481110732777152,9.14013315115842,0.0,-72.9776,-72.36272,-72.70052,-77.99267,-74.57983,-66.870384,-65.1966,-77.04239,-69.50002,-74.34795,-72.361786,-71.14813
8880.187865452408,13.311423237856468,8.567344230903974,0.0,-75.59491,-73.13538,-74.44066,-77.67631,-74.32195,-67.3379,-64.42347,-78.57265,-71.15909,-74.96452,-72.92829,-68.13208
8883.507561850707,14.338485148384644,7.858828245456175,0.0,-79.34065,-77.27768,-79.45653,-82.44132,-75.58615,-71.67725,-62.744484,-80.14561,-76.64032,-77.87545,-72.837135,-67.38939
8886.827258249006,15.10256077040344,7.331732666560756,0.0,-79.79088,-79.2029,-77.10204,-83.01951,-74.47626,-69.43454,-61.365105,-79.55617,-75.819916,-81.181946,-72.06746,-67.50548
8890.146954647305,16.053460466294663,6.675756986623494,0.0,-80.08288,-81.17961,-76.91098,-81.12615,-74.227646,-67.25537,-57.202312,-75.27414,-77.11557,-79.66812,-74.05389,-69.01501
8893.466651045605,16.69601741777495,6.232490746275561,0.0,-79.982864,-82.714714,-78.57479,-79.11195,-75.52347,-71.49675,-52.95439,-70.66933,-80.805786,-77.492386,-78.37964,-69.702896
8896.786347443904,17.381817576714976,5.759393291827298,0.0,-81.15463,-80.997025,-79.25507,-79.902756,-77.3096,-75.02356,-49.86243,-66.42668,-82.83105,-77.116035,-80.860855,-72.6722
8900.106043842203,18.18870119595574,5.2027667274811815,0.0,-80.60033,-77.756966,-78.84878,-79.97505,-77.81273,-79.08632,-57.094166,-66.07289,-82.15345,-77.677895,-81.748314,-74.3606
8903.425740240502,18.96813035162681,4.665079553362297,0.0,-79.12567,-76.09942,-78.730896,-78.88669,-77.05197,-80.43316,-67.218155,-66.68496,-79.75262,-79.31884,-81.06496,-73.70806
8906.745436638801,18.210288685984786,3.988003858090513,0.0,-77.791466,-75.093605,-79.72116,-78.53614,-76.71107,-78.74047,-66.87017,-66.14138,-81.02419,-82.26044,-79.756386,-72.21773
8910.0651330371,17.339127283810083,3.209685326908043,0.0,-77.51487,-74.833885,-81.18882,-79.13558,-76.73711,-77.079605,-64.52753,-67.584564,-82.89504,-83.91664,-77.41125,-72.11254
8913.3848294354,16.491568029385885,2.452453575883726,0.0,-74.06038,-74.264854,-79.98299,-79.589325,-78.3967,-76.56027,-62.563236,-68.6166,-82.4987,-85.84124,-77.49907,-72.1015
8916.704525833698,15.693295431686511,1.7392558215139902,0.0,-76.19982,-74.13656,-77.62987,-79.39788,-80.16009,-76.545006,-62.549313,-68.875374,-80.76874,-83.9522,-80.600044,-73.38917
8920.024222231998,15.63115300382241,2.907199455251824,0.0,-72.393456,-75.53167,-78.580925,-77.94607,-80.07444,-76.00808,-64.765274,-67.94486,-78.59111,-83.70671,-78.83489,-72.39316
8923.343918630297,15.571668546729247,4.025187524856118,0.0,-77.86789,-78.90741,-79.71998,-78.07179,-77.3548,-74.46877,-70.4,-68.37522,-76.62509,-81.02912,-75.35997,-73.19714
8926.663615028596,15.524194485607898,4.91744470501678,0.0,-78.62511,-81.27989,-78.94498,-78.36312,-76.47681,-71.929985,-68.8185,-69.80255,-76.40563,-80.44133,-75.64434,-70.88274
8929.983311426895,15.45762552422674,6.168583376645338,0.0,-79.89939,-80.97642,-76.69534,-80.62901,-74.804794,-66.78626,-64.163956,-74.95152,-76.948784,-79.774376,-73.708954,-67.935196
8933.303007825194,15.39760063704946,7.296728627066655,0.0,-79.66777,-79.42374,-76.998344,-82.95043,-74.36625,-68.49566,-60.295326,-79.27237,-75.56365,-81.33764,-72.230835,-67.975685
8936.622704223493,15.354520632310097,8.106401164914196,0.0,-78.46979,-78.49178,-79.72251,-83.7637,-75.25064,-70.590416,-57.551098,-79.49906,-75.97517,-77.81965,-72.68178,-68.84365
8939.942400621792,15.306972724571654,9.000046264557074,0.0,-79.07553,-77.30752,-82.196655,-82.9623,-75.851814,-70.763,-56.982002,-78.68377,-74.65295,-75.34208,-72.737206,-69.20406
8943.262097020091,15.262312023261403,9.839427401831683,0.0,-80.08109,-78.482574,-78.18538,-78.77609,-74.59247,-68.40558,-59.919464,-76.60991,-73.819016,-76.68911,-72.78449,-69.6666
8946.58179341839,15.20926133797864,10.83649514236047,0.0,-81.63801,-79.54109,-76.41674,-74.49426,-73.61306,-65.56663,-63.830017,-73.230545,-75.56947,-78.162506,-70.85961,-69.88756
8949.90148981669,15.153595990101891,11.882704486073688,0.0,-79.32574,-79.683495,-79.05252,-77.92355,-72.63243,-64.900536,-63.995007,-75.08738,-74.74072,-76.48337,-67.31531,-70.1331
8953.221186214989,15.11086321003461,12.685851066388269,0.0,-76.712975,-80.36688,-78.69689,-81.150314,-69.87223,-64.393166,-64.68331,-77.3071,-73.040565,-76.86105,-64.459305,-70.58169
8956.540882613288,15.06043921070254,13.633551229250967,0.0,-77.9027,-81.07347,-77.73729,-79.30644,-66.910545,-62.576397,-66.23778,-79.86541,-72.52457,-75.34137,-65.044044,-72.30036
8959.860579011587,15.017633330854707,14.438071692534958,0.0,-78.3101,-80.547844,-77.562836,-77.03551,-65.48793,-62.72938,-67.5963,-81.47342,-79.08105,-72.72556,-67.86909,-72.90692
8963.180275409886,14.970308458262105,15.3275249302305,0.0,-79.43437,-79.06268,-76.65268,-77.09009,-64.58167,-65.2562,-72.123665,-82.84646,-82.16207,-71.240555,-71.87587,-77.08695
8966.499971808185,14.927435881175168,16.13329894311785,0.0,-82.09087,-77.22038,-76.13646,-79.67072,-64.42293,-70.22997,-75.77692,-83.4135,-80.71682,-70.65968,-75.72568,-81.64982
8969.819668206484,15.690961383026938,15.390959973980053,0.0,-79.1544,-78.4998,-80.24611,-75.98977,-66.68457,-64.53485,-71.24755,-80.672714,-83.361565,-71.903656,-72.4005,-74.37116
8973.139364604784,16.544170729683493,14.56142573403698,0.0,-79.148865,-77.47281,-79.91938,-79.38898,-71.457726,-67.36839,-69.83499,-79.410904,-79.700226,-78.62882,-68.834595,-71.00702
8976.459061003083,17.35957159381431,13.76865085560148,0.0,-77.5312,-78.64224,-83.426674,-80.787964,-71.67365,-71.15081,-74.75287,-78.557915,-79.898735,-77.75305,-68.23896,-73.71213
8979.778757401382,18.164898024502072,12.985670862233508,0.0,-78.11312,-78.085526,-85.58267,-80.9935,-69.64677,-70.39078,-76.566635,-77.60964,-81.807655,-76.39476,-72.356926,-75.11474
8983.098453799681,19.04098270112422,12.133896043784334,0.0,-80.06718,-78.79757,-82.543495,-81.64713,-72.835106,-69.804146,-70.79936,-77.08895,-79.64079,-78.96065,-76.670006,-76.007774
8986.41815019798,19.290113533478205,11.213290065622305,0.0,-82.22911,-77.886246,-82.81672,-82.381744,-73.543884,-72.79373,-69.03444,-76.13488,-73.24119,-80.94466,-78.959236,-75.214355
8989.73784659628,19.533530038961565,10.313800074705052,0.0,-81.7043,-74.870056,-81.00974,-79.09563,-73.85948,-77.726326,-68.660324,-75.05998,-72.59301,-83.38271,-78.65958,-73.46765
8993.057542994578,19.22928029518911,9.258526354397652,0.0,-78.18411,-73.958176,-73.61187,-78.99011,-72.782616,-73.4619,-68.151855,-76.635506,-73.618195,-83.89552,-75.912254,-72.76309
8996.377239392878,18.91917865510572,8.18295564940154,0.0,-79.27281,-75.51955,-75.669106,-78.91159,-75.24165,-71.56708,-66.51842,-76.033485,-76.99782,-80.63569,-75.14199,-74.41461
8999.696935791177,18.69761067808375,7.414459148750989,0.0,-80.69885,-79.14062,-77.01522,-78.0265,-76.74232,-72.687355,-58.49228,-73.463715,-80.813774,-76.04162,-77.99329,-72.58192
9003.016632189476,18.46993253069277,6.624769853861505,0.0,-82.01317,-81.687294,-78.27766,-78.84915,-77.623405,-75.62457,-48.760178,-70.60648,-83.46275,-75.03376,-82.32813,-74.21039
9006.336328587775,18.16901952751438,5.5810694371721885,0.0,-81.04343,-78.96403,-78.87867,-80.24205,-78.75961,-78.27771,-51.424404,-66.73267,-83.907196,-76.82426,-82.15007,-74.65475
9009.656024986074,17.8344869965108,4.420761513231857,0.0,-79.68245,-76.14424,-79.099365,-78.71844,-76.34874,-79.07732,-64.87501,-65.68526,-78.727196,-80.092514,-79.98201,-73.0412
9012.975721384371,17.581019359922344,3.541622775023855,0.0,-77.40103,-74.92675,-80.62956,-78.77299,-76.477394,-77.41315,-65.68331,-67.0409,-81.90738,-83.16962,-78.3469,-72.12825
9016.295417782672,17.339907439083326,2.7053391661720902,0.0,-79.13832,-74.84349,-81.761406,-80.25389,-76.55058,-77.040146,-64.10794,-68.08788,-84.729614,-85.01879,-76.661316,-71.824326
9019.615114180971,17.056025951956247,1.7207116383637635,0.0,-80.108055,-73.80046,-79.94785,-80.17737,-77.21203,-77.01244,-65.04702,-69.1955,-84.40612,-81.05112,-77.36968,-73.180504
9022.93481057927,16.179544172549623,2.3585928920959205,0.0,-73.57428,-74.47064,-79.22365,-79.339836,-79.295654,-76.44959,-62.457443,-68.73986,-81.62098,-85.90465,-79.53726,-72.21312
9026.25450697757,15.296633654888964,3.0011528188065117,0.0,-72.13693,-75.79472,-78.1204,-77.489265,-80.14145,-76.135635,-67.45126,-67.95986,-77.32849,-82.85835,-79.81368,-72.35404
9029.574203375869,14.436410325703976,3.6272015839977865,0.0,-73.41818,-73.99856,-77.31712,-77.76796,-79.4491,-74.92539,-68.02998,-69.00367,-75.25611,-79.35457,-80.99411,-68.53661
9032.893899774168,13.538220502572536,4.280881402483487,0.0,-72.84861,-72.56716,-75.00665,-78.23521,-78.78386,-73.75937,-67.11147,-71.057625,-72.563995,-77.680565,-82.23743,-59.821644
9036.213596172469,12.550921469185004,4.999412648680235,0.0,-73.376144,-72.93021,-74.660576,-79.48062,-78.39088,-72.12496,-66.77976,-73.778175,-72.49725,-76.20893,-82.29658,-61.050365
9039.533292570766,11.837751558716167,5.518439657914686,0.0,-74.491,-73.94387,-75.43877,-80.1163,-78.57345,-72.06434,-67.04006,-74.59162,-75.37147,-75.454926,-81.699135,-66.647514
9042.852988969064,10.93226328325176,6.177431105271452,0.0,-72.46553,-73.412994,-77.56107,-78.608185,-78.3952,-72.70008,-66.823265,-71.28403,-77.678085,-73.56483,-83.27072,-69.33117
9046.172685367364,10.310353341813077,6.630041418998642,0.0,-71.363945,-72.91823,-79.583115,-77.07941,-76.7905,-73.31081,-66.71928,-69.04373,-76.260544,-71.49849,-83.25145,-70.21776
9049.492381765664,9.553583633086465,7.180799257816302,0.0,-70.34703,-72.8447,-80.40784,-74.06862,-73.053474,-73.24277,-66.74572,-69.28059,-67.64714,-71.92683,-82.99798,-71.44476
9052.812078163965,8.615765187605962,7.863319784576409,0.0,-70.761665,-71.21055,-78.712456,-70.834595,-72.79092,-72.964424,-68.71246,-70.9134,-63.843464,-71.94306,-85.03659,-74.38835
9056.131774562262,8.003026981974683,8.309255141135992,0.0,-68.32726,-72.18433,-76.224464,-68.46643,-73.29209,-72.91215,-71.920815,-72.91248,-66.47992,-71.37175,-88.85036,-78.67921
9059.45147096056,7.110570467167129,8.958762402943847,0.0,-67.36303,-72.71551,-72.96786,-67.31089,-72.4068,-74.27641,-73.92082,-74.135796,-66.689064,-65.678375,-90.19116,-79.735825
9062.77116735886,6.501050364137086,9.40235570588618,0.0,-67.26695,-72.43606,-71.57009,-68.23475,-71.695244,-75.68175,-73.40477,-74.79324,-63.104664,-59.988617,-89.389435,-79.606255
9066.09086375716,5.82332587427816,9.89558643518767,0.0,-67.098915,-72.444016,-69.81786,-70.49457,-72.034355,-77.75565,-72.2453,-75.53433,-61.975372,-59.684185,-88.10223,-81.074394
9069.410560155458,5.063756577354316,10.448381743432696,0.0,-68.86825,-71.05499,-67.291626,-74.01404,-79.060585,-84.00088,-73.27406,-78.23105,-62.70357,-63.351967,-87.36381,-80.5192
9072.730256553756,4.374292977723491,10.95015589968833,0.0,-70.065735,-68.20996,-66.91142,-72.64131,-79.536095,-83.01644,-74.21312,-78.933624,-64.565636,-70.60089,-86.27555,-80.30765
9076.049952952057,3.7698283890045134,11.390069927279168,0.0,-74.92966,-68.09073,-66.29094,-70.751,-76.76038,-81.28148,-74.28724,-79.50714,-66.59879,-76.14346,-82.97427,-79.81847
9079.369649350356,2.899680533432083,12.023341511567727,0.0,-79.668205,-71.16724,-64.8455,-68.23947,-75.577225,-78.19048,-78.274475,-82.93896,-69.67737,-80.14546,-78.90269,-80.885506
9082.689345748657,2.238799401770452,12.504314071108722,0.0,-79.43636,-75.054276,-63.842308,-67.29192,-75.02406,-76.74325,-80.83148,-84.53604,-71.085785,-80.04371,-80.98215,-81.89978
9086.009042146954,1.5357991261814004,13.015939877489297,0.0,-77.3689,-71.36052,-65.100174,-65.368,-74.50793,-77.88082,-82.11573,-84.14329,-71.65799,-79.083664,-81.81039,-82.28784
9089.328738545251,2.13269742721148,13.640251016637086,0.0,-79.02018,-77.862625,-65.385254,-64.671005,-76.17652,-75.99469,-79.75009,-82.93752,-72.842384,-80.36614,-80.29402,-84.878334
9092.648434943552,2.804591529733204,14.343002175097627,0.0,-76.03835,-78.377525,-67.85736,-63.55662,-76.313736,-75.143974,-75.51353,-81.31309,-73.18279,-80.16954,-85.56019,-85.01905
9095.968131341851,3.415396285829503,14.98185842986883,0.0,-75.78247,-78.1651,-70.11635,-62.67398,-76.64868,-74.542885,-72.18413,-80.87058,-73.71662,-78.53473,-85.77534,-83.37255
9099.28782774015,4.070528678780237,15.667078089281262,0.0,-76.63183,-77.38273,-70.62884,-61.654854,-77.51082,-74.55255,-70.58309,-81.27904,-74.08949,-75.9266,-78.6324,-81.99746
9102.60752413845,4.676553908792746,16.300935315962068,0.0,-77.63141,-77.07652,-70.48777,-60.683563,-77.954056,-75.26789,-72.353294,-80.420235,-73.62167,-74.907555,-77.59985,-80.49165
9105.927220536749,5.346795839501287,15.376240035057195,0.0,-74.41681,-77.887856,-69.35643,-63.34256,-76.91918,-75.06063,-71.09485,-82.33664,-78.551315,-70.57127,-75.876434,-80.666
9109.246916935048,5.867660469519016,14.657632255835605,0.0,-75.80202,-77.99597,-69.641914,-63.55635,-77.42613,-74.57676,-72.31822,-76.98708,-74.34,-72.57338,-74.85535,-80.91979
9112.566613333349,6.41936396833431,13.8964778152683,0.0,-77.16929,-75.873215,-70.14451,-63.831974,-74.97057,-73.949,-75.61836,-72.871605,-71.77615,-67.63649,-74.2672,-81.55868
9115.886309731646,6.992498587766097,13.105756057004797,0.0,-76.07719,-75.96776,-69.95095,-66.456726,-69.2413,-73.46731,-78.60213,-76.14768,-69.865486,-62.101555,-74.18505,-84.29651
9119.206006129943,7.708681245604895,12.117678926006214,0.0,-74.99625,-74.620544,-70.76318,-68.80308,-67.36018,-72.97399,-72.79685,-81.084206,-69.15351,-58.147293,-76.220474,-81.53303
9122.525702528244,8.43646393038962,11.11359788703976,0.0,-73.81224,-72.096275,-72.118324,-65.84545,-71.01132,-72.347275,-70.621994,-77.9647,-70.30342,-58.96799,-78.28264,-74.08614
9125.845398926544,9.024022150555066,10.302976694078144,0.0,-71.53792,-71.917725,-74.00769,-65.92501,-72.46933,-70.3591,-71.684975,-72.01401,-69.9526,-70.74836,-76.85901,-75.179405
9129.165095324845,9.690275642724233,9.3837840386083,0.0,-71.03927,-72.41017,-74.10503,-67.360405,-73.53811,-68.69824,-69.73273,-69.99969,-67.89353,-74.84112,-73.94928,-76.355576
9132.484791723142,10.15662019266611,8.74039456258567,0.0,-70.633766,-73.435,-75.430084,-70.29104,-74.10925,-68.87525,-67.46423,-70.0654,-66.65079,-77.76722,-72.718506,-77.43962
9135.80448812144,10.780257052041144,7.879997690290911,0.0,-71.7022,-74.18908,-77.506195,-74.06839,-75.02611,-69.57748,-68.48505,-70.82473,-69.07936,-75.22954,-74.388054,-72.50675
9139.12418451974,11.265779944917856,7.210148927860066,0.0,-72.98058,-74.965416,-77.138115,-77.45165,-75.27695,-71.74446,-68.70886,-71.94738,-75.04383,-72.47134,-75.71011,-69.90443
9142.44388091804,11.99855241842818,6.199183756648418,0.0,-77.26746,-75.53364,-74.41966,-80.23971,-77.67932,-71.98511,-67.86359,-74.52747,-77.91127,-76.85278,-77.444916,-68.26462
9145.763577316338,12.504980288418537,5.500493567265998,0.0,-76.2952,-74.18538,-75.01525,-80.49221,-77.92846,-72.53975,-67.44515,-75.03857,-73.53765,-77.23752,-79.18157,-63.98047
9149.083273714636,13.155972162532878,4.602356512091633,0.0,-73.10594,-72.516945,-74.578186,-78.62817,-78.02524,-72.99861,-66.95198,-72.30144,-71.738144,-77.011,-82.78499,-57.718132
9152.402970112937,13.876028356844095,3.6089352796091703,0.0,-72.943665,-73.13792,-76.06894,-77.316635,-80.359146,-75.08754,-67.33963,-68.642624,-74.47389,-77.88939,-82.83945,-64.900024
9155.722666511236,14.56481867629987,2.658649824832569,0.0,-72.80281,-74.045784,-76.43707,-76.58502,-81.53075,-76.607445,-67.366196,-67.48941,-76.480034,-81.838234,-81.65351,-69.4845
9159.042362909537,15.195097637144926,1.7890892168727983,0.0,-75.78315,-73.76561,-76.8288,-78.34118,-81.54296,-76.38574,-62.76745,-68.23301,-79.54316,-84.275085,-81.06552,-72.730705
9162.362059307834,15.75701693115521,1.013840615414201,0.0,-78.73013,-74.08985,-76.82517,-78.241516,-78.10554,-77.291046,-63.70801,-69.66194,-81.07687,-78.83198,-77.54566,-78.26076
9165.681755706131,16.5246663822774,1.7081839087939503,0.0,-77.8865,-73.83663,-79.2496,-79.84888,-78.2761,-77.02553,-62.823895,-69.01423,-82.72102,-82.40477,-78.5439,-73.38379
9169.001452104432,17.18974671322994,2.309752849774248,0.0,-78.429276,-74.01068,-81.50068,-81.150055,-76.83601,-77.00245,-63.483276,-68.30949,-84.93462,-84.335236,-76.22367,-72.022766
9172.321148502731,17.928778888089756,2.978211654057409,0.0,-78.68926,-74.40889,-81.85191,-80.606735,-76.86014,-77.23825,-66.23849,-67.63838,-86.050514,-84.0898,-77.95917,-71.62333
9175.64084490103,18.788234522949416,3.7555941626358615,0.0,-77.197105,-74.726715,-80.04375,-79.319725,-76.90994,-78.171715,-68.82397,-66.56281,-83.65971,-82.89765,-79.75526,-71.92867
9178.96054129933,19.339102262785143,4.253857165540447,0.0,-77.41167,-75.37076,-79.21373,-79.37372,-77.22226,-79.33759,-70.10052,-66.861,-81.902176,-82.25008,-80.32871,-73.0742
9182.280237697629,18.61280985770168,4.01149393701398,0.0,-77.48315,-75.02622,-79.59391,-78.81063,-76.850624,-78.858246,-67.64214,-66.10404,-81.61828,-82.27514,-79.8799,-72.32289
9185.599934095928,17.69401092313205,3.704891424595608,0.0,-77.48435,-75.03717,-80.32076,-78.63126,-76.53356,-77.73975,-66.07826,-66.774086,-81.07168,-82.840675,-78.72272,-72.115135
9188.919630494229,16.96440543498577,3.461422622746525,0.0,-77.330696,-75.51779,-80.69997,-78.397995,-76.92464,-76.760086,-64.307274,-67.40404,-80.50571,-83.24087,-77.08268,-72.40452
9192.239326892526,16.18200803799218,3.2003372006784274,0.0,-75.634224,-76.29224,-79.87394,-77.96802,-77.98897,-76.17547,-64.35849,-67.84907,-79.18452,-83.38806,-75.57218,-72.39255
9195.559023290823,15.194538087280796,2.870819221897171,0.0,-72.04692,-75.52101,-77.82989,-77.56947,-80.8837,-76.193,-67.20849,-67.96845,-77.400986,-82.93296,-80.802986,-72.27979
9198.878719689124,14.16823579756706,2.5283429208396915,0.0,-73.29306,-73.67515,-75.67495,-75.98821,-81.541245,-76.97273,-66.69073,-66.52377,-75.89127,-80.78809,-81.56174,-67.432755
9202.198416087424,13.32045788468869,2.245440069866028,0.0,-73.7534,-73.00058,-75.67657,-74.59686,-81.63714,-78.79934,-65.22798,-64.58719,-74.68677,-78.80204,-81.76921,-62.556633
9205.518112485724,12.256355324988352,1.8903498471855185,0.0,-73.824745,-73.5463,-77.71262,-74.22822,-81.568146,-80.116264,-64.0824,-63.112026,-74.338264,-77.47573,-81.28359,-61.80905
9208.837808884022,11.264657280944606,1.5594209568438897,0.0,-71.45151,-73.93577,-82.56243,-75.192116,-79.77341,-80.05451,-65.29218,-63.13256,-74.29637,-78.10846,-81.397964,-64.10375
9212.15750528232,10.484703026747605,1.2991508096868176,0.0,-69.852936,-73.354324,-84.757645,-75.82118,-77.44178,-80.67977,-65.64146,-63.83793,-74.385956,-78.252304,-82.56689,-65.664635
9215.47720168062,9.650850274508446,1.0208947743299048,0.0,-68.904526,-73.52521,-84.80571,-75.88219,-75.04245,-80.77738,-65.93456,-65.07158,-75.26079,-78.43488,-83.47645,-67.90646
9218.79689807892,10.063696273979993,1.711693695561642,0.0,-72.95793,-72.896484,-83.88074,-75.20271,-75.29456,-81.48364,-65.96415,-64.12799,-74.43369,-77.83239,-81.11288,-65.878296
9222.116594477218,10.599434408674096,2.6081231777005334,0.0,-75.06182,-73.234695,-80.98194,-75.168785,-76.55628,-80.37833,-64.8952,-64.01532,-74.21429,-75.10476,-78.28449,-64.75707
9225.436290875516,11.158124168702315,3.5429567089076413,0.0,-73.85155,-73.65946,-77.21909,-75.56951,-78.9195,-74.0653,-65.114876,-67.50263,-73.99688,-73.032196,-81.47989,-61.80737
9228.755987273817,11.588920313357598,4.263790899815604,0.0,-73.11092,-73.47916,-76.105446,-76.98077,-78.999016,-72.56524,-65.61816,-70.95779,-73.79241,-73.342964,-83.41172,-62.799404
9232.075683672116,12.107650073387324,5.13176093972883,0.0,-74.247696,-73.34202,-75.3175,-79.9697,-78.59061,-72.20934,-66.73168,-74.37537,-73.637886,-75.680046,-82.61124,-64.57619
9235.395380070417,12.676677293509412,6.083891735025357,0.0,-80.227165,-77.55787,-75.12477,-81.343,-76.8935,-73.10091,-69.19461,-77.07997,-76.09912,-78.75484,-74.34116,-65.81705
9238.715076468714,13.303897041751815,7.133393791520292,0.0,-81.78779,-78.19555,-76.37115,-81.274956,-75.82275,-73.03467,-68.66013,-78.71583,-77.49077,-79.25104,-73.529465,-66.81523
9242.034772867011,13.919047674442332,8.162701073173913,0.0,-78.51155,-75.69201,-78.26749,-80.32974,-75.27407,-71.522804,-63.460213,-79.81949,-75.43618,-76.967094,-72.90005,-67.57263
9245.354469265312,14.33861720814896,8.864750218950405,0.0,-78.59061,-75.13897,-77.58973,-79.44326,-75.11811,-69.15079,-59.935677,-79.11052,-73.472496,-75.72458,-72.88412,-68.130135
9248.674165663611,14.817376879977871,9.665839887378858,0.0,-78.88011,-77.0126,-76.925606,-77.82563,-74.69949,-69.05905,-58.935806,-77.861694,-72.54401,-76.402794,-72.97085,-69.09692
9251.99386206191,15.250693010587277,10.390890671352652,0.0,-80.797264,-79.47724,-76.90968,-75.9093,-73.767006,-66.6457,-62.094826,-74.4684,-75.82988,-78.22408,-71.83993,-69.80254
9255.31355846021,15.852519827728218,11.397903738165583,0.0,-82.22461,-80.917564,-79.132515,-75.145996,-72.61485,-64.97854,-65.63772,-72.84483,-76.86824,-77.856895,-70.15575,-70.66512
9258.633254858509,16.43111917764207,12.366051200554695,0.0,-79.67963,-80.53801,-84.97716,-77.38631,-70.09542,-65.452965,-67.95271,-74.92702,-77.29208,-76.70076,-69.23321,-71.657524
9261.952951256808,16.888711771872977,13.131722833228778,0.0,-77.96264,-79.67796,-85.06821,-79.211525,-70.16427,-67.73466,-70.29477,-76.85432,-78.77332,-77.051315,-68.44236,-72.56765
9265.272647655109,17.393385194649394,13.9761729586376,0.0,-77.46989,-78.50235,-82.54475,-80.9851,-72.50328,-71.66885,-74.95739,-78.845,-79.64612,-78.14592,-68.224655,-73.42428
9268.592344053406,17.951366926710698,14.909821774584358,0.0,-79.77936,-76.70679,-78.64367,-81.51496,-78.02561,-77.593994,-77.40817,-79.767586,-77.55512,-79.660774,-70.61586,-74.730576
9271.912040451703,18.580831694012943,15.963080332890303,0.0,-82.04934,-74.69613,-76.19824,-81.10779,-77.9003,-78.67695,-76.33694,-79.92031,-77.53689,-80.2316,-72.48825,-76.211624
9275.231736850004,19.494650785718715,15.385969542773148,0.0,-79.04379,-76.71106,-78.43314,-83.720566,-74.21629,-77.928055,-79.59421,-80.95344,-77.57656,-78.35916,-72.287766,-81.53726
9278.551433248304,19.564574244509338,16.272784813140763,0.0,-81.44814,-74.52355,-75.84039,-82.92988,-74.52854,-80.138885,-77.12833,-80.81276,-76.65236,-78.82658,-72.82919,-79.55879
9281.871129646604,19.580000766231677,15.187345685750731,0.0,-78.56871,-77.35916,-79.26147,-84.0627,-73.66086,-76.551414,-80.02491,-81.05249,-78.11575,-77.98333,-72.10949,-82.22542
9285.190826044902,19.590726319705343,14.432675539571507,0.0,-78.3852,-78.049255,-82.46624,-83.835625,-72.79266,-72.1426,-79.20625,-81.43914,-79.59883,-77.697426,-71.92641,-80.89555
9288.5105224432,19.60535642970521,13.403273441178673,0.0,-78.77503,-78.06854,-83.9093,-82.872925,-72.94775,-69.678024,-74.20745,-80.37255,-82.234184,-77.631355,-73.19811,-78.485794
9291.8302188415,19.619737779484154,12.391374580520834,0.0,-80.33589,-78.41249,-82.19216,-81.77955,-74.04838,-69.926186,-70.33253,-78.46707,-80.95666,-79.39711,-76.96077,-76.7262
9295.1499152398,19.63331545781337,11.436023556945,0.0,-82.28995,-77.52474,-82.55502,-82.335,-74.605034,-73.49186,-68.81162,-76.79122,-73.83468,-81.23086,-78.780266,-75.81502
9298.469611638098,19.64567523103772,10.566366630721278,0.0,-82.64056,-75.19397,-82.28561,-79.56864,-74.115555,-77.44554,-68.69195,-75.504776,-72.738304,-83.37169,-78.869865,-74.01845
9301.789308036396,18.66702909381876,10.107920753711843,0.0,-80.86685,-76.07885,-81.34769,-79.994576,-72.406746,-73.35845,-67.44158,-74.305504,-72.988174,-81.38234,-78.55544,-72.3959
9305.109004434697,17.78479785446569,9.694640346352667,0.0,-80.03523,-76.853264,-82.186264,-81.126656,-72.11035,-71.62849,-65.324295,-72.77846,-73.47997,-79.57903,-77.575676,-71.28885
9308.428700832996,16.85354712603143,9.258396804712651,0.0,-79.521,-78.059685,-83.25098,-82.462135,-73.731514,-71.16926,-62.44033,-75.05871,-73.21587,-77.58049,-74.82276,-70.46158
9311.748397231297,16.138268354419537,8.923325126312438,0.0,-78.30964,-78.639824,-84.17111,-83.34762,-74.917076,-70.468056,-57.80632,-77.94305,-74.32266,-76.416306,-73.39968,-69.9358
9315.068093629594,15.354210696281026,8.556034042190118,0.0,-78.380104,-77.89526,-83.81733,-83.85205,-75.78952,-71.160126,-56.55627,-79.273766,-75.29436,-75.99378,-72.65096,-69.033264
9318.387790027891,14.454596617442512,8.134610659765954,0.0,-78.81674,-76.83224,-80.3768,-82.18764,-75.778046,-71.824684,-61.09991,-79.90979,-76.06088,-76.889465,-72.79426,-67.8954
9321.707486426192,13.617316978136095,7.742387787835185,0.0,-79.498695,-76.513374,-78.21574,-80.624016,-75.41417,-72.12233,-65.07524,-79.49132,-76.715546,-77.600235,-73.15827,-67.53149
9325.027182824491,12.739148052914176,7.331010367770101,0.0,-79.56919,-76.68489,-77.11838,-79.395645,-75.33441,-72.30215,-69.145386,-77.33411,-77.61772,-76.62781,-74.051956,-68.562294
9328.34687922279,11.82879918575524,6.904558283694848,0.0,-76.32438,-75.89697,-75.38777,-79.51283,-75.92075,-71.6169,-69.28123,-73.58473,-77.71266,-76.080185,-75.209694,-69.129654
9331.66657562109,11.087651971197324,6.55736855714399,0.0,-73.31557,-73.823654,-77.859886,-78.76384,-77.18608,-72.521385,-67.16177,-71.392715,-77.19938,-72.74336,-81.192726,-69.581085
9334.986272019389,10.381719389241807,6.226675092636173,0.0,-71.87709,-72.892914,-78.90049,-77.58759,-77.95945,-73.1798,-66.53041,-69.558815,-77.26534,-71.693855,-84.12983,-70.19253
9338.305968417688,9.35292348020524,5.744736601444373,0.0,-71.78182,-73.07934,-80.47251,-76.102646,-77.53666,-74.73977,-66.1605,-71.993744,-72.585434,-71.52969,-81.69879,-71.14136
9341.625664815989,8.398360493675838,5.297572454080753,0.0,-71.24908,-74.39341,-83.54485,-76.593,-76.92853,-77.033264,-66.09223,-71.338905,-65.27785,-72.69049,-79.87034,-72.98196
9344.945361214286,7.564536667413741,4.906968454571416,0.0,-70.17221,-75.67624,-83.671684,-79.44685,-78.02112,-78.52844,-65.97618,-73.03312,-64.105446,-77.35469,-79.59717,-74.40929
9348.265057612583,6.688873627312287,4.496764914071219,0.0,-68.508095,-76.33436,-80.31287,-80.3658,-77.45908,-78.19958,-68.02215,-74.44464,-64.04315,-79.79325,-80.9543,-76.9834
9351.584754010884,5.996220800836918,4.172292338724491,0.0,-67.01266,-76.06518,-76.05959,-80.153656,-78.9464,-78.51763,-70.40475,-75.80815,-65.238914,-81.3149,-82.20196,-78.69823
9354.904450409183,5.067548164711285,3.737256502039812,0.0,-65.629234,-75.35279,-76.11483,-80.34759,-79.8933,-80.14269,-69.10997,-76.22608,-66.781006,-79.71183,-82.672905,-76.982
9358.224146807484,4.171967537332916,3.3177225862182294,0.0,-65.32727,-71.848015,-76.58131,-80.68077,-80.48474,-81.76304,-67.44201,-74.42742,-69.43657,-75.46425,-84.81048,-75.514435
9361.543843205782,3.447856915669196,2.978513635837221,0.0,-65.732376,-70.17707,-75.29513,-79.748344,-80.47895,-81.379326,-68.226616,-74.71437,-70.817116,-74.4692,-87.96479,-75.94349
9364.86353960408,2.7355373775012155,2.644828207604329,0.0,-66.91124,-69.9673,-74.14756,-78.291534,-79.54595,-80.12408,-71.59587,-74.390335,-71.433205,-74.11664,-94.07106,-79.01533
9368.18323600238,1.687866200582138,2.154047614646538,0.0,-68.3682,-70.18193,-75.1685,-77.55719,-78.24462,-78.59645,-73.286736,-75.74653,-72.3725,-73.33066,-95.94544,-81.08523
9371.50293240068,2.142735588786908,2.952414701547835,0.0,-67.187325,-69.821754,-74.74629,-78.46978,-79.967476,-79.56162,-72.395065,-74.79303,-71.29299,-74.05398,-94.42157,-79.063675
9374.822628798978,2.7182826705029,3.962590059396461,0.0,-65.705154,-65.36194,-74.373245,-80.012764,-81.757095,-80.37373,-70.45348,-75.186646,-68.15939,-74.88491,-86.55888,-75.01252
9378.142325197276,3.3245769547669024,5.026731578004993,0.0,-65.81984,-64.78849,-72.99593,-77.20593,-81.30697,-78.17445,-73.41426,-76.31794,-66.44745,-73.69268,-83.82587,-75.17029
9381.462021595577,3.840817163010703,5.932814075276459,0.0,-66.52331,-65.57526,-72.66548,-77.26756,-77.58841,-75.40158,-75.79993,-77.18006,-65.766335,-65.42495,-84.82004,-74.583405
9384.781717993876,4.444681175229382,6.992690085447813,0.0,-67.226494,-67.16412,-76.53553,-77.49081,-79.46742,-76.38194,-74.718346,-76.71816,-62.11863,-62.43111,-87.224365,-75.0744
9388.101414392177,4.812884952067551,7.638945437694138,0.0,-67.24349,-67.42915,-76.82618,-75.17941,-74.55144,-76.871284,-74.339165,-76.05325,-61.148064,-62.080006,-85.70377,-78.41498
9391.421110790474,5.224116423669432,8.360721139771345,0.0,-65.7797,-68.589966,-74.19257,-70.62184,-68.956184,-76.90681,-73.58584,-74.92235,-61.33693,-62.27909,-82.42868,-80.926056
9394.740807188771,5.77630234749674,9.329894003159223,0.0,-65.7981,-70.94585,-71.78155,-69.78749,-70.339165,-77.12842,-72.915924,-74.51505,-61.590633,-60.837624,-86.18229,-81.07934
9398.060503587072,6.373541682888311,10.378142666937814,0.0,-71.14256,-72.71747,-68.34101,-69.842415,-72.13277,-77.04464,-72.15984,-76.655556,-64.14351,-58.181187,-90.41057,-79.59494
9401.380199985371,6.833670258288613,11.185740451858464,0.0,-73.2147,-73.10055,-68.04172,-68.829025,-71.790794,-76.53441,-72.702484,-79.861664,-66.30091,-57.98109,-83.18927,-79.43371
9404.69989638367,7.220004514267634,11.863817637341214,0.0,-74.77966,-73.95221,-69.61852,-69.21483,-68.768036,-74.341156,-73.326225,-80.510414,-68.0104,-58.526592,-78.461975,-81.37558
9408.01959278197,7.77737845242444,12.842096279210669,0.0,-75.42231,-77.73774,-70.134964,-68.147354,-65.742195,-72.50764,-77.42842,-80.28949,-69.53422,-60.474182,-73.97873,-84.180305
9411.339289180269,8.355646007932538,13.857046495057473,0.0,-76.92597,-80.26522,-70.27803,-65.11119,-65.2446,-72.41216,-75.38624,-79.67198,-70.54699,-62.816624,-74.04565,-81.43384
9414.658985578568,8.97176491116102,14.938431760169903,0.0,-79.48125,-81.835976,-70.61397,-64.2414,-66.93205,-72.20242,-74.89094,-79.73208,-71.162224,-65.8136,-74.489136,-79.26635
9417.978681976869,9.567356375026,15.983788151079867,0.0,-80.78343,-81.25615,-71.836754,-66.31763,-69.21548,-73.310425,-74.2523,-80.8055,-74.84029,-67.26136,-75.051094,-79.52133
9421.298378375166,8.502356618688363,15.444197579036658,0.0,-79.95856,-80.56211,-70.29959,-62.243626,-70.906075,-71.99959,-73.382645,-76.047516,-73.459595,-66.33718,-74.19743,-77.22731
9424.618074773463,7.61179361453822,14.992986770780332,0.0,-79.361176,-79.822754,-69.83484,-61.61184,-71.95861,-72.52159,-72.67827,-73.276886,-72.23929,-66.4792,-73.436905,-76.19705
9427.937771171764,6.798833809030136,14.581094238512772,0.0,-78.390915,-79.18312,-69.64963,-62.766747,-74.17683,-73.29823,-72.064804,-73.55769,-72.43447,-68.54694,-73.46426,-78.45645
9431.257467570063,6.073424172936976,14.213559693855965,0.0,-76.80005,-76.53579,-69.99494,-63.76819,-77.09803,-74.35003,-73.88601,-74.0811,-73.01489,-73.417534,-74.76356,-81.61515
9434.577163968364,5.31812653683848,13.830882156983304,0.0,-76.994804,-72.62472,-70.36278,-64.40266,-77.88099,-76.12531,-75.70939,-74.45096,-72.482216,-74.04813,-77.2223,-83.30178
9437.896860366662,4.569378710535594,13.451523133183867,0.0,-77.46817,-72.0342,-70.09076,-64.896675,-77.6202,-76.64968,-77.3003,-75.60054,-70.81979,-73.6153,-79.51115,-83.98982
9441.21655676496,3.75947841607606,13.041180726451111,0.0,-79.29289,-72.804405,-66.72072,-65.87927,-77.06725,-76.95154,-78.936646,-78.98144,-71.2735,-76.0245,-81.90269,-84.555885
9444.53625316326,2.927415052723311,12.6196092251095,0.0,-82.131165,-75.28839,-64.03283,-67.08227,-76.24098,-76.791336,-80.71333,-82.559784,-71.700195,-78.415924,-78.45683,-83.59143
9447.85594956156,1.897515836345576,12.097802619985796,0.0,-78.3034,-72.164345,-64.304115,-67.93448,-73.076614,-77.89069,-76.99729,-84.41072,-70.997345,-80.07394,-85.888084,-79.256905
9451.175645959858,1.1782630159105545,12.979014753458854,0.0,-75.54471,-69.41838,-65.37992,-65.34604,-73.58842,-79.01934,-82.9354,-85.357666,-71.42586,-78.64492,-84.1976,-81.523994
9454.495342358156,1.9896297559278564,12.312856008690597,0.0,-78.599976,-73.02774,-64.07567,-67.56439,-74.13546,-77.29362,-79.49278,-84.57214,-71.10979,-79.805595,-84.67851,-80.393074
9457.815038756456,2.671693478243069,11.752859288711935,0.0,-78.98452,-69.981735,-65.087875,-68.72985,-74.22148,-78.806526,-74.48336,-83.239006,-69.689064,-81.23991,-85.57328,-79.27283
9461.134735154756,3.2458397723213923,11.28146632211288,0.0,-76.13352,-67.76813,-66.27879,-70.442276,-75.43134,-80.91423,-73.281296,-81.118286,-67.75391,-80.42218,-83.54562,-78.857994
9464.454431553057,4.182173262421913,10.512705770704844,0.0,-67.03165,-66.746826,-67.912476,-73.544205,-78.384674,-82.52233,-73.119415,-78.87292,-64.14894,-69.87137,-82.96453,-80.11573
9467.774127951354,5.0974424266795975,9.761239722720196,0.0,-66.27272,-69.06389,-70.15978,-72.293755,-74.239494,-80.44017,-72.255775,-76.009995,-61.84685,-61.82862,-84.227875,-81.63985
9471.093824349651,5.975137789711009,9.040622999740576,0.0,-66.19559,-70.839615,-72.35266,-69.25541,-70.36791,-76.3446,-73.47112,-74.18387,-61.835983,-61.418518,-86.52346,-80.50495
9474.413520747952,6.82360474707694,8.344003757886789,0.0,-68.193565,-71.13149,-74.29147,-68.22815,-71.3249,-75.16893,-73.3829,-73.408356,-63.77361,-66.937805,-88.52657,-77.468155
9477.733217146251,7.763086925527562,7.572658029917378,0.0,-70.78938,-69.680534,-79.993805,-69.81331,-71.50745,-75.49574,-69.659584,-72.381256,-61.85303,-69.597435,-85.285484,-74.68644
9481.05291354455,8.420567193429479,7.032845133512359,0.0,-71.93601,-69.624306,-81.14369,-72.01028,-71.494064,-76.04152,-67.479256,-71.57885,-61.274334,-70.25743,-81.98,-72.39883
9484.37260994285,9.32244120187048,6.292376948448029,0.0,-71.70518,-71.848076,-80.832306,-75.0116,-76.21959,-74.83903,-66.48807,-70.78127,-71.41984,-70.659325,-82.75366,-71.171814
9487.692306341149,10.254942739162123,5.5267625561654175,0.0,-71.92965,-73.58831,-77.48702,-77.62837,-79.42841,-72.99941,-66.07679,-71.89618,-77.06115,-73.37732,-83.8882,-69.50911
9491.012002739448,11.10792097397713,4.826439407342616,0.0,-72.54967,-73.78619,-76.33859,-77.83641,-79.19,-72.52942,-66.09313,-73.24781,-74.834465,-73.06511,-83.29042,-67.839516
9494.331699137749,11.809835538387162,4.250144493957365,0.0,-72.91118,-73.297226,-75.73529,-77.24509,-78.92604,-72.52712,-65.65482,-70.784515,-73.54166,-73.53419,-83.59373,-61.156837
9497.651395536046,12.434790991779147,3.737035538617633,0.0,-72.79261,-72.84773,-74.953224,-76.93503,-79.3508,-73.64506,-65.46259,-67.899414,-73.49769,-74.59478,-83.88141,-57.54212
9500.971091934343,13.390607584098952,2.9522787203200846,0.0,-73.66132,-72.96366,-75.182495,-75.872955,-81.30216,-76.778595,-65.9265,-66.409584,-74.08707,-77.52017,-83.033516,-62.322224
9504.290788332644,14.244658604477078,2.251074779311844,0.0,-74.09685,-73.44574,-75.75392,-76.24295,-81.70955,-76.88476,-66.82524,-66.4128,-76.618774,-81.6374,-81.0179,-67.8048
9507.610484730943,15.02789481518203,1.6080121231212163,0.0,-76.541405,-73.202225,-76.487785,-77.97955,-81.05093,-76.38781,-62.837734,-67.67131,-79.22322,-83.258064,-80.24406,-72.715416
9510.930181129244,13.983749208898631,1.4535715295590217,0.0,-76.80247,-71.85784,-75.93347,-75.82046,-80.819565,-76.54039,-65.24558,-64.80133,-76.89568,-81.95608,-79.84597,-65.86699
9514.249877527542,13.248111543013174,1.344762645929796,0.0,-76.47398,-71.87168,-76.36624,-75.806274,-81.01585,-77.83754,-66.648,-63.279152,-75.47168,-80.570335,-80.3022,-62.738636
9517.56957392584,12.128008931848454,1.1790871777979204,0.0,-73.74665,-72.95458,-79.18989,-76.01678,-81.04792,-78.49145,-66.020424,-62.765476,-74.768684,-80.378456,-82.13647,-62.824993
9520.88927032414,11.188739989397606,1.0401589937269415,0.0,-70.55074,-73.87574,-83.76537,-76.14836,-80.92197,-78.9257,-65.83484,-63.34512,-75.07458,-79.700645,-83.037544,-64.78993
9524.20896672244,10.265926201942063,1.087642857319044,0.0,-69.27818,-73.61983,-85.38044,-76.170845,-77.52857,-80.33443,-65.677444,-64.36729,-74.77588,-78.472824,-83.032295,-66.271164
9527.528663120738,9.025819954369949,1.151453169540095,0.0,-66.80389,-72.79014,-83.08241,-74.67563,-73.136,-81.16341,-70.194374,-65.345726,-74.62512,-78.371346,-84.90011,-68.94203
9530.848359519036,8.014376413072936,1.2034975232319542,0.0,-61.824177,-72.25312,-80.71494,-73.765305,-72.696915,-80.74305,-71.0319,-66.27289,-73.8073,-77.39686,-87.272575,-72.16578
9534.168055917336,7.094298957211216,1.2508405874581283,0.0,-59.90964,-72.036545,-79.35063,-75.56335,-75.24448,-80.630806,-70.46998,-66.43409,-76.13292,-76.158005,-87.4619,-72.783226
9537.487752315636,5.886754465422099,1.3129754175928283,0.0,-60.12801,-72.59852,-78.23241,-80.98263,-78.412575,-82.56893,-66.51596,-71.14845,-77.4858,-76.005486,-87.44349,-74.75166
9540.807448713937,5.060190936282683,1.355506674062329,0.0,-61.25485,-72.65052,-77.42648,-81.37036,-79.04902,-84.04452,-66.180695,-73.28911,-77.135666,-74.8905,-87.84245,-75.405
9544.127145112234,3.994144934953216,1.4103606257459167,0.0,-63.847668,-72.1118,-75.775734,-78.04467,-79.0585,-82.87562,-70.11424,-75.05081,-75.21991,-74.47118,-91.42966,-76.11467
9547.446841510531,3.072381074976668,1.457790464773289,0.0,-67.02711,-71.57703,-74.366295,-77.14423,-78.125084,-80.19115,-72.812874,-75.21365,-74.01469,-74.52428,-94.53642,-80.10645
9550.766537908832,2.270339215630924,1.4990599459644385,0.0,-67.79074,-71.70147,-74.234795,-76.65096,-77.77926,-78.7739,-73.37735,-76.40695,-73.37318,-74.8138,-96.02726,-80.377
9554.086234307131,1.172384643476467,1.555555769762497,0.0,-70.30578,-72.12614,-75.259026,-76.73483,-78.256294,-78.537254,-72.63043,-86.265045,-73.18062,-76.85301,-93.432014,-81.69213
9557.40593070543,1.7901771225318934,2.6008010215719968,0.0,-68.2284,-70.067955,-75.13213,-78.038605,-79.0131,-78.95333,-73.11964,-75.02605,-72.12297,-73.42998,-95.761826,-80.16474
9560.72562710373,2.1697099078364257,3.242933865843812,0.0,-66.805305,-69.71226,-75.20612,-78.88813,-80.7663,-79.725655,-72.29433,-74.905785,-70.30686,-74.28172,-92.66411,-78.331375
9564.045323502029,2.667649965246909,4.085400387109706,0.0,-65.679344,-64.63781,-74.21592,-80.068756,-81.89054,-80.277756,-70.845406,-75.26686,-68.03016,-74.945465,-86.240105,-74.98562
9567.365019900328,3.295816664099536,5.148197817606831,0.0,-65.9316,-64.34402,-72.67359,-77.05674,-81.10813,-77.70496,-74.08214,-76.430786,-66.47352,-71.75489,-83.87804,-75.19193
9570.684716298629,3.782485755897861,5.971594952810548,0.0,-66.408226,-65.07364,-72.63727,-77.19553,-77.53052,-75.304276,-76.040955,-77.167336,-65.836075,-65.37707,-84.54852,-74.633545
9574.004412696926,4.197144041664451,6.67315675392485,0.0,-66.43709,-66.116455,-75.19153,-77.35061,-78.51582,-75.97671,-75.43574,-76.98144,-63.30692,-63.178864,-86.486015,-74.072464
9577.324109095223,4.696820327355884,7.518560805879844,0.0,-67.15118,-67.18505,-77.01941,-76.0879,-75.99346,-76.8624,-74.34243,-76.25095,-61.3465,-62.122726,-86.0222,-77.928696
9580.643805493524,5.158182995847723,8.299141915155522,0.0,-65.922966,-68.43275,-74.45198,-70.83914,-69.20707,-76.87745,-73.6112,-75.06408,-61.308605,-62.191437,-82.59022,-80.97039
9583.963501891823,5.564785413838686,8.987073965460047,0.0,-65.495636,-69.15822,-72.4868,-70.04961,-69.72554,-76.93641,-73.17872,-74.44802,-61.52576,-61.77253,-84.03105,-81.581924
9587.283198290124,6.056504560000126,9.819015305268676,0.0,-67.16804,-72.6114,-70.3074,-69.61399,-71.72223,-77.07125,-72.38702,-75.42413,-62.411003,-59.100815,-88.76419,-80.48539
9590.602894688422,6.438795201032568,10.465814175273245,0.0,-71.56078,-72.72071,-68.073784,-69.80278,-72.118324,-76.99367,-72.23619,-76.91277,-64.47613,-58.10324,-90.21007,-79.25839
9593.92259108672,6.964607437375343,11.355437733366628,0.0,-73.43985,-73.236465,-68.25756,-68.75874,-71.22772,-76.08106,-72.72061,-80.25154,-66.720375,-57.97642,-81.16637,-79.57212
9597.24228748502,7.522703417222784,12.299682269786718,0.0,-75.105125,-75.46244,-70.43542,-69.113174,-66.77833,-73.071,-74.69854,-80.40839,-68.9241,-58.990902,-75.88846,-82.775536
9600.56198388332,8.033743791859333,13.164313263495975,0.0,-75.88814,-78.69223,-70.00605,-67.342026,-65.594696,-72.3499,-77.77727,-80.698875,-69.97634,-61.235004,-73.86903,-84.21511
9603.881680281618,8.434281951981701,13.841985174744444,0.0,-76.81663,-80.18355,-70.32693,-65.31639,-65.161316,-72.357765,-75.26189,-79.88154,-70.65766,-62.788433,-74.121574,-81.65149
9607.201376679915,9.038017295468793,14.863447109817375,0.0,-79.252396,-81.902214,-70.65164,-64.47602,-66.48229,-72.24891,-75.168495,-80.13392,-71.22693,-65.58858,-74.55199,-79.63873
9610.521073078216,9.64881563321673,15.896858949534655,0.0,-80.66886,-81.28014,-71.83468,-66.517555,-68.64714,-73.32163,-74.52455,-81.29043,-74.73041,-67.21587,-75.10944,-79.82151
9613.840769476516,10.812974965712504,15.499087342077049,0.0,-79.95298,-81.13384,-72.95837,-69.07577,-64.16736,-73.55739,-75.3678,-83.63599,-75.35132,-68.611626,-74.55589,-81.21424
9617.160465874817,11.553843864451474,15.245946208779626,0.0,-79.91149,-81.00185,-76.230354,-71.6816,-64.13619,-72.5355,-73.456154,-81.92556,-78.264244,-70.758575,-70.45732,-79.792
9620.480162273114,12.508735090195724,14.919677624051484,0.0,-79.03545,-80.02261,-74.28809,-76.50657,-65.58732,-67.82573,-72.45326,-81.17347,-79.24632,-70.47246,-62.982517,-77.21075
9623.799858671411,13.271837334668046,14.658939769734303,0.0,-78.59814,-78.45322,-73.386154,-75.89192,-64.831375,-66.1693,-70.926994,-82.34428,-77.298294,-71.26165,-62.895008,-76.12275
9627.119555069712,14.293046606751432,14.310011541124586,0.0,-79.5584,-78.49724,-74.81075,-76.170204,-64.18159,-64.10569,-68.280525,-82.86217,-77.08268,-72.58387,-65.91147,-75.59264
9630.439251468011,15.372150472736417,13.94130180577732,0.0,-78.24001,-80.97309,-78.59458,-79.08414,-67.482475,-62.31673,-66.39752,-80.091064,-74.62391,-75.47107,-66.3283,-71.6513
9633.75894786631,16.33450760829293,13.612482258423816,0.0,-76.03606,-80.28591,-82.91154,-80.23952,-70.59368,-66.657425,-67.465576,-77.66856,-76.348946,-77.60504,-66.46488,-71.55647
9637.07864426461,17.475127627332157,13.222753596884948,0.0,-77.99044,-78.5559,-85.31035,-80.12195,-70.25225,-69.969955,-75.4095,-77.48004,-80.45398,-76.71813,-70.03662,-73.72895
9640.398340662909,18.64239466102409,12.82392014568672,0.0,-78.37774,-78.06342,-84.49249,-82.25433,-71.00291,-70.06778,-74.1915,-77.66605,-81.769005,-77.12319,-73.19751,-76.139534
9643.718037061208,19.58085605483009,12.107878768288431,0.0,-80.88183,-78.49345,-82.09109,-81.8957,-74.168,-70.55699,-69.71097,-77.89325,-78.8539,-79.81921,-77.77011,-76.42278
9647.037733459509,18.726180543126297,11.456689331472626,0.0,-81.1567,-79.64665,-82.602165,-82.088295,-72.68975,-70.58085,-69.50471,-76.28501,-74.91923,-79.675934,-78.40787,-75.143105
9650.357429857806,17.769256410885507,10.727595215382756,0.0,-81.96721,-80.113396,-83.13975,-82.38043,-73.17478,-70.572945,-67.331604,-74.68593,-71.71071,-78.8541,-78.42722,-72.94048
9653.677126256103,16.94237324308645,10.09758116095159,0.0,-82.21014,-79.91801,-83.45025,-82.845856,-74.04695,-69.67693,-65.28202,-73.21154,-72.26899,-77.25688,-75.404625,-71.193405
9656.996822654404,16.094270121163767,9.451399321453696,0.0,-80.679085,-78.5382,-84.465904,-83.25685,-75.25379,-69.3051,-60.170856,-76.408646,-73.69939,-75.722824,-73.43951,-70.2409
9660.316519052703,15.203051892956864,8.772367468828007,0.0,-78.777885,-77.27603,-82.58175,-83.406265,-76.0733,-71.16841,-56.837307,-79.06612,-74.98169,-75.49675,-72.68517,-68.90227
9663.636215451002,14.384639721779097,8.148807587288829,0.0,-78.78437,-76.65784,-80.07873,-81.87772,-75.71952,-71.878815,-61.37989,-79.9149,-75.96234,-76.83217,-72.7922,-67.85428
9666.955911849302,13.55886845444502,7.519640705647418,0.0,-80.37289,-77.16286,-77.850815,-81.02252,-75.56171,-72.432625,-66.19795,-79.03506,-77.098816,-78.38268,-73.27006,-67.15454
9670.2756082476,12.640902339833463,6.8202292576719845,0.0,-81.446175,-78.2391,-75.29074,-80.40791,-76.03352,-72.91489,-71.251045,-77.10322,-78.10726,-77.9617,-74.27396,-68.28667
9673.5953046459,11.986895834321537,6.3219323927610045,0.0,-77.35558,-75.85163,-74.27782,-80.148674,-77.5687,-71.962906,-68.15573,-74.349144,-78.202385,-76.79319,-76.78346,-68.756226
9676.9150010442,11.174439098509666,5.702910042189786,0.0,-73.36106,-73.400795,-76.039536,-79.68409,-78.924065,-72.5574,-66.71062,-72.980446,-77.19204,-74.665146,-83.13847,-68.82622
9680.234697442498,10.398531706685803,5.111735157003521,0.0,-71.9599,-74.16387,-77.05938,-77.19932,-79.4241,-72.78645,-65.98087,-72.61258,-76.21555,-72.59604,-83.427376,-69.15385
9683.554393840795,9.608403802686707,4.509725461192853,0.0,-69.65673,-74.28784,-80.233444,-76.24087,-78.608055,-73.035126,-65.48429,-71.53863,-73.96835,-72.219086,-82.41302,-70.44962
9686.874090239096,8.635639368773893,3.768562393806793,0.0,-64.525856,-73.01111,-82.82578,-77.34482,-77.70004,-74.64092,-65.45998,-69.388756,-70.91187,-76.23145,-81.80788,-72.67494
9690.193786637396,7.666433183309988,3.030110406557892,0.0,-59.693188,-71.32749,-81.2056,-78.63029,-77.74257,-74.01788,-69.99414,-67.52141,-69.89967,-77.32825,-83.360504,-73.2775
9693.513483035696,7.051139152071043,2.561309126783448,0.0,-58.54593,-70.54168,-79.04077,-78.17237,-77.851395,-74.58234,-72.42198,-66.579956,-70.65597,-77.78592,-88.027145,-73.95939
9696.833179433994,6.3315700808144175,2.013059209890929,0.0,-57.584732,-71.55657,-78.23094,-79.45617,-78.73308,-79.00871,-67.93054,-67.469,-74.897705,-76.720375,-88.44961,-74.514336
9700.152875832291,5.69811098088307,1.5304177057394623,0.0,-59.46747,-72.595314,-77.89656,-81.44918,-78.75382,-83.10703,-65.572296,-70.71141,-77.06349,-75.43653,-87.34303,-74.91872
9703.472572230592,4.964285253017551,2.412536754254885,0.0,-61.094227,-71.96537,-77.47591,-80.72682,-79.90994,-85.20927,-64.64233,-71.242226,-74.413055,-74.659546,-86.33867,-75.22647
9706.792268628891,4.183510994330407,3.35109180898398,0.0,-65.33327,-71.91675,-76.55819,-80.70956,-80.47241,-81.74664,-67.52561,-74.53666,-69.258446,-75.651695,-84.7035,-75.52989
9710.11196502719,3.4272001694545997,4.260239798605333,0.0,-65.05474,-66.944214,-74.42025,-79.45216,-81.77891,-80.446495,-70.46809,-75.45877,-67.046295,-76.069435,-83.95087,-75.05251
9713.43166142549,2.6248822485963945,5.224692112117042,0.0,-65.72816,-62.51528,-72.71203,-76.65674,-81.364105,-77.61222,-75.67748,-76.472916,-67.4189,-71.935524,-84.26537,-74.91852
9716.751357823789,1.9770599145904664,6.003427987925795,0.0,-65.77393,-58.253307,-71.92138,-74.95653,-78.835106,-75.2756,-81.08844,-76.505325,-67.803696,-68.078545,-83.89794,-78.24545
9720.071054222088,1.3611819723707494,6.743764070135296,0.0,-66.64619,-56.553932,-71.641266,-73.013885,-77.45485,-75.258026,-78.87947,-75.7786,-69.441795,-67.07826,-85.50628,-80.04596
9723.390750620389,2.253592708134532,7.390179265940555,0.0,-65.52566,-59.254112,-71.17372,-74.912636,-76.13901,-76.2852,-77.06803,-76.692474,-68.19549,-63.968147,-81.53257,-80.73729
9726.710447018686,3.194662932561394,8.071840824918493,0.0,-63.935123,-63.885838,-76.73693,-76.34909,-79.54686,-78.11175,-72.00503,-76.68983,-65.56821,-62.424763,-81.06345,-82.035034
9730.030143416983,4.138676329470083,8.755634262570549,0.0,-64.740746,-66.63462,-74.15922,-73.79612,-76.92499,-78.25248,-72.15845,-76.1958,-62.450848,-63.607273,-79.851295,-82.90465
9733.349839815284,5.009248647971732,9.386230862515353,0.0,-65.72059,-68.371315,-71.4302,-71.63018,-72.127266,-78.72992,-72.49775,-75.46373,-61.67455,-61.982193,-82.25221,-82.22462
9736.669536213583,5.739680880314227,9.915317386881332,0.0,-67.127655,-72.31319,-69.68388,-70.798294,-72.3204,-78.13469,-72.21089,-75.58241,-61.9081,-59.952225,-87.844666,-81.0974
9739.989232611882,6.715555177933166,10.622189177970634,0.0,-72.42642,-72.588974,-68.04679,-68.776726,-71.89098,-76.521774,-72.10751,-77.56014,-65.6632,-57.543625,-87.26935,-77.97346
9743.308929010182,7.518741058924911,11.203974602240482,0.0,-73.46139,-72.52359,-69.047295,-67.26431,-71.03465,-74.73438,-70.94116,-80.24471,-68.261,-56.06759,-80.53016,-76.00551
9746.62862540848,8.300335967843179,11.77012066687336,0.0,-74.63683,-72.640755,-71.02518,-66.79535,-68.85549,-72.19015,-69.92549,-81.54776,-70.29505,-56.97405,-76.378334,-76.94766
9749.94832180678,8.969695992565079,12.254969710149942,0.0,-74.69246,-73.25884,-72.72872,-67.38366,-67.70667,-71.751526,-68.40655,-78.03786,-71.40721,-60.196304,-74.01346,-75.84342
9753.26801820508,9.879329777903123,12.913860373267212,0.0,-74.50862,-75.36691,-75.60723,-67.75828,-66.369514,-71.99142,-67.0747,-70.62449,-72.84823,-65.9615,-71.69804,-79.70018
9756.587714603378,10.568134027191707,13.412793785687782,0.0,-74.5162,-76.54236,-75.91108,-68.71197,-66.25724,-72.408264,-67.14945,-72.4609,-73.91283,-67.90993,-69.73575,-82.08787
9759.907411001675,11.355391955852609,13.983041842675838,0.0,-76.008064,-77.08966,-75.488235,-70.57518,-66.13521,-71.503075,-67.628426,-77.26326,-73.63012,-68.7066,-67.19195,-79.93672
9763.227107399976,12.054366930483944,14.48934239127086,0.0,-77.99473,-78.278404,-74.841125,-72.94888,-66.10891,-69.81903,-70.12878,-79.96488,-75.72917,-69.65878,-64.43542,-77.49913
9766.546803798276,12.785861400975568,15.019198344839833,0.0,-78.77906,-80.30892,-73.61395,-77.91522,-65.74219,-66.95976,-73.05008,-81.293015,-80.015076,-70.78086,-62.3812,-76.81076
9769.866500196576,13.648893016339857,15.644332857766068,0.0,-79.73532,-79.48673,-73.87578,-79.92858,-64.4809,-66.01853,-73.794495,-81.83187,-81.86531,-70.46092,-65.3264,-78.76208
9773.186196594874,14.624112298254053,16.35073019007975,0.0,-82.45829,-77.061066,-76.2854,-80.68517,-64.15274,-71.30438,-75.83357,-83.10028,-80.51889,-70.36462,-74.48209,-82.37235
9776.505892993173,14.44942837294176,15.283972714735164,0.0,-79.464874,-79.544754,-74.24683,-77.89403,-63.679443,-65.019066,-72.47652,-83.11258,-81.06343,-71.06303,-69.21626,-77.71544
9779.825589391472,14.24907309322617,14.060445753228771,0.0,-79.68707,-78.20993,-74.949585,-76.602554,-64.27666,-64.49061,-67.6619,-82.41513,-74.78252,-73.04505,-65.28757,-75.54536
9783.145285789771,14.126226542372711,13.310248067843904,0.0,-79.91766,-78.14773,-75.65188,-78.20272,-64.72472,-65.85354,-65.74243,-80.89505,-71.326004,-74.555855,-63.759655,-75.05837
9786.46498218807,13.983188549334038,12.436745551458923,0.0,-76.94373,-78.6908,-76.798195,-80.554665,-68.92837,-69.63382,-63.966324,-79.619064,-71.29171,-76.26022,-64.017235,-73.58048
9789.78467858637,13.83310174375066,11.520197440232169,0.0,-74.7556,-78.00256,-77.09218,-81.29445,-74.364,-71.46015,-62.599117,-78.41225,-72.16886,-75.90469,-67.94644,-71.298836
9793.104374984669,13.663307515884632,10.483300304318645,0.0,-75.10936,-75.89351,-73.75813,-78.67897,-75.07186,-70.3252,-61.74627,-78.20377,-71.5858,-76.06067,-72.43968,-70.0165
9796.424071382968,13.514700817921618,9.575790894652512,0.0,-75.21613,-73.29198,-72.24886,-77.06325,-74.53922,-67.09824,-61.992622,-78.31594,-70.74268,-75.43911,-72.809456,-68.84008
9799.743767781269,13.364116463586395,8.656204359315295,0.0,-75.464195,-72.96164,-74.276146,-77.570335,-74.31359,-67.1579,-64.24247,-78.62937,-70.91826,-74.93812,-72.84975,-68.138336
9803.063464179566,13.227822597080952,7.823886785283384,0.0,-78.61848,-75.57992,-77.28399,-79.072975,-75.06329,-71.323814,-65.74334,-78.63132,-75.98323,-76.36122,-73.4948,-67.89389
9806.383160577863,13.065292724836176,6.8313515198091554,0.0,-82.620735,-78.853294,-75.374374,-81.35937,-75.93883,-73.41153,-70.87122,-78.269554,-77.782265,-79.69038,-73.60984,-66.96398
9809.702856976164,12.89140543106201,5.769458903362565,0.0,-78.76043,-76.507614,-75.13064,-81.091286,-77.02711,-72.8145,-68.637215,-76.5113,-74.05781,-78.74596,-75.10158,-63.445026
9813.022553374463,12.689238961055857,4.534871389041831,0.0,-72.78933,-72.62454,-74.49415,-78.68525,-78.45213,-72.43806,-66.45893,-72.20933,-72.19461,-75.69558,-83.84345,-57.70853
9816.342249772762,12.56842561896779,3.797090075945021,0.0,-72.53646,-72.73568,-74.6398,-77.12775,-79.339165,-73.55623,-65.62989,-68.27309,-73.36163,-74.884735,-83.93401,-57.629967
9819.661946171062,12.424049753289289,2.915417456689715,0.0,-73.35787,-73.09417,-76.14038,-75.28569,-80.75195,-77.34343,-64.777695,-64.684044,-74.15177,-75.285835,-83.681656,-59.060364
9822.98164256936,12.249372613876467,1.848701421385915,0.0,-73.878235,-73.52101,-77.83341,-74.33567,-81.55393,-80.0997,-64.1504,-63.06826,-74.3888,-77.649216,-81.2446,-61.88188
9826.30133896766,11.442789724728254,1.219395750106295,0.0,-71.59045,-73.88926,-82.19548,-75.801254,-81.03915,-79.07047,-65.7955,-63.06852,-74.89899,-79.547554,-83.02947,-64.04298
9829.62103536596,11.983346409417662,1.7255791888167988,0.0,-73.41249,-73.73591,-78.96954,-74.64657,-81.33638,-79.99987,-64.55221,-63.04232,-74.362526,-77.91047,-81.22512,-62.122658
9832.940731764258,12.606573773874702,2.309176394021299,0.0,-73.48347,-73.19716,-76.21498,-74.445435,-81.691414,-79.931335,-64.35226,-63.82304,-74.3067,-76.39068,-82.55709,-61.53427
9836.260428162555,13.335355923472758,2.991616302735658,0.0,-73.57115,-72.94062,-75.18571,-75.8822,-81.279434,-76.5799,-65.85208,-66.45058,-73.94175,-77.370865,-83.15994,-61.773705
9839.580124560856,14.199255254815082,3.800581479976635,0.0,-73.34805,-73.477295,-76.74649,-77.87122,-79.41733,-74.75254,-67.96011,-69.2874,-74.69954,-78.72086,-81.46499,-67.11046
9842.899820959155,14.932439629348512,4.487143682279954,0.0,-77.536835,-78.38689,-78.15498,-78.17304,-77.16984,-73.367676,-69.793564,-70.67736,-75.46116,-80.74878,-74.729385,-69.55465
9846.219517357456,15.779742232356908,5.28056749400394,0.0,-78.83682,-81.86473,-79.04244,-78.72883,-76.10445,-70.72045,-66.60657,-69.90158,-77.35691,-79.9205,-76.18931,-70.36035
9849.539213755754,16.607321542023772,6.055522189113358,0.0,-79.537056,-82.727425,-78.97171,-79.0216,-75.68915,-71.796555,-55.551617,-70.15609,-80.619804,-77.660774,-78.367035,-69.85694
9852.858910154053,17.185394449886356,6.596836246667546,0.0,-81.37519,-82.592354,-78.09325,-78.62156,-75.49674,-72.04873,-44.905815,-71.07812,-81.671616,-76.62804,-78.7679,-70.05551
9856.178606552352,18.043456188418645,7.400335035486978,0.0,-80.544586,-79.81881,-76.85523,-78.60325,-75.37929,-71.33646,-51.102005,-72.85331,-79.94687,-76.92357,-76.48889,-71.14069
9859.498302950651,18.62982530369796,7.949417756194167,0.0,-79.512886,-76.75953,-75.96221,-78.85501,-75.13289,-71.28,-63.667713,-75.24854,-77.902885,-79.20725,-75.38461,-73.333725
9862.81799934895,19.36349997933545,8.636439082037878,0.0,-79.00437,-74.44277,-74.945335,-79.03495,-75.221054,-72.10942,-69.35564,-78.40171,-75.23844,-83.114784,-74.43482,-75.212326
9866.13769574725,18.80192696434622,9.172236385398946,0.0,-77.5915,-74.4606,-74.264946,-79.49708,-71.486336,-72.38379,-66.53837,-74.5132,-74.02818,-83.18214,-76.14158,-71.89213
9869.457392145549,18.11217459010955,9.830329727205958,0.0,-80.15533,-76.47332,-81.62881,-80.61989,-71.90343,-71.92798,-66.18159,-73.323654,-73.33311,-80.261894,-77.94598,-71.60842
9872.777088543848,17.47056281005716,10.442492086117303,0.0,-82.05869,-79.8974,-83.36701,-82.58481,-73.294876,-70.51944,-66.46876,-73.742645,-71.5813,-78.20435,-77.6461,-72.09641
9876.096784942149,16.613160487752143,11.260540389587431,0.0,-81.72467,-80.88642,-82.08918,-77.81794,-72.59006,-66.65023,-66.78497,-73.115005,-77.59666,-78.30111,-72.026596,-71.30062
9879.416481340446,16.036716779903706,11.810525833974518,0.0,-81.18442,-80.85703,-81.392395,-75.99001,-71.59514,-65.09899,-66.13078,-73.39725,-77.017975,-77.33281,-69.53303,-70.98003
9882.736177738743,15.162196321525604,12.64490656600107,0.0,-76.89258,-80.385956,-78.894005,-80.81705,-70.08533,-64.131424,-64.62318,-77.044304,-73.23448,-76.83309,-64.57722,-70.44663
9886.055874137044,14.31652820116114,13.451759257166067,0.0,-79.48786,-78.52341,-76.04236,-78.43512,-65.06369,-65.08522,-66.02591,-80.86089,-71.50214,-74.51174,-64.24358,-74.74075
9889.375570535343,13.431564762671414,14.296103645624664,0.0,-79.824715,-76.93513,-73.667465,-74.08547,-63.971443,-66.170746,-68.802635,-82.69858,-74.70848,-71.82555,-63.09537,-76.568115
9892.695266933642,12.631006536581909,15.059916947320623,0.0,-79.27393,-80.569595,-74.15652,-77.67954,-65.37286,-67.410385,-73.084236,-81.19892,-80.19739,-70.572495,-62.879265,-77.45281
9896.014963331942,11.76839772197596,15.882932769635762,0.0,-81.429,-80.16298,-77.04872,-72.81432,-62.99445,-73.78783,-73.276474,-82.570435,-81.23809,-70.59673,-72.26692,-79.99597
9899.33465973024,11.138991559981346,16.483449737713403,0.0,-82.036255,-79.93613,-74.99605,-71.91075,-65.36804,-73.87491,-75.037994,-83.34739,-80.12269,-69.3156,-75.253075,-80.01551
9902.65435612854,11.738261770896097,15.628696593871044,0.0,-80.75307,-80.58436,-76.61348,-72.58494,-63.36733,-73.376816,-73.19966,-82.26387,-80.62972,-70.73711,-71.415245,-79.87125
9905.97405252684,12.294417430838706,14.835438744334294,0.0,-78.87318,-79.769424,-74.78095,-74.97144,-65.56461,-68.60666,-71.933655,-81.12548,-78.49919,-70.121574,-64.20274,-77.54605
9909.293748925138,12.892052902452471,13.983017267461904,0.0,-79.974556,-76.33596,-73.4145,-72.332214,-64.85274,-68.024765,-67.46975,-81.74008,-73.49425,-71.32749,-61.108196,-76.06723
9912.613445323435,13.36342158819414,13.310693065944324,0.0,-82.32554,-76.16021,-74.163925,-72.86897,-63.011505,-68.05654,-65.47578,-81.960594,-71.05024,-73.33963,-61.301426,-77.11477
9915.933141721736,14.007315715544625,12.392291784468387,0.0,-76.60541,-78.81016,-76.86987,-80.74049,-69.387024,-69.798485,-63.910324,-79.51734,-71.32354,-76.32878,-64.13496,-73.39637
9919.252838120035,14.52175835623539,11.658530191704102,0.0,-77.34847,-78.62507,-77.62937,-79.2993,-73.728615,-68.4376,-63.392845,-76.62124,-73.448105,-76.22313,-67.408806,-69.80571
9922.572534518336,15.089282797538958,10.849056782920544,0.0,-81.02513,-79.28024,-76.23012,-74.65903,-73.71769,-65.997284,-63.55044,-73.44933,-75.06533,-77.99962,-70.91532,-69.707016
9925.892230916634,15.56990924829126,10.163528014241656,0.0,-81.52943,-79.63046,-78.62765,-78.394394,-74.20683,-66.84981,-62.4228,-74.77925,-74.97155,-77.42473,-72.305336,-70.20799
9929.211927314933,16.21246743229769,9.247032220060982,0.0,-79.57148,-78.63345,-84.8384,-83.36328,-74.95345,-69.725876,-59.445362,-76.752045,-73.838844,-75.83399,-73.5599,-70.148766
9932.531623713232,16.68978534991097,8.56622248972336,0.0,-77.46421,-78.645515,-78.0243,-82.29084,-73.350006,-70.073944,-58.13854,-77.16047,-74.3151,-78.84445,-73.92302,-70.21288
9935.851320111531,17.2870198629482,7.71437290946389,0.0,-79.72365,-79.36986,-75.847664,-80.74171,-72.60248,-70.46808,-51.546608,-75.561935,-76.955536,-80.62823,-74.31127,-70.750114
9939.17101650983,17.728386355674072,7.084841538851871,0.0,-81.24044,-81.307,-77.360374,-78.44588,-75.66137,-71.778854,-45.239067,-71.51236,-80.963715,-76.31911,-77.41575,-70.60878
9942.49071290813,18.25002132210035,6.340821363361466,0.0,-81.96245,-81.61152,-78.658424,-79.35355,-77.68321,-76.414986,-46.005142,-69.342575,-83.81362,-75.27522,-82.39887,-74.24133
9945.810409306428,18.755815725095548,5.619394954666645,0.0,-81.02278,-78.240776,-78.577934,-80.36132,-79.16553,-79.75327,-58.020554,-68.045876,-84.06765,-76.52055,-82.8954,-75.33972
9949.130105704728,19.221853067866423,4.954674972551579,0.0,-79.80989,-76.74541,-78.4644,-79.51416,-77.40773,-80.53417,-67.28998,-67.71673,-79.65237,-78.16428,-81.93284,-74.30959
9952.449802103029,18.48173263816733,4.486887598314856,0.0,-79.0335,-75.77623,-78.89332,-78.563324,-76.75077,-79.98222,-66.32678,-65.910225,-79.88577,-79.78764,-80.56144,-73.2723
9955.769498501326,17.643996068816133,3.957402700514912,0.0,-78.1699,-75.34902,-79.88337,-78.32583,-76.51255,-78.26328,-65.89667,-66.41768,-79.43452,-82.107475,-78.98265,-72.272865
9959.089194899623,16.782650666196325,3.4129960228527274,0.0,-77.300156,-76.00649,-80.6797,-78.27817,-77.07814,-76.62491,-64.128746,-67.530045,-80.156265,-83.308975,-76.6015,-72.412865
9962.408891297924,15.89830919853728,2.854054860732581,0.0,-72.96447,-75.39675,-79.01448,-78.28543,-79.601974,-76.15842,-63.392456,-68.01216,-79.50996,-84.240814,-77.94503,-72.36136
9965.728587696223,14.84805402083434,2.1902492256740755,0.0,-74.2259,-74.16255,-76.62278,-77.51053,-81.68536,-76.49508,-64.61681,-68.16074,-78.12512,-83.75656,-81.26761,-71.38186
9969.048284094522,14.0122573729519,1.6619904401846148,0.0,-75.94304,-72.20262,-75.89476,-75.3286,-81.252174,-76.97648,-66.30665,-65.17172,-76.92474,-82.215195,-80.0678,-66.180405
9972.367980492822,12.9713941506552,1.004120917658794,0.0,-77.40905,-71.37903,-77.38483,-76.88936,-80.06993,-76.286285,-67.76307,-62.709118,-75.0612,-80.56458,-80.418915,-62.79005
9975.68767689112,13.015309905563065,1.9894478567395848,0.0,-74.30122,-72.93379,-75.98849,-74.29057,-81.64092,-79.29329,-64.80009,-63.702858,-74.66478,-78.58361,-81.77746,-62.365276
9979.00737328942,13.062440841305133,3.046913013564864,0.0,-73.18178,-72.85909,-75.23913,-75.78809,-81.24928,-76.34732,-65.495346,-66.110985,-73.8348,-76.60677,-83.56963,-60.02544
9982.32706968772,13.11478678843918,4.221386092101028,0.0,-72.42514,-72.51126,-74.70247,-78.055855,-78.86218,-73.45167,-66.513725,-70.86222,-72.410835,-76.53541,-83.82881,-57.987415
9985.646766086018,13.169836198735709,5.456516105452254,0.0,-77.391014,-75.262024,-74.78416,-80.2254,-77.00098,-72.38043,-68.24798,-74.697716,-72.584915,-78.5553,-75.898544,-60.56843
9988.966462484315,13.214093971775544,6.449516820830252,0.0,-82.97836,-79.73401,-75.673485,-82.30111,-75.812325,-73.30211,-71.73885,-78.28416,-76.971855,-80.79248,-73.16616,-65.768295
9992.286158882616,13.260576737814846,7.492439154229855,0.0,-80.29007,-76.85384,-77.766106,-80.21281,-75.43526,-72.485916,-67.10581,-78.502365,-77.33476,-77.385574,-73.56828,-67.6238
9995.605855280915,13.30117931560444,8.40342915716036,0.0,-76.18851,-73.63193,-75.05886,-77.92113,-74.40492,-68.05247,-64.5801,-78.66848,-72.16531,-75.21167,-73.0689,-67.984474
9998.925551679216,13.33595887554582,9.183769547790453,0.0,-74.56859,-72.38239,-72.426254,-76.96766,-74.292915,-66.74695,-63.69113,-78.431404,-69.83172,-74.77715,-72.81307,-68.76656
10002.245248077514,13.377469279883485,10.115128230610503,0.0,-74.67703,-74.65484,-72.91245,-78.647064,-75.03215,-69.00449,-62.368668,-78.2235,-71.001755,-75.60515,-72.592674,-70.23534
10005.564944475813,13.416964670968774,11.00127655909792,0.0,-74.46391,-76.97034,-75.67924,-81.247116,-75.24115,-72.52613,-61.706944,-79.59058,-71.54791,-75.4499,-71.016754,-71.49019
10008.884640874112,13.455455623476157,11.864888547460044,0.0,-75.01848,-77.83583,-76.57124,-81.04867,-71.619255,-72.686295,-62.7685,-79.63716,-71.326996,-75.236824,-66.57187,-73.195786
10012.204337272413,13.49428056444494,12.735994152385306,0.0,-80.74373,-77.023544,-75.00965,-76.26292,-64.866776,-68.66524,-64.29587,-81.0363,-70.939,-74.468376,-61.939945,-75.43551
10015.52403367071,13.53141891400002,13.56925812260267,0.0,-81.84481,-76.37997,-74.220795,-73.5369,-63.252655,-67.13156,-66.13462,-82.225555,-71.86362,-73.25717,-61.942444,-76.54413
10018.84373006901,13.571093727704293,14.459432112047836,0.0,-79.43958,-77.563675,-73.7123,-75.070786,-63.90124,-65.65002,-69.64638,-82.808624,-75.77682,-71.69472,-63.758686,-76.49758
10022.163426467308,13.608399636755095,15.296455573258438,0.0,-79.00976,-80.312645,-73.59375,-78.98525,-64.49639,-65.197014,-73.41688,-82.02628,-80.82451,-70.78934,-64.62257,-77.414635
10025.483122865608,13.658588914029735,16.42253998318039,0.0,-82.977036,-77.70628,-75.861244,-79.10805,-63.342094,-71.31565,-73.305885,-81.98839,-81.58182,-69.74925,-68.06935,-80.228195
10028.802819263909,14.443508494931836,15.789881972924412,0.0,-80.79283,-78.362206,-74.51304,-79.57503,-63.753136,-67.13251,-74.58079,-82.93862,-81.49357,-70.72641,-70.816124,-80.02368
10032.122515662206,15.08273165238998,15.274657661100992,0.0,-79.14253,-79.1258,-77.399216,-76.70871,-64.953804,-64.87238,-71.62516,-82.409546,-82.38307,-71.35055,-71.75827,-76.26592
10035.442212060503,15.94907163279976,14.576373478177016,0.0,-78.9872,-79.134964,-80.2808,-78.00839,-68.8887,-63.624733,-68.37412,-80.17486,-79.58443,-75.509865,-69.095406,-71.25701
10038.761908458804,16.755431142082216,13.926434535250769,0.0,-76.573265,-79.28455,-82.25754,-80.3951,-71.65009,-69.22649,-69.74027,-78.34682,-78.10344,-77.972466,-67.362076,-71.68267
10042.081604857103,17.65191838054179,13.203851169637865,0.0,-77.9521,-78.346756,-85.421364,-80.323105,-70.21682,-70.23388,-76.18261,-77.596214,-80.56732,-76.556816,-70.52886,-73.99708
10045.401301255402,18.505066250391646,12.516200043425666,0.0,-78.83615,-78.512146,-83.627464,-82.02718,-71.07957,-69.936165,-72.924675,-76.84592,-81.401306,-77.48085,-73.72262,-75.65194
10048.7209976537,19.22555576680529,11.93547371813681,0.0,-80.63689,-79.00589,-82.324356,-81.93562,-73.29627,-70.342834,-69.982445,-77.25381,-77.94691,-79.60241,-77.9151,-75.99617
10052.040694052,19.09794439341209,13.184270896769773,0.0,-78.49046,-77.873604,-84.503075,-82.81867,-72.4831,-69.95225,-74.75835,-79.12474,-81.990845,-77.23572,-72.91965,-77.21657
10055.3603904503,18.99505185815216,14.191171021095546,0.0,-78.138855,-77.79607,-82.92806,-83.12658,-73.83024,-72.40005,-78.90221,-80.51441,-80.169846,-77.57681,-71.443924,-78.79293
10058.6800868486,18.89615147931927,15.159004144180022,0.0,-79.196655,-76.641136,-78.50995,-82.94488,-76.68317,-78.292465,-79.35937,-80.50691,-77.44277,-79.070404,-71.88789,-78.46991
10061.999783246898,18.78660287484392,16.231040159108492,0.0,-82.303665,-74.22031,-75.74092,-80.89645,-76.63225,-78.79634,-75.65992,-79.882195,-78.1522,-79.90271,-73.029305,-76.289825
10065.319479645195,19.190218487232265,15.4168706513064,0.0,-79.475075,-76.25614,-77.878716,-83.177536,-75.62411,-78.728226,-79.268715,-80.73246,-77.17855,-78.90492,-72.19251,-79.83278
10068.639176043496,19.569561554034063,14.651663487592945,0.0,-78.34949,-78.01744,-81.5362,-84.25308,-73.16676,-73.4725,-79.77524,-81.464935,-79.06641,-77.76085,-71.842476,-81.4556
10071.958872441795,19.04796272683112,15.702841213117056,0.0,-80.57675,-75.51893,-76.72649,-82.6503,-76.44249,-79.30402,-78.1077,-80.638756,-76.39921,-79.606476,-72.11633,-78.6639
10075.278568840096,19.11794245008493,14.566404800591904,0.0,-78.25676,-77.81842,-81.43916,-83.76306,-74.48421,-74.258995,-79.794044,-81.014656,-79.33675,-77.88676,-71.470795,-79.28974
10078.598265238394,19.165258945798783,13.79800809734565,0.0,-78.19308,-77.83837,-84.431404,-82.87379,-72.280136,-70.672646,-77.81165,-80.364235,-81.075836,-77.2084,-71.99945,-78.84848
10081.917961636693,19.214343584827475,13.000897613133768,0.0,-78.69641,-77.97297,-83.56009,-82.51222,-72.97292,-69.69938,-73.11799,-78.86762,-82.18158,-77.628006,-73.46434,-77.13303
10085.237658034992,19.26275768446361,12.214676360063375,0.0,-80.164154,-78.60277,-82.40335,-81.70183,-73.23479,-69.73619,-70.57889,-77.55595,-80.026985,-79.150566,-76.8783,-76.28764
10088.557354433293,19.33845941483051,10.98531735605482,0.0,-82.68026,-77.13463,-83.06873,-82.319756,-73.661316,-73.98646,-68.826675,-75.82066,-73.03991,-81.698326,-79.151695,-74.76199
10091.87705083159,19.413408144776984,9.768186709870855,0.0,-79.73298,-73.88206,-77.359436,-78.94051,-73.11127,-76.27563,-68.90197,-75.743645,-73.133064,-83.62752,-77.68385,-72.77243
10095.19674722989,19.475448305068767,8.760684909116886,0.0,-79.05106,-74.22749,-74.731766,-78.923515,-75.19864,-72.24995,-69.96465,-78.980965,-74.945015,-83.73722,-74.236145,-75.2339
10098.516443628188,19.52956293275765,7.881889873977404,0.0,-80.221535,-76.42694,-76.509125,-77.95455,-78.61806,-72.8647,-68.47625,-78.005165,-79.50467,-77.88418,-76.72476,-75.84225
10101.836140026488,19.592477304245325,6.860191311803666,0.0,-81.95591,-79.14122,-78.2657,-79.61719,-80.64899,-78.48093,-64.77373,-73.46333,-84.05024,-74.34847,-83.40326,-77.12352
10105.155836424789,19.639535184955005,6.095994389492568,0.0,-81.79439,-78.7876,-78.30186,-80.89822,-81.26675,-81.0134,-65.73084,-71.04875,-84.867516,-75.15908,-83.93952,-76.60703
10108.475532823086,18.92902110426136,5.1434498149786005,0.0,-80.34816,-77.152306,-78.602295,-80.284294,-77.8118,-80.525696,-64.27361,-67.419106,-80.23881,-77.57755,-82.2572,-74.60738
10111.795229221383,18.2644206097422,4.25245889379165,0.0,-78.44972,-75.40034,-79.241135,-78.25651,-76.67235,-79.356575,-66.67397,-65.78606,-80.00608,-81.16298,-80.08043,-72.768974
10115.114925619684,17.819014534410535,3.655329080264893,0.0,-77.4393,-74.9315,-80.38553,-78.72375,-76.50608,-77.75063,-66.26285,-66.77466,-81.71255,-82.95228,-78.82365,-71.98692
10118.434622017983,17.15643277331789,2.7670445566358093,0.0,-78.63202,-75.07518,-81.46683,-79.799515,-76.72594,-76.93633,-63.430157,-68.19527,-83.70441,-85.06251,-76.58113,-71.93313
10121.754318416282,16.40656025433642,1.7617344312747596,0.0,-77.04939,-73.88573,-79.01767,-79.8995,-78.56673,-76.85003,-62.71573,-68.98175,-82.43113,-83.09028,-78.780396,-73.29256
10125.07401481458,16.20146527968093,2.933275622870937,0.0,-73.996605,-75.55541,-79.70492,-78.44081,-78.52166,-76.33444,-63.28703,-67.93519,-80.199905,-84.354996,-76.29333,-72.29542
10128.39371121288,16.001608992157596,4.074892445157198,0.0,-78.092354,-78.76077,-80.2278,-78.38298,-77.05975,-74.8719,-69.487175,-67.807556,-76.815475,-81.080734,-75.956024,-73.1873
10131.71340761118,15.856933400445543,4.901306721732873,0.0,-78.494225,-80.96605,-79.641556,-78.3937,-76.642075,-72.5333,-68.094,-68.611,-77.18385,-80.211914,-76.18695,-72.11021
10135.03310400948,15.669728890141352,5.97065420546501,0.0,-79.58984,-81.93789,-77.60226,-79.772,-75.17311,-67.333824,-64.25311,-73.41336,-77.52751,-79.41162,-75.3078,-68.33076
10138.352800407778,15.501590565985843,6.931092036596714,0.0,-80.06698,-79.84682,-76.65246,-82.25217,-74.13276,-67.454094,-61.386578,-77.53906,-75.70822,-81.49953,-72.83467,-68.21243
10141.672496806075,15.36461249962281,7.713536596045582,0.0,-79.05206,-78.93331,-77.0732,-83.39026,-74.72536,-69.678406,-58.883568,-79.53187,-75.74816,-79.787964,-72.38476,-68.44049
10144.992193204376,15.195166883909682,8.681441923208098,0.0,-78.65855,-77.371025,-82.95939,-83.59392,-76.09286,-71.33127,-56.824135,-79.196686,-75.105995,-75.6539,-72.665504,-68.87597
10148.311889602675,15.018585294182566,9.69010928032083,0.0,-79.20242,-77.52354,-77.67198,-78.51494,-74.723854,-69.0632,-59.165226,-77.5966,-73.07931,-76.38515,-72.92075,-69.31047
10151.631586000974,14.82584891976697,10.791055815583642,0.0,-79.37948,-78.699196,-75.597725,-75.34643,-73.9626,-67.000885,-62.691235,-74.343895,-73.898094,-77.77974,-71.221176,-69.44183
10154.951282399274,14.673766285599768,11.659780516189388,0.0,-78.15845,-78.79498,-77.63657,-78.75938,-73.63212,-67.57823,-63.46887,-76.12905,-73.7815,-76.35199,-67.65666,-69.673965
10158.270978797573,14.534326999664188,12.456284026208074,0.0,-76.52557,-79.722046,-77.775246,-81.391464,-69.94322,-67.98014,-64.00735,-78.368675,-72.09877,-76.69443,-64.34356,-71.22346
10161.590675195872,14.403425149777458,13.204020090712085,0.0,-78.712105,-79.108696,-76.91407,-79.276405,-65.81724,-65.691505,-65.44313,-80.082756,-71.43924,-75.30431,-63.84345,-73.7969
10164.910371594173,14.257999719124284,14.03471758879556,0.0,-79.67395,-78.24212,-74.99092,-76.68239,-64.28181,-64.49814,-67.59538,-82.34901,-74.495514,-73.1092,-65.27145,-75.50318
10168.23006799247,14.119746750873356,14.824444628370616,0.0,-79.07055,-79.14159,-74.069855,-76.61809,-63.626125,-64.28283,-70.92722,-83.08867,-79.288765,-71.60212,-66.30985,-76.74808
10171.54976439077,13.93902047247355,15.856787229182302,0.0,-80.626945,-78.60432,-74.46092,-80.29817,-64.18957,-66.74899,-74.46158,-82.208466,-81.67163,-70.42822,-67.59618,-79.83369
10174.869460789068,13.810320056095795,16.59194829012683,0.0,-83.284805,-77.4146,-76.471214,-79.11427,-63.373627,-72.59796,-73.65147,-82.32298,-81.33029,-69.876366,-69.68391,-80.65862
10178.189157187368,14.834425435188187,16.28656688099625,0.0,-82.45224,-77.009605,-76.29637,-80.30525,-64.37394,-71.21098,-76.16259,-83.327065,-80.452156,-70.50486,-75.56311,-82.38924
10181.508853585668,16.006015504108937,15.937206518796518,0.0,-80.97789,-77.0392,-78.97636,-76.852745,-67.89072,-67.277115,-73.72637,-81.15625,-82.15871,-72.0977,-75.35601,-75.87653
10184.828549983966,17.158038766308422,15.593680848153646,0.0,-81.25258,-74.4542,-77.24826,-77.282684,-73.169014,-69.629555,-73.108246,-78.35211,-82.22701,-78.222595,-72.952,-73.07228
10188.148246382263,18.013259564020668,15.338659697347268,0.0,-81.11962,-75.7427,-77.39503,-81.12647,-79.02719,-78.36231,-77.10697,-79.85523,-77.67175,-80.36127,-71.74277,-74.76523
10191.467942780564,18.808985859563503,15.101379411181322,0.0,-79.14696,-76.7223,-78.64409,-82.85657,-77.02644,-78.14243,-79.31679,-80.44085,-77.47621,-79.086525,-71.80455,-78.04186
10194.787639178863,17.974184792470748,15.637138330112776,0.0,-81.74809,-74.94575,-76.8519,-79.609566,-77.92122,-77.04568,-76.03626,-79.43822,-78.70739,-80.22646,-72.27291,-74.47422
10198.107335577162,17.18431480557596,16.14406136478127,0.0,-82.42604,-74.13598,-76.49087,-76.19866,-72.59789,-71.07773,-73.54333,-78.16161,-83.19368,-76.57885,-74.79423,-74.00592
10201.42703197546,16.554548051698664,16.548233290928057,0.0,-83.3316,-76.244835,-76.97515,-77.74179,-70.69879,-71.453636,-74.98739,-81.18178,-81.39727,-73.38723,-77.41218,-76.79046
10204.74672837376,16.40361302312194,15.720983552883942,0.0,-80.4259,-76.404045,-78.70958,-75.81824,-69.46246,-67.313095,-72.83584,-79.252785,-83.30351,-73.924934,-73.93307,-73.95934
10208.06642477206,16.25126176582824,14.885971701259043,0.0,-79.26856,-77.845055,-79.54239,-77.60733,-69.6213,-64.68566,-69.95695,-79.67718,-81.95235,-75.97886,-70.35961,-71.86725
10211.38612117036,16.114094049828424,14.13417830910239,0.0,-77.96627,-79.240005,-80.84621,-80.00641,-69.93299,-65.1762,-67.44146,-79.57428,-77.18037,-77.579,-67.277725,-70.83353
10214.705817568658,15.902880503080958,12.97655205848428,0.0,-76.82473,-80.97583,-82.0711,-79.47221,-69.92594,-63.84515,-65.76685,-76.48829,-75.05981,-77.024956,-65.64704,-70.92311
10218.025513966955,15.744430186986415,12.108112281990724,0.0,-79.5288,-80.93824,-81.34311,-76.743576,-71.45045,-64.08588,-65.16229,-73.89999,-76.41121,-76.599014,-67.85037,-70.793846
10221.345210365256,15.564258883908964,11.1206233956841,0.0,-82.70523,-80.238815,-77.836586,-74.567154,-73.33144,-64.975525,-64.91015,-72.85599,-76.4887,-78.087616,-70.36888,-70.4297
10224.664906763555,15.358985311561652,9.995553154846164,0.0,-80.65392,-79.02808,-78.16297,-78.37147,-74.385056,-67.63824,-60.717224,-75.82025,-74.46329,-77.04467,-72.58661,-69.86092
10227.984603161854,15.178070420510355,9.003988786775121,0.0,-79.12378,-76.99506,-81.19628,-82.46308,-75.78855,-70.71402,-56.964893,-78.73703,-74.557556,-75.39788,-72.78521,-69.11365
10231.304299560154,14.998227030697144,8.018297138422462,0.0,-78.80326,-78.20812,-79.88258,-83.56153,-75.39542,-70.99413,-59.23738,-79.78038,-76.2764,-77.77227,-72.75091,-68.19484
10234.623995958453,14.779291345477564,6.818347133746499,0.0,-81.0876,-79.618385,-76.250854,-82.543686,-74.52591,-69.13029,-64.3691,-78.24154,-76.06599,-82.021065,-72.43467,-66.52733
10237.943692356752,14.593184479927062,5.7983264186968855,0.0,-80.47084,-80.58295,-75.449455,-80.151436,-75.16619,-69.657394,-68.42928,-75.6648,-74.877655,-80.72342,-73.1025,-65.28812
10241.263388755053,14.421663523238738,4.85824863935379,0.0,-77.62317,-77.912796,-76.599174,-78.50623,-76.98947,-72.74583,-69.518875,-72.339035,-73.690025,-80.24819,-74.432526,-64.501785
10244.58308515335,14.260494429199868,3.974907694036454,0.0,-74.047485,-73.8975,-76.824585,-77.95637,-78.847755,-74.573364,-68.16542,-69.723404,-74.55224,-78.98758,-80.525444,-67.22214
10247.90278155165,14.044555850077485,2.7913843284062705,0.0,-73.31827,-73.77992,-75.64188,-75.8917,-81.15101,-76.40913,-66.74323,-66.476204,-75.28327,-79.82062,-82.14173,-66.67215
10251.222477949948,13.869356881550546,1.8311479791228136,0.0,-75.55698,-72.432945,-75.81635,-75.12445,-81.456055,-77.18584,-66.453766,-64.91563,-76.6144,-81.422455,-80.19451,-65.33934
10254.542174348247,14.295701877222522,2.6460166670427245,0.0,-73.01764,-73.85115,-75.901085,-76.11521,-81.41717,-76.57441,-66.99936,-66.92475,-75.90886,-80.9638,-81.70373,-67.96304
10257.861870746548,14.75218113208366,3.518480646325702,0.0,-73.88836,-74.52726,-77.69009,-77.69181,-79.22907,-75.17508,-68.27798,-68.8413,-75.84875,-80.09293,-79.74827,-70.6965
10261.181567144846,15.323555786735136,4.610542989904291,0.0,-78.43255,-80.68121,-78.93216,-78.220604,-76.9171,-72.98958,-70.178024,-69.89022,-76.155014,-80.930214,-75.0342,-71.8165
10264.501263543145,15.792936262672864,5.50766493679089,0.0,-79.04039,-82.24195,-78.810646,-78.92045,-75.82126,-69.566246,-65.59618,-70.90916,-77.58496,-79.51383,-76.21092,-69.587746
10267.820959941444,16.18201639004893,6.251309675462995,0.0,-79.67795,-82.478355,-78.13074,-80.00708,-74.95358,-68.40079,-59.22818,-72.84102,-78.89705,-78.38405,-76.448685,-68.99152
10271.140656339743,16.73215378340608,7.302781465800438,0.0,-79.60118,-80.883255,-76.597786,-81.0032,-73.42287,-68.92054,-48.138336,-76.73316,-77.194214,-79.84626,-74.25521,-69.83283
10274.460352738042,17.164112211060257,8.128379046988709,0.0,-78.334656,-78.44227,-75.577354,-81.31951,-71.98132,-70.5292,-56.525513,-76.369705,-75.65641,-81.28806,-73.88335,-70.70803
10277.78004913634,17.68179822508846,9.11782685870928,0.0,-77.883,-76.35923,-77.94221,-80.91026,-71.52201,-71.62234,-63.857376,-73.02785,-74.37444,-80.48486,-76.78867,-70.83378
10281.09974553464,18.20281550684273,10.113641687255672,0.0,-81.235016,-77.15847,-83.19645,-80.71983,-72.23994,-71.63792,-66.850815,-73.68894,-72.94875,-80.07589,-78.32332,-72.12549
10284.41944193294,18.758658316345,11.176018179220694,0.0,-81.751396,-79.0494,-82.83631,-82.252426,-72.7595,-71.0979,-68.93613,-75.85983,-72.944466,-79.85119,-78.78665,-74.88583
10287.73913833124,19.251804494227155,12.11856326126202,0.0,-80.332756,-78.74079,-82.35623,-81.77662,-73.25937,-69.950645,-70.332184,-77.44115,-79.341354,-79.30891,-77.29681,-76.191284
10291.058834729538,18.242187797643638,12.4888039347356,0.0,-78.820526,-78.657196,-84.20554,-81.57008,-70.399895,-69.945145,-73.70591,-76.59063,-81.49096,-77.23433,-73.502106,-75.13007
10294.378531127835,17.39836239496468,12.79824660385862,0.0,-78.58594,-79.03253,-85.67531,-79.3787,-69.588524,-69.07331,-74.22681,-76.623764,-80.86158,-76.4188,-70.75612,-73.36437
10297.698227526136,16.60637656891998,13.088678969536184,0.0,-77.696434,-80.191185,-84.91462,-78.86776,-70.032936,-66.402725,-68.86169,-76.40011,-77.59852,-77.06553,-67.7224,-72.0494
10301.017923924435,15.433069340522858,13.518947268290722,0.0,-76.90599,-81.18924,-78.71119,-80.224815,-68.34583,-63.21006,-65.858864,-78.98793,-73.01834,-76.905075,-65.08799,-71.64426
10304.337620322734,14.31884610544805,13.927548633888168,0.0,-79.55939,-78.44878,-75.237015,-77.05479,-64.3423,-64.45416,-67.2493,-82.03313,-73.5268,-73.41065,-65.29792,-75.197
10307.657316721034,13.604109069509594,14.189652779389956,0.0,-80.58386,-76.62801,-73.95505,-74.33075,-63.56793,-65.89227,-68.09479,-82.93501,-74.554596,-72.14819,-63.35341,-76.46919
10310.977013119333,12.706870327933215,14.518682872762966,0.0,-78.21854,-78.072395,-73.2169,-74.42462,-66.04787,-67.6611,-70.478195,-81.36677,-76.325554,-70.84583,-61.659733,-75.83442
10314.296709517632,11.761882557185777,14.865223208169242,0.0,-79.224174,-80.15519,-75.96129,-72.84299,-65.11343,-70.91945,-71.92529,-80.94637,-77.33653,-69.9612,-67.95768,-78.68574
10317.616405915933,10.641849915067915,15.275954965214629,0.0,-79.53831,-81.33741,-72.38431,-68.60276,-64.34587,-73.50654,-75.43474,-83.59157,-74.2727,-68.21933,-74.62115,-81.35905
10320.93610231423,9.71531321302138,15.615729033655183,0.0,-80.33819,-81.40239,-71.57729,-66.59045,-67.42665,-73.121826,-75.20963,-81.928444,-74.111336,-66.94239,-75.057724,-80.401794
10324.25579871253,8.714840413125634,15.982616511327516,0.0,-80.53976,-80.38017,-70.21222,-63.51612,-72.11247,-72.19599,-73.466576,-77.03511,-75.19102,-67.15324,-74.55847,-78.2823
10327.575495110828,7.645032507303768,16.374930149641123,0.0,-82.113396,-78.751076,-68.57042,-62.50807,-75.88343,-74.82617,-73.398186,-77.430984,-75.34364,-72.56573,-75.36094,-77.48094
10330.895191509127,8.719358874438973,16.034200157952302,0.0,-80.59449,-80.369095,-70.2202,-63.611977,-72.268295,-72.3261,-73.45986,-77.17524,-75.35924,-67.27836,-74.623604,-78.349464
10334.214887907428,9.808726993134874,15.688699571366952,0.0,-80.426025,-81.349625,-71.79232,-66.894,-67.43057,-73.332344,-75.20942,-82.15508,-74.37053,-67.0808,-75.07797,-80.44431
10337.534584305726,10.6526887552586,15.421031297562116,0.0,-79.7822,-81.23516,-72.57668,-68.69594,-64.382706,-73.56066,-75.53213,-83.62151,-74.56602,-67.93673,-74.88058,-81.40996
10340.854280704025,11.76578137497124,15.06800632240962,0.0,-79.65416,-80.73764,-76.081665,-72.875694,-64.605995,-71.10934,-72.83459,-81.430466,-78.39132,-70.261444,-68.74334,-79.05695
10344.173977102324,12.741711075974202,14.758483509711342,0.0,-78.18867,-79.09561,-73.34703,-76.05021,-66.11386,-67.27459,-71.84999,-81.38421,-78.27487,-70.88555,-61.966736,-76.10517
10347.493673500623,13.454512603019896,14.532413605987667,0.0,-78.936386,-77.83042,-73.59081,-75.24091,-64.22653,-65.867065,-70.11459,-82.64383,-76.24389,-71.49499,-63.550404,-76.3116
10350.813369898922,14.408665209287346,14.229797548569,0.0,-79.272354,-78.838936,-75.12163,-76.54847,-64.47581,-63.888,-67.90899,-82.5018,-76.71007,-72.86901,-66.25772,-75.28505
10354.13306629722,15.556746101660233,13.865675802251406,0.0,-77.70743,-80.69746,-79.06047,-79.570496,-68.209305,-63.106052,-66.18579,-79.74458,-74.4914,-76.33166,-66.07626,-71.337036
10357.45276269552,16.674185003295257,13.51127237391318,0.0,-76.67103,-79.93627,-83.62715,-79.803085,-70.82213,-67.71778,-68.81981,-77.30989,-77.75371,-77.47724,-66.83146,-72.22185
10360.77245909382,17.506039716724146,13.24744393381937,0.0,-77.96077,-78.49311,-85.27753,-80.19832,-70.31323,-70.06466,-75.59398,-77.555595,-80.44493,-76.72917,-70.07097,-73.79185
10364.09215549212,18.578216350137662,12.907395744956515,0.0,-78.2405,-77.98423,-84.94421,-82.07776,-70.55433,-70.20741,-75.005196,-77.79492,-81.79136,-76.913704,-72.953575,-76.06538
10367.411851890418,19.47620784944765,12.622591568631188,0.0,-79.71168,-78.239174,-82.48351,-81.93122,-73.479385,-69.550674,-70.78973,-78.34908,-81.96554,-78.72757,-75.394714,-76.901665
10370.731548288715,18.531186404903703,11.994927052276678,0.0,-80.06017,-79.1858,-82.68488,-81.52266,-72.22544,-69.95419,-71.355156,-76.278404,-79.45029,-78.578735,-75.87473,-75.22648
10374.051244687016,17.749976219479088,11.476062728047092,0.0,-80.88826,-80.12656,-82.71558,-81.472244,-72.80267,-69.57266,-69.17832,-75.191956,-77.781586,-78.67179,-75.39041,-73.4424
10377.370941085315,16.894308024727895,10.907744869527356,0.0,-82.08495,-80.982475,-82.96645,-80.64466,-73.58773,-67.845985,-66.46508,-73.404396,-75.709816,-78.76477,-73.69614,-71.7141
10380.690637483614,16.072452870655024,10.36188496256667,0.0,-82.50496,-80.57574,-81.201515,-79.526306,-74.110214,-66.16039,-64.31417,-73.31181,-75.10278,-77.836044,-72.71918,-70.61628
10384.010333881914,15.163040858436403,9.75787152550478,0.0,-79.67063,-78.06425,-78.04687,-78.77594,-74.671684,-68.81869,-59.523136,-77.09714,-73.43967,-76.50414,-72.86235,-69.50797
10387.330030280213,14.267950968672164,9.16337055836132,0.0,-78.16684,-74.865654,-76.2889,-78.14569,-74.75247,-68.08133,-59.55193,-78.72623,-71.384476,-75.92182,-72.85195,-68.29558
10390.649726678512,13.58084324605605,8.707007225138318,0.0,-76.173996,-73.39348,-74.888306,-77.61309,-74.41622,-67.43046,-63.63887,-78.94079,-71.356186,-75.35195,-72.83436,-67.98436
10393.969423076813,12.886066220241998,8.245550092710756,0.0,-75.27459,-73.60372,-74.84188,-77.91957,-74.34237,-67.961624,-65.56619,-78.07734,-72.06662,-74.58138,-73.335045,-68.34356
10397.28911947511,12.248165700075168,7.821869208235139,0.0,-75.33542,-74.39217,-75.287506,-78.29223,-74.68853,-69.63537,-67.97021,-75.644485,-73.26027,-75.06548,-73.824936,-69.186165
10400.60881587341,11.4942542092464,7.321136135988818,0.0,-73.95233,-75.34525,-76.1737,-77.87619,-75.1586,-71.43867,-69.59194,-72.732574,-74.88302,-73.28814,-74.96411,-69.79441
10403.928512271708,10.501865769968948,6.66201140038508,0.0,-71.44404,-73.081116,-79.30151,-77.29973,-76.73627,-73.13766,-66.82811,-69.53719,-76.5202,-71.57826,-82.85585,-70.07426
10407.248208670007,9.477988033957867,5.981972097901653,0.0,-71.79728,-72.646454,-80.060394,-75.827545,-77.34334,-74.451904,-66.29216,-71.47834,-73.12092,-71.159874,-82.56815,-70.911476
10410.567905068308,8.598444328004355,5.39779659797278,0.0,-71.63281,-73.91895,-83.338554,-75.68997,-76.84981,-76.57638,-66.11426,-71.25837,-66.466064,-72.202995,-80.06471,-72.74872
10413.887601466606,7.801170799364959,4.86826331950078,0.0,-69.727196,-75.79644,-83.66652,-79.22847,-78.218445,-78.158325,-65.84499,-72.63792,-64.557556,-77.390205,-79.58443,-74.38942
10417.207297864905,7.059626755171932,4.37574446022918,0.0,-67.77851,-76.205986,-81.70499,-80.23349,-77.5258,-78.21552,-66.39427,-73.535225,-64.525696,-79.76453,-80.647316,-76.586296
10420.526994263204,6.383150178587995,3.926442123527585,0.0,-65.69515,-75.57333,-77.07834,-80.327835,-78.858025,-78.51346,-70.31228,-74.609634,-65.95095,-80.97603,-81.75268,-79.10752
10423.846690661505,5.445594385970503,3.3037361452387906,0.0,-63.06583,-74.2817,-76.91336,-79.95966,-79.77649,-80.30447,-68.3649,-75.093056,-68.95237,-77.933815,-84.03419,-77.128365
10427.166387059802,4.608428638444163,2.7477072455102114,0.0,-62.67206,-71.68395,-77.02576,-80.74897,-80.18554,-83.71926,-65.9395,-72.647156,-72.800186,-74.6329,-85.8061,-75.371666
10430.4860834581,3.9684980181607488,2.3226780087668404,0.0,-63.399864,-71.47988,-75.80537,-79.53956,-80.01001,-82.78953,-66.720474,-73.35945,-73.53183,-74.36317,-88.653145,-75.5054
10433.8057798564,3.2693308371045324,1.8583050222253803,0.0,-66.84089,-71.14718,-74.5209,-77.64507,-78.7672,-80.63391,-71.5062,-73.837456,-73.338486,-74.02514,-94.46468,-78.586105
10437.1254762547,2.4987345337301248,1.3464902281224944,0.0,-67.567764,-72.128136,-74.057,-76.45672,-77.82772,-79.24379,-73.38592,-76.61421,-73.669235,-75.44021,-95.332115,-80.45389
10440.445172653,3.2381040610807403,2.023403677658101,0.0,-66.98604,-70.902115,-74.485054,-77.827126,-78.94542,-80.59244,-71.18217,-74.005844,-73.055725,-74.066216,-94.28676,-78.470436
10443.764869051298,4.0491114330115865,2.7659035744278304,0.0,-64.635185,-71.25383,-76.17429,-80.19016,-80.4097,-82.852905,-66.279594,-73.680374,-72.063225,-74.52936,-86.3812,-75.36963
10447.084565449595,4.863108940984543,3.511141024245085,0.0,-65.26336,-74.5677,-76.48814,-80.65703,-80.069565,-80.882195,-68.200005,-75.69141,-68.35657,-77.72856,-83.48068,-76.57731
10450.404261847896,5.596248083211052,4.1823503822131,0.0,-66.90941,-75.980804,-75.57073,-79.89429,-79.287895,-78.67681,-70.656555,-76.49983,-65.42206,-81.02857,-82.29357,-78.12218
10453.723958246195,6.4078138863843135,4.925361538379719,0.0,-69.646255,-75.548874,-79.61577,-80.17548,-77.45976,-78.31591,-68.73102,-76.16292,-63.773796,-74.05839,-80.498344,-75.983345
10457.043654644494,7.181803535519518,5.633970676192503,0.0,-71.51923,-73.1614,-83.27956,-77.91344,-76.056366,-79.01115,-66.790184,-73.59129,-61.663292,-70.8244,-79.614136,-72.671394
10460.363351042794,7.947175938773488,6.334690484760322,0.0,-72.69674,-69.59503,-83.001045,-72.73385,-71.161446,-77.99806,-67.087944,-71.70934,-61.266335,-69.18855,-79.98699,-71.8889
10463.683047441093,8.728559472576393,7.050068930464135,0.0,-71.57223,-70.46132,-80.962524,-72.46073,-71.969604,-75.31084,-66.98027,-70.91882,-62.182537,-71.04262,-82.34411,-71.86639
10467.002743839392,9.560172483662138,7.811433865302458,0.0,-70.50661,-73.267975,-79.59752,-72.06328,-73.62407,-71.37984,-67.49102,-69.34139,-65.80437,-73.546776,-79.60395,-73.35171
10470.32244023769,10.263724111687928,8.455555027774292,0.0,-70.8188,-73.583885,-76.17704,-71.03984,-74.31211,-69.12445,-67.59426,-69.6046,-66.554375,-77.39261,-73.46399,-76.82094
10473.64213663599,10.82526805462246,8.969664188912855,0.0,-70.662544,-73.640366,-74.761665,-71.06011,-74.575455,-68.584526,-66.79134,-71.35134,-67.198524,-77.063675,-72.36856,-77.083824
10476.96183303429,11.71926042589714,9.788139169977486,0.0,-72.76123,-73.5488,-73.64072,-74.3141,-75.01226,-69.15638,-65.74858,-74.37144,-68.731186,-75.47201,-71.676926,-73.84614
10480.281529432588,12.456792097279694,10.463370011051328,0.0,-73.74638,-74.92051,-74.858864,-79.02805,-75.252045,-71.55258,-62.825172,-77.42159,-69.88993,-75.04466,-71.84875,-72.09924
10483.601225830887,13.025853197129512,10.98436133926602,0.0,-74.460304,-76.687935,-75.97655,-81.61411,-75.27677,-73.09537,-61.28936,-80.323265,-70.953606,-75.21458,-71.076294,-71.78402
10486.920922229188,13.83610962937085,11.726173729779656,0.0,-74.70712,-78.36165,-77.070755,-81.71791,-73.21394,-71.3718,-62.813274,-78.90945,-71.9461,-76.01916,-66.8843,-71.64498
10490.240618627486,14.432562787168342,12.272243251981704,0.0,-76.68738,-79.40228,-77.73766,-81.58142,-70.74947,-68.6018,-63.819595,-78.23886,-72.1823,-76.54091,-64.72223,-71.13931
10493.560315025785,14.996040619776416,12.788122943121182,0.0,-76.40788,-80.424934,-78.383224,-81.371086,-69.314095,-64.9626,-64.819115,-77.92655,-72.5849,-76.93155,-64.22192,-70.94721
10496.880011424084,15.906769060614444,13.62192026323377,0.0,-76.52774,-80.431656,-80.78644,-80.69855,-69.72131,-64.48668,-66.468346,-78.44002,-74.64627,-77.56119,-65.94746,-71.2291
10500.199707822385,16.567840903665658,14.22714999629316,0.0,-77.870346,-78.497765,-80.96846,-80.506195,-71.58303,-68.6319,-69.31551,-78.89726,-78.17044,-78.34119,-67.83473,-70.86596
10503.519404220682,17.32690344819594,14.92209295299363,0.0,-80.30152,-76.24222,-78.605736,-80.02107,-75.545555,-75.09079,-75.45778,-79.22105,-79.131325,-79.74972,-70.20574,-72.750786
10506.83910061898,17.976642410293117,15.516947117063498,0.0,-81.53541,-75.25299,-77.07118,-80.159134,-78.40678,-77.97266,-76.53137,-79.57782,-78.18162,-80.33032,-72.121056,-74.54671
10510.15879701728,18.554049327279863,16.04557927392797,0.0,-82.16403,-74.490135,-76.07648,-80.62845,-77.475365,-78.52945,-75.9236,-79.80714,-78.05175,-80.24452,-72.7182,-75.975296
10513.47849341558,17.509620104637293,15.541411261735128,0.0,-81.58831,-74.80682,-77.165245,-78.093666,-75.25931,-74.01854,-74.60725,-78.762505,-80.27084,-79.46057,-72.61429,-73.302956
10516.79818981388,16.451086340958533,15.030434690127302,0.0,-79.63065,-77.024506,-78.906654,-77.53066,-70.18973,-65.499664,-70.70707,-79.38543,-82.59137,-76.510765,-70.87762,-72.04647
10520.117886212178,15.583320142823936,14.611545645588016,0.0,-78.50684,-79.95453,-79.65402,-77.342384,-67.085045,-62.721756,-68.20998,-80.67105,-80.16156,-73.47366,-69.09395,-72.04981
10523.437582610475,14.664561043897928,14.168041252425192,0.0,-78.66281,-79.73025,-76.179115,-77.26954,-64.857445,-63.10131,-67.42122,-81.88692,-76.27364,-73.14986,-66.71793,-74.051956
10526.757279008776,13.60540609005928,13.65676481922664,0.0,-81.64005,-76.49352,-74.258644,-73.8838,-63.374302,-66.778534,-66.37759,-82.3641,-72.2082,-73.19815,-62.24431,-76.37379
10530.076975407075,12.553869114724588,13.149165744910816,0.0,-82.22548,-75.377106,-73.434105,-70.913124,-63.527504,-70.12681,-64.96969,-80.77781,-71.79399,-72.06091,-60.861797,-77.149284
10533.396671805374,11.865070223427976,12.81666799370179,0.0,-80.64461,-74.96868,-73.08599,-70.099724,-64.802505,-71.02346,-64.13081,-75.87023,-72.99734,-71.03793,-63.144455,-76.18694
10536.716368203672,10.968437969184258,12.383844695109785,0.0,-77.92054,-74.038704,-73.24982,-68.966934,-67.3679,-71.64604,-63.95205,-69.578926,-72.72152,-69.90531,-67.86741,-75.46483
10540.036064601973,10.08840384824562,11.959033665509413,0.0,-75.271164,-72.918625,-73.72489,-67.59382,-69.24816,-70.96064,-65.68174,-69.397156,-72.500755,-68.35484,-71.42928,-73.23919
10543.355761000272,9.01260709511988,11.439723884828815,0.0,-74.59049,-72.16642,-73.66212,-66.125946,-70.386795,-71.293144,-69.514755,-74.19276,-71.461235,-63.114426,-74.806366,-73.363396
10546.67545739857,8.198349364850321,11.046664506191393,0.0,-73.64128,-72.082886,-71.060234,-65.89969,-71.068085,-72.96528,-70.66597,-78.63904,-69.84622,-56.89561,-79.08344,-74.36623
10549.99515379687,7.187059132086778,10.558493383295763,0.0,-72.35196,-72.26631,-68.85981,-67.19072,-71.54822,-75.42454,-71.7224,-77.73157,-66.86523,-56.5389,-85.13087,-75.87727
10553.31485019517,6.217805294800563,10.090614115020918,0.0,-69.26096,-72.64824,-69.31097,-69.7463,-72.00861,-77.04847,-72.08991,-75.902306,-63.203175,-58.31633,-89.81524,-80.34639
10556.634546593468,5.289038063009918,9.642278585058458,0.0,-66.012245,-69.69376,-70.64888,-71.45293,-72.54484,-79.06299,-72.37327,-75.46892,-61.597996,-61.282997,-84.6387,-81.75275
10559.954242991767,4.424967526887109,9.225173514511686,0.0,-65.15086,-67.305695,-72.260056,-73.071526,-73.67307,-78.8374,-72.319824,-76.5399,-62.331295,-64.04978,-80.23364,-82.29292
10563.273939390068,3.424352446836404,8.742155512963496,0.0,-64.45886,-65.517876,-75.62143,-76.54722,-79.489426,-79.07915,-70.17168,-75.6545,-65.401924,-63.890785,-80.18635,-82.6467
10566.593635788366,2.661389997981983,8.373857448453714,0.0,-64.10732,-63.63603,-75.93049,-76.55823,-78.99858,-79.03803,-69.26264,-75.68205,-68.256454,-63.789864,-80.97122,-82.62735
10569.913332186665,1.872899290011739,7.993236354892137,0.0,-67.03312,-59.796177,-70.548004,-75.288,-76.19299,-77.79104,-72.66901,-77.000435,-69.69414,-65.13354,-82.25604,-82.39112
10573.233028584964,1.3486497151627486,8.929573724711306,0.0,-73.75745,-64.301544,-70.39866,-75.24498,-77.9248,-78.63955,-68.3784,-77.76435,-71.70787,-70.632195,-83.633865,-82.62315
10576.552724983265,1.9821146415824988,9.585948025809593,0.0,-73.11055,-65.26796,-75.10384,-75.072235,-77.17526,-80.00081,-67.521255,-77.47373,-70.85651,-72.823105,-82.58355,-81.958305
10579.872421381562,2.596002335058203,10.22203707976134,0.0,-71.85649,-66.09857,-69.29519,-72.728714,-73.5417,-80.3522,-68.846344,-77.82486,-68.710304,-75.88795,-83.598145,-79.97774
10583.19211777986,3.2852613511706776,10.936223273989146,0.0,-72.36196,-66.56177,-66.90613,-71.404,-75.27701,-81.28226,-72.456665,-80.03194,-67.15929,-77.52766,-83.49048,-78.56141
10586.51181417816,3.989568830268206,11.666002161612374,0.0,-77.367805,-69.69276,-66.11086,-70.072174,-77.215096,-80.72738,-76.34378,-78.83603,-66.834465,-76.26652,-81.97243,-81.57773
10589.83151057646,4.764560393382057,12.469021436051026,0.0,-77.77033,-70.49144,-68.70291,-66.066345,-78.259766,-78.748024,-79.11392,-73.75296,-67.79565,-75.89977,-82.088554,-83.733315
10593.15120697476,5.351956662791911,13.077660998750597,0.0,-77.95241,-71.00032,-70.48206,-64.65939,-78.35066,-77.43319,-78.10556,-72.41995,-69.929214,-74.79828,-77.572586,-83.91325
10596.470903373058,6.145577859214416,13.89998365058663,0.0,-77.47931,-74.983,-70.25408,-63.957207,-76.39109,-74.53453,-75.28975,-72.75436,-72.25636,-70.98997,-74.94316,-82.167046
10599.790599771355,6.921833450289109,14.704312666788027,0.0,-78.64138,-79.35834,-69.62145,-62.51683,-73.978714,-73.131935,-71.99303,-73.57347,-72.44943,-68.199165,-73.34943,-77.716225
10603.110296169656,7.722018850458449,15.533436917997442,0.0,-79.923965,-79.794075,-69.513145,-61.356453,-73.41452,-72.46868,-72.743935,-74.2582,-73.68876,-67.28053,-73.91785,-76.30918
10606.429992567955,8.493504348987488,16.332823330385676,0.0,-80.96207,-79.91205,-69.66763,-63.76862,-73.72941,-73.48802,-73.33557,-77.56922,-75.99409,-68.369064,-74.97769,-78.1626
10609.749688966254,8.056842701666092,15.636870836651328,0.0,-80.06142,-79.990974,-69.69316,-61.84321,-72.745,-72.28751,-73.035255,-74.62542,-73.942856,-66.90552,-74.08761,-76.66881
10613.069385364552,7.513748992569246,14.77128664006355,0.0,-79.02904,-79.82911,-69.86297,-61.91161,-71.6793,-72.6145,-72.72202,-73.4364,-71.9889,-66.29807,-73.28789,-76.403275
10616.389081762853,6.880536364509329,13.76207067098161,0.0,-77.045685,-76.72463,-69.99669,-63.8885,-71.91374,-73.33842,-76.39026,-74.35796,-70.95379,-64.69106,-73.57591,-81.48818
10619.708778161152,6.223226613187354,12.714448642817247,0.0,-76.14686,-72.74741,-70.15227,-66.06395,-73.598755,-76.05624,-77.62695,-73.90263,-68.56388,-63.455517,-76.94179,-83.87074
10623.02847455945,5.746121960200868,11.954037979194636,0.0,-74.41514,-72.32258,-68.26235,-68.63587,-76.94112,-79.30309,-75.470665,-76.5628,-65.76261,-64.21393,-81.22861,-83.51842
10626.34817095775,5.310639679579033,11.25996516323969,0.0,-72.46634,-72.435745,-66.84109,-73.38001,-81.94929,-83.99527,-74.9408,-79.013435,-63.53531,-65.014694,-88.83677,-81.784836
10629.66786735605,4.701709558918906,10.289450718971464,0.0,-66.883934,-68.22707,-68.088776,-74.506294,-78.96315,-82.83766,-72.947296,-78.08872,-62.832516,-65.26741,-84.84269,-80.50807
10632.987563754348,4.289290347111501,9.632135883372772,0.0,-65.50736,-67.033066,-70.70497,-74.29991,-76.49786,-80.609375,-71.81074,-76.75088,-62.73588,-65.18395,-80.162994,-81.50162
10636.307260152647,3.813849255710797,8.874376608625754,0.0,-64.6381,-66.09202,-74.38463,-75.06103,-78.69324,-78.857414,-71.154884,-76.1499,-63.470196,-64.107,-79.95968,-82.588165
10639.626956550946,3.186518738676696,7.874535563725845,0.0,-63.74542,-63.134075,-76.260994,-76.16811,-78.983406,-77.63423,-73.01923,-76.72105,-65.35021,-62.256832,-81.33011,-81.723595
10642.946652949246,2.533881777391531,6.834361040738006,0.0,-66.02488,-59.566895,-72.39302,-75.13649,-76.69509,-74.70777,-80.47982,-77.241684,-67.12511,-64.51793,-82.038445,-79.79714
10646.266349347545,2.124736908854554,6.182264862143828,0.0,-65.70432,-58.63694,-72.00835,-74.99195,-78.03985,-74.54056,-81.22399,-76.58285,-67.574234,-66.48498,-83.12472,-78.58073
10649.586045745844,1.5469326799219716,5.261358946814134,0.0,-66.70646,-58.790154,-72.29488,-76.8304,-81.740204,-78.24172,-79.182655,-76.39762,-68.09888,-73.154854,-86.388466,-77.90719
10652.905742144145,1.119114019759495,4.579500429509966,0.0,-67.90936,-62.23704,-75.21014,-78.73316,-81.87366,-78.68616,-77.07063,-76.12628,-68.69804,-72.19181,-88.93658,-78.80492
10656.225438542442,1.2175011539664036,3.4452291859893416,0.0,-68.57095,-70.528435,-78.23487,-78.98377,-80.8575,-78.73977,-73.48776,-75.61047,-71.5584,-72.659256,-91.76273,-80.22839
10659.54513494074,1.2856778380571918,2.659243773708259,0.0,-68.67092,-70.55093,-76.608345,-78.12293,-79.10521,-78.40291,-73.38349,-75.48228,-71.87479,-73.12946,-94.26363,-81.17563
10662.86483133904,1.3711211665222147,1.674197190028445,0.0,-69.62516,-71.50309,-75.224915,-76.88481,-77.81208,-78.48859,-73.02134,-84.49304,-73.290245,-75.20894,-93.69937,-81.542366
10666.18452773734,1.4561410164175048,2.806700106519371,0.0,-68.525566,-70.40975,-76.31285,-78.275375,-79.39143,-78.693115,-73.43426,-75.37414,-71.94446,-73.13724,-94.639824,-80.486855
10669.50422413564,1.5314347868475038,3.809647238401992,0.0,-67.523926,-68.33804,-76.13811,-79.362686,-81.2912,-79.06479,-73.38776,-75.3558,-70.04097,-73.19528,-90.08937,-78.05787
10672.823920533938,1.6174268637530842,4.9551006591104745,0.0,-66.63632,-60.30163,-73.040436,-78.307686,-82.20333,-78.75469,-77.27466,-76.23147,-68.093636,-73.31508,-86.72232,-77.13157
10676.143616932235,1.706961554797655,6.14774330503342,0.0,-66.05546,-57.375805,-71.69964,-74.27566,-78.33321,-75.451454,-81.11632,-76.19523,-68.16398,-67.92599,-84.697365,-78.73288
10679.463313330536,1.7879949448057528,7.227144769871823,0.0,-66.57643,-57.646057,-71.62755,-74.0576,-76.27747,-75.845726,-77.757286,-76.192345,-69.22484,-64.36816,-82.956985,-80.64039
10682.783009728835,1.880482576675394,8.45912192533267,0.0,-67.82221,-61.858044,-71.96782,-75.966965,-76.997986,-78.745026,-69.40429,-76.728615,-70.196686,-66.699066,-82.316444,-82.55633
10686.102706127134,1.9411677051978669,9.267475328966878,0.0,-71.88011,-64.370964,-75.61836,-76.18735,-77.75561,-79.75932,-67.310234,-76.67494,-70.96028,-71.0014,-82.452644,-82.390045
10689.422402525432,2.0250944198041485,10.38541718819358,0.0,-77.44175,-66.74945,-69.42127,-71.57277,-75.02476,-80.06093,-68.34114,-79.204765,-70.722755,-78.752846,-83.88345,-80.61618
10692.742098923733,2.10123594308175,11.399656772057186,0.0,-78.96245,-68.839005,-65.57278,-69.06232,-71.790344,-79.56626,-71.42559,-82.14784,-70.10688,-82.34433,-85.76759,-78.758835
10696.061795322032,2.1580610163278875,12.156592490719593,0.0,-78.92217,-72.71126,-64.27526,-67.84004,-74.11262,-77.63975,-78.01455,-84.399956,-70.81395,-80.712074,-84.83785,-80.00555
10699.38149172033,2.216831165133147,12.939437496992054,0.0,-80.31041,-78.14845,-63.430943,-66.710526,-75.502045,-75.762856,-81.10245,-84.11985,-72.18303,-79.686134,-79.08198,-83.35542
10702.70118811863,2.3076736385553973,14.149500396640232,0.0,-76.55942,-78.29088,-67.64159,-63.874283,-76.370735,-75.80548,-77.449875,-81.88331,-72.86037,-81.07367,-83.00746,-85.56398
10706.020884516927,2.365208499331283,14.91589080674844,0.0,-72.97864,-79.24352,-71.58321,-62.939415,-76.382744,-76.025276,-73.96193,-80.09731,-73.00568,-82.428955,-88.07603,-85.11407
10709.340580915228,2.4415240424445,15.932448413657308,0.0,-72.2576,-78.184784,-73.36826,-66.66897,-77.67829,-76.2275,-72.08825,-79.51851,-74.02683,-81.83258,-88.437675,-85.13808
10712.660277313527,1.7726512473102702,16.64095812823303,0.0,-72.69828,-76.51001,-72.30331,-72.49931,-79.235306,-78.000435,-72.19742,-79.496086,-75.576805,-81.19788,-84.47698,-85.71178
10715.979973711826,2.574552417045501,16.21429424167601,0.0,-72.70969,-77.434326,-73.28389,-66.92455,-77.94908,-76.134094,-71.29494,-79.6753,-75.15903,-80.99464,-85.93326,-85.00704
10719.299670110126,3.53337093123972,15.704140061574234,0.0,-74.96532,-77.97476,-71.74946,-61.224785,-77.335495,-74.413956,-70.53682,-80.69271,-73.5471,-78.857315,-81.534515,-83.07576
10722.619366508425,4.261843034268882,15.316545242589982,0.0,-76.44735,-77.64984,-69.894485,-62.579044,-77.27557,-74.525154,-70.9004,-81.765396,-74.692474,-74.112,-78.53909,-81.89814
10725.939062906724,5.254001213063499,14.788652179678484,0.0,-74.299164,-77.921555,-69.900986,-63.995876,-77.31745,-75.184425,-71.66883,-79.97735,-76.37385,-70.71236,-76.24608,-81.5728
10729.258759305025,6.238716982525596,14.264718965450344,0.0,-77.32865,-77.23247,-69.93226,-63.590435,-76.446495,-74.12259,-73.64461,-73.87883,-72.819,-72.28193,-74.32631,-81.03625
10732.578455703322,7.034193556611747,13.841473384106797,0.0,-77.32032,-77.5528,-69.89842,-63.671535,-71.18214,-73.12621,-75.908325,-74.56132,-70.9723,-64.61162,-73.36107,-81.00867
10735.89815210162,7.892144315421586,13.384987449126536,0.0,-76.3568,-79.18568,-69.88188,-66.49938,-65.594604,-72.604256,-77.46315,-79.565704,-69.96697,-61.77715,-73.729126,-83.75882
10739.21784849992,8.713839862400498,12.947791658831862,0.0,-75.31013,-76.863266,-71.051476,-68.03219,-65.92509,-72.20459,-72.31593,-80.73115,-71.061035,-60.67704,-73.93275,-81.881294
10742.53754489822,9.372772914537036,12.59719616450395,0.0,-74.70223,-74.2173,-74.15599,-67.51468,-66.74277,-71.73115,-67.56143,-73.70125,-71.99961,-62.704903,-73.25541,-77.43007
10745.85724129652,10.201475048727804,12.156272411407702,0.0,-75.02931,-73.18051,-73.92268,-67.91353,-68.616806,-71.25915,-65.24994,-69.10811,-72.75248,-68.15709,-70.82981,-73.71542
10749.176937694818,10.97339463503064,11.745560688777095,0.0,-78.276955,-72.92027,-73.227684,-69.333374,-70.015854,-70.816444,-64.474655,-69.81349,-71.95425,-71.38322,-69.112816,-74.70353
10752.496634093117,11.826462944022229,11.29167253653366,0.0,-77.773636,-73.52773,-73.656975,-72.09262,-71.65886,-70.75569,-63.088722,-74.80888,-70.20684,-73.13075,-68.62921,-74.568596
10755.816330491416,12.698835533705786,10.827513243982564,0.0,-74.26441,-75.76834,-75.6933,-80.613884,-75.29993,-72.64576,-61.376396,-79.21145,-70.39124,-75.01877,-71.35078,-72.046974
10759.136026889715,13.59761470021271,10.349303924915308,0.0,-75.08128,-75.53812,-73.39394,-78.540634,-75.09227,-69.79272,-61.81872,-78.16567,-71.4258,-76.06049,-72.63135,-69.99064
10762.455723288014,14.428695059132874,9.907114800668042,0.0,-77.673256,-76.61741,-74.73191,-75.87428,-74.27455,-68.34509,-59.856846,-77.58175,-72.23482,-76.91966,-72.98077,-68.94192
10765.775419686312,15.443502179492768,9.367171019040375,0.0,-80.07149,-77.593636,-81.251724,-81.89132,-75.38122,-70.05234,-58.290466,-77.89932,-74.14507,-75.628784,-72.8745,-69.62944
10769.095116084613,16.379246916350443,8.869293598079894,0.0,-78.08037,-78.56104,-82.50855,-83.02958,-74.4417,-70.04002,-58.244785,-77.40967,-74.16598,-77.20408,-73.71686,-70.02545
10772.414812482912,17.140536314229646,8.464237831169067,0.0,-77.61935,-78.02263,-75.6042,-81.45946,-72.24661,-70.71472,-59.356377,-75.991905,-74.73431,-80.62026,-74.393326,-70.4403
10775.73450888121,18.002872834732536,8.005418384030337,0.0,-79.04937,-77.35484,-75.43362,-79.96743,-72.45298,-71.126724,-58.848263,-74.42333,-77.020805,-81.02745,-74.45942,-71.87047
10779.05420527951,18.850306238728024,7.5545283699075965,0.0,-80.5271,-78.294464,-76.8158,-78.08567,-76.93007,-72.506996,-62.222794,-74.23842,-80.34692,-76.50085,-77.39639,-73.01613
10782.373901677807,19.54171205932293,8.573660951557283,0.0,-79.50065,-74.58541,-75.20729,-78.843895,-76.2932,-72.218216,-70.4206,-79.871735,-75.755486,-82.650826,-74.6443,-76.06251
10785.693598076108,19.24754313560885,9.353908659065556,0.0,-78.42325,-73.887,-74.16038,-78.99154,-72.61965,-73.9209,-68.18278,-76.466225,-73.54634,-83.811226,-76.266655,-72.63893
10789.013294474407,18.92527467964921,10.20868699795338,0.0,-81.17878,-75.838425,-81.43173,-79.74047,-72.798584,-74.39546,-67.754845,-74.54209,-72.879364,-81.94305,-78.69624,-72.81304
10792.332990872706,18.600106532215094,11.071156419899458,0.0,-81.82964,-79.22699,-82.89992,-82.28609,-72.72772,-71.071,-68.71398,-75.63287,-72.59714,-79.7473,-78.7987,-74.55263
10795.652687271006,18.17064416561308,12.21025372076865,0.0,-79.29332,-79.05329,-83.3832,-81.5552,-71.01019,-69.87503,-72.51509,-75.94035,-80.67172,-77.71703,-74.07895,-74.79126
10798.972383669305,17.866974510093918,13.015700977287644,0.0,-78.12423,-78.312004,-85.63345,-80.36795,-69.780136,-70.23873,-76.44011,-77.411354,-81.18753,-76.20075,-71.52432,-74.34847
10802.292080067604,17.464332316662894,14.08366099292822,0.0,-77.53083,-78.291534,-82.11797,-81.17539,-73.050255,-72.27877,-75.48598,-78.994705,-79.378006,-78.30485,-68.39855,-73.43958
10805.611776465905,17.169985474773302,14.864380607009132,0.0,-80.133896,-76.27842,-78.80936,-79.58347,-74.67251,-73.454865,-74.04023,-79.13367,-79.51247,-79.53393,-69.98552,-72.30574
10808.931472864202,16.728514404159288,16.035329551679464,0.0,-81.66464,-75.42467,-77.411934,-76.0134,-70.95342,-69.69619,-73.573364,-78.99138,-82.78423,-74.67808,-75.245094,-74.45061
10812.2511692625,15.93720879311286,15.076942269295806,0.0,-78.82123,-78.53515,-80.28215,-76.4983,-67.683784,-64.282875,-70.06115,-80.04878,-83.35629,-73.63869,-71.17073,-72.91973
10815.5708656608,15.258839465538502,14.255337408631831,0.0,-78.38298,-80.91072,-78.54635,-77.88759,-66.40724,-62.06433,-66.909584,-80.794685,-77.24139,-73.53959,-67.493576,-71.97436
10818.8905620591,14.611321785400673,13.47109842296103,0.0,-78.627365,-79.67219,-77.12243,-78.96454,-65.92055,-64.24876,-65.99619,-80.300606,-71.73836,-75.07286,-64.40348,-73.438805
10822.2102584574,13.916645862913157,12.629743881559818,0.0,-78.32903,-78.29119,-76.36358,-79.655266,-67.14086,-68.61736,-64.343796,-80.06874,-71.206154,-75.74454,-63.491043,-74.24011
10825.529954855698,13.353128657891796,11.9472418050452,0.0,-75.34856,-77.46971,-76.11323,-79.73362,-70.92228,-72.34819,-62.778706,-79.84052,-71.19416,-74.9829,-66.13331,-73.7448
10828.849651253997,12.86897608410724,11.36086195006751,0.0,-74.85961,-76.753075,-75.95891,-79.67199,-73.52776,-73.40015,-61.536476,-80.69978,-70.806305,-74.631615,-69.133484,-72.32157
10832.169347652296,12.315537309735252,10.690566332885297,0.0,-73.93139,-74.903534,-74.99056,-78.24054,-75.18227,-72.01579,-62.563602,-77.223404,-69.87921,-74.86658,-71.28554,-72.557076
10835.489044050595,11.825476809322655,10.09703111130016,0.0,-73.12982,-73.413315,-73.93576,-74.84308,-75.01539,-70.13215,-65.15472,-74.926285,-69.17609,-75.30547,-71.5619,-73.57858
10838.808740448894,11.050763773928974,9.158739874319933,0.0,-71.169,-73.69209,-74.319756,-71.62755,-74.79626,-68.57012,-66.65942,-71.78746,-67.46394,-76.74763,-72.31864,-76.55547
10842.128436847192,10.437537063740544,8.416032288201123,0.0,-70.87702,-73.763214,-76.38408,-71.23365,-74.412895,-68.95239,-67.4581,-70.02664,-66.92374,-77.36211,-73.17785,-76.260574
10845.448133245492,9.722778392499816,7.5503545893096815,0.0,-70.317856,-73.18823,-79.97433,-73.260864,-73.63347,-71.94313,-66.92892,-69.15674,-66.33654,-72.948105,-80.47907,-72.10911
10848.767829643792,8.952574585408852,6.617524689894059,0.0,-71.687325,-70.6068,-81.15928,-73.49703,-73.014,-75.71916,-66.68539,-71.08152,-65.5522,-70.673546,-82.399376,-71.25559
10852.08752604209,8.220310552726106,5.730645427984035,0.0,-72.52205,-72.78392,-83.630775,-74.80295,-75.18566,-77.334274,-66.42124,-71.52455,-63.34322,-71.19471,-79.76106,-72.47733
10855.40722244039,7.467043324315721,4.818328212148516,0.0,-69.85146,-75.879074,-83.56856,-79.59837,-77.89477,-78.55932,-65.994774,-73.09431,-64.264404,-78.04169,-79.65571,-74.665504
10858.726918838687,6.846152261607776,4.066337969771658,0.0,-66.10096,-75.687805,-79.91643,-80.465294,-77.78715,-78.15847,-67.90361,-73.68272,-65.58661,-80.29947,-81.09013,-77.965324
10862.046615236988,6.0635156025814485,3.1184500611466044,0.0,-61.30008,-73.24132,-77.0613,-79.60287,-79.48373,-79.85344,-69.881676,-72.7365,-68.96388,-78.291145,-85.581604,-77.18629
10865.366311635287,5.544187155230434,2.489467058406261,0.0,-60.268295,-71.73486,-77.89683,-80.11635,-79.65638,-83.32619,-66.3326,-71.12254,-74.088196,-75.090614,-86.54886,-75.24971
10868.686008033586,4.82522837609695,1.6187024121548323,0.0,-60.941864,-72.49323,-77.1991,-80.52331,-79.43561,-84.64108,-65.41261,-72.414665,-75.85962,-74.4715,-87.96572,-75.41531
10872.005704431886,5.568694185264469,2.5235934466882077,0.0,-60.335545,-71.6938,-77.92321,-80.04828,-79.66479,-83.07232,-66.52672,-71.20715,-73.844376,-75.16404,-86.56205,-75.264915
10875.325400830185,6.293903064407218,3.4062635100702434,0.0,-61.852146,-73.97357,-77.021034,-79.825356,-79.267166,-78.9541,-70.79802,-73.560326,-67.68821,-79.63028,-82.90795,-77.982
10878.645097228484,7.042814816119235,4.317782938972713,0.0,-67.45528,-76.1432,-81.38662,-80.288124,-77.55288,-78.18973,-66.54392,-73.51346,-64.729675,-79.81508,-80.75632,-76.83001
10881.964793626785,7.800843273714954,5.240398541118007,0.0,-71.49152,-74.83858,-83.92437,-78.087265,-77.26973,-78.0333,-66.14959,-72.56589,-63.086388,-73.607315,-79.417076,-73.393906
10885.284490025082,8.535536744556353,6.134612540870068,0.0,-72.46282,-71.60195,-82.63764,-73.01678,-73.96194,-76.80541,-66.565765,-71.613235,-63.89739,-70.34905,-80.58832,-71.73502
10888.60418642338,9.14968808268954,6.882111663049841,0.0,-71.20073,-71.37064,-80.85987,-73.53953,-72.48245,-74.74694,-66.70072,-70.07851,-66.00227,-71.32781,-82.966675,-71.25648
10891.92388282168,9.873887239545336,7.763552767906058,0.0,-70.4389,-73.88755,-79.60017,-72.60214,-74.07162,-71.22532,-67.387825,-69.206215,-66.25519,-74.09199,-78.41662,-72.9366
10895.24357921998,10.593350595182374,8.639229809356339,0.0,-70.695786,-73.80671,-75.59157,-71.05325,-74.40293,-68.674545,-66.925064,-70.823586,-66.95347,-77.58509,-72.61927,-76.83451
10898.56327561828,11.329191667519131,9.534840583904982,0.0,-72.25873,-73.54541,-73.60326,-72.45404,-74.84486,-68.62865,-66.46917,-72.47244,-67.89715,-76.14365,-71.95416,-74.82646
10901.882972016578,11.950181796285266,10.290663371079836,0.0,-73.393295,-73.71338,-74.22068,-75.51214,-75.05937,-70.7046,-64.66228,-75.507416,-69.492096,-75.07914,-71.49112,-73.26
10905.202668414877,12.644621092487707,11.135882997070285,0.0,-74.775375,-75.99119,-75.65875,-79.36121,-74.36381,-73.18391,-61.19885,-79.93482,-70.40539,-74.589096,-70.09029,-72.39525
10908.522364813176,13.124288185243795,11.71969794382848,0.0,-75.163635,-77.18059,-75.973114,-79.37227,-71.98817,-73.09571,-62.208523,-79.989586,-71.02805,-74.63682,-67.25357,-73.09695
10911.842061211477,13.892107976518185,12.654230825763507,0.0,-78.56617,-78.19405,-76.22612,-79.44311,-66.86883,-68.50999,-64.4122,-80.17107,-71.1821,-75.64752,-63.400917,-74.38266
10915.161757609774,14.416883378264368,13.292948235936668,0.0,-79.00941,-79.0205,-76.77984,-79.075226,-65.651215,-65.31601,-65.628,-80.26377,-71.458176,-75.15514,-64.002075,-73.97491
10918.481454008072,15.017024001827224,14.023394563158332,0.0,-78.46669,-80.959366,-77.65596,-78.29925,-66.009094,-62.073284,-66.76336,-80.76045,-74.62607,-73.765335,-66.50892,-72.331215
10921.801150406372,15.542868418016043,14.663413097839172,0.0,-78.4626,-79.97996,-79.63405,-77.13431,-66.75921,-62.765186,-68.410904,-80.73273,-80.58093,-73.08249,-69.28477,-72.35214
10925.120846804672,16.053978111418957,15.285497628856502,0.0,-79.24697,-77.9247,-79.90044,-76.105606,-67.94965,-64.93026,-70.7869,-79.8363,-83.75798,-73.502815,-71.95299,-73.37588
10928.44054320297,16.68762348499224,16.056723434468257,0.0,-81.721504,-75.56918,-77.48041,-76.100784,-70.89847,-69.6718,-73.64726,-79.18561,-82.656006,-74.45914,-75.3718,-74.64203
10931.76023960127,17.48397161848623,15.248911007518062,0.0,-81.33035,-75.52983,-77.77747,-79.19158,-76.16855,-75.22308,-75.43201,-79.05735,-79.20465,-79.74581,-71.45721,-73.122345
10935.079935999567,18.22344644319221,14.498790642203218,0.0,-78.323235,-77.68386,-80.74937,-82.59703,-75.452515,-75.63424,-78.16126,-79.97193,-78.12772,-78.51565,-70.659004,-75.21684
10938.399632397868,19.035226498281144,13.675324134441125,0.0,-78.134674,-77.7831,-84.64052,-82.67488,-71.86682,-70.66752,-77.63493,-80.07172,-81.306114,-77.06709,-72.03041,-78.22741
10941.719328796167,19.641829632051195,13.059988291891456,0.0,-79.200935,-78.11956,-82.68338,-82.40069,-73.15319,-69.500114,-71.83319,-79.623215,-82.6742,-78.19468,-74.07645,-77.64042
10945.039025194466,18.9015575690694,13.096111520692226,0.0,-78.38242,-77.85379,-84.68311,-82.66302,-71.6849,-70.06109,-74.954445,-78.61786,-81.86114,-77.09001,-72.90025,-76.802475
10948.358721592766,17.95775524111415,13.142166463381944,0.0,-77.95077,-78.09632,-85.56999,-80.672325,-69.9862,-70.60713,-76.987236,-77.73963,-81.23985,-76.28457,-71.45976,-74.65348
10951.678417991065,16.755676473449505,13.200824581839084,0.0,-77.63031,-79.913826,-84.733795,-79.19076,-70.31278,-67.30113,-69.500565,-76.80137,-78.18852,-77.16012,-67.86389,-72.28501
10954.998114389364,15.86595761746249,13.244240400712108,0.0,-76.011284,-80.98247,-81.35724,-80.46381,-69.91872,-64.03322,-65.91235,-77.31441,-74.60486,-77.26244,-65.3928,-70.900696
10958.317810787665,15.010759495446491,13.285971703264762,0.0,-77.23208,-80.83493,-77.90917,-80.0706,-67.52247,-63.919975,-65.63223,-79.25195,-72.20746,-76.19921,-64.298515,-72.08512
10961.637507185962,13.984294880001702,13.336060336908792,0.0,-80.406296,-77.7045,-75.21376,-77.43455,-64.23624,-66.223816,-65.7908,-81.24638,-71.26676,-74.17701,-63.267456,-75.50703
10964.95720358426,13.238983843024652,13.37242945370082,0.0,-82.590935,-75.85315,-73.99248,-72.12374,-62.837162,-68.291534,-65.542336,-81.89311,-71.18836,-73.03029,-61.02632,-77.447
10968.27689998256,12.266011238075976,13.419907825211787,0.0,-80.31805,-75.85876,-73.2431,-70.85646,-65.31478,-70.19346,-65.79921,-79.926476,-72.497375,-70.81372,-61.842636,-76.50993
10971.59659638086,11.341014508887458,13.465045106705094,0.0,-75.50397,-76.299515,-74.4839,-69.81583,-66.54469,-71.39185,-66.13441,-73.72922,-73.49238,-68.46673,-65.601234,-79.07135
10974.91629277916,10.593199269120744,13.501536421665683,0.0,-74.61818,-76.69705,-76.022255,-68.80576,-66.15223,-72.436516,-67.37709,-72.94598,-73.952805,-68.01898,-69.834854,-82.15527
10978.235989177458,9.506015693186752,13.55458797260996,0.0,-75.77311,-77.88431,-71.542206,-67.52159,-65.698456,-72.24753,-71.246826,-79.036705,-72.282974,-62.8847,-74.02731,-82.58596
10981.555685575757,8.529637490972217,13.602232527846333,0.0,-76.29566,-79.35749,-70.33741,-66.48869,-65.31308,-72.35749,-75.355385,-80.70931,-70.79858,-62.2803,-74.1628,-82.21653
10984.875381974056,7.372429732995698,13.658701065160889,0.0,-76.81046,-78.60143,-69.7919,-64.87101,-68.52289,-72.959274,-76.91783,-76.303024,-70.45218,-63.034412,-73.36805,-81.87873
10988.195078372357,6.3464363268321184,13.70876670509554,0.0,-77.03811,-74.43048,-70.24127,-64.02123,-74.94453,-74.29687,-76.36054,-72.61186,-71.53508,-67.06783,-74.72937,-82.35837
10991.514774770654,5.491776140868677,13.750471757856966,0.0,-77.29718,-72.20652,-70.38528,-64.357056,-77.98512,-76.06304,-75.89684,-73.46736,-72.40759,-74.439514,-77.18979,-83.300575
10994.834471168951,4.657231319430729,13.79119523647626,0.0,-76.84868,-74.20116,-70.07077,-64.6969,-77.62783,-76.092094,-76.16307,-76.66373,-71.90301,-72.768875,-78.58671,-83.77287
10998.154167567252,3.901814866948816,13.828057469589522,0.0,-78.1761,-77.70712,-68.68218,-64.54553,-76.76946,-75.78218,-76.07396,-79.97675,-72.525505,-74.4498,-83.31472,-84.01865
11001.473863965552,3.159386977647307,13.86428589675086,0.0,-79.242,-78.301704,-65.963066,-64.44203,-76.514854,-75.636505,-77.043396,-82.32802,-73.060486,-77.88501,-83.59397,-85.008865
11004.79356036385,2.1773482250197924,13.91220667118816,0.0,-77.7442,-77.93123,-66.622925,-64.23124,-76.33253,-75.98555,-78.78136,-82.384056,-72.85436,-80.81664,-81.134995,-85.422585
11008.11325676215,1.353611533067058,13.952402742987951,0.0,-76.91321,-76.32877,-66.295395,-66.58469,-75.563095,-78.03378,-80.67243,-81.86725,-72.7331,-79.64639,-80.20312,-84.44384
11011.432953160447,1.6660362959590125,14.638520877788103,0.0,-74.714226,-78.572525,-69.297356,-66.99678,-76.81989,-77.39188,-77.90198,-80.45356,-72.7812,-82.001595,-81.39635,-86.09493
11014.752649558748,2.0615767749547267,15.507169998857782,0.0,-72.43764,-79.29005,-72.280365,-68.26552,-77.586266,-76.84286,-73.469124,-79.31463,-73.371574,-82.6129,-87.8333,-85.77009
11018.072345957047,2.5040997097868907,16.478997608944933,0.0,-73.1642,-76.646774,-72.95659,-69.38275,-78.39228,-76.52708,-70.99594,-79.61286,-76.648865,-80.46352,-83.574745,-85.24457
11021.392042355346,1.8575612066777163,16.023023056577518,0.0,-72.41413,-77.958145,-72.038246,-71.075096,-78.52499,-77.743416,-73.21456,-78.96211,-73.89291,-82.237206,-86.83816,-85.929016
11024.711738753644,1.2444558885151944,15.590627427146565,0.0,-73.8297,-77.86879,-68.91122,-71.49376,-78.69353,-78.72795,-76.22176,-78.604774,-73.426796,-81.92654,-82.11903,-85.193245
11028.031435151945,1.4456611794509169,16.539786454192516,0.0,-72.54491,-76.49582,-71.4711,-73.066505,-79.63978,-78.673775,-73.16725,-78.91849,-74.325066,-81.702065,-83.86355,-85.534325
11031.351131550244,2.579352161513693,16.37250629505405,0.0,-73.09023,-76.94195,-73.1285,-67.85578,-78.16647,-76.25641,-71.00924,-79.6466,-76.13874,-80.607666,-84.45752,-85.06244
11034.670827948545,3.4949836687510145,16.23740159133297,0.0,-74.821106,-77.55584,-72.48369,-60.695354,-77.87911,-74.88332,-70.45727,-80.16964,-74.354256,-79.48992,-80.6617,-83.19076
11037.990524346842,4.4693506002439936,16.093630265691093,0.0,-77.419174,-77.06001,-70.53479,-60.999954,-77.80061,-75.02918,-71.248695,-81.0103,-73.917725,-75.02655,-77.83049,-81.072136
11041.31022074514,5.276041075531493,15.974600200870391,0.0,-76.332565,-77.50064,-68.77173,-61.935772,-77.280106,-75.157616,-72.666595,-81.14248,-75.578995,-71.83606,-76.57033,-79.74124
11044.62991714344,6.035091037797004,15.86259966413613,0.0,-77.69421,-78.37264,-68.53287,-62.427906,-77.04985,-75.20286,-73.106865,-80.10716,-76.84355,-71.61898,-74.71026,-78.85123
11047.94961354174,6.913405099490452,15.73300128297383,0.0,-80.53989,-78.46627,-68.74249,-61.74445,-76.36023,-73.868965,-72.76422,-75.88051,-75.71908,-72.8725,-74.33798,-76.77985
11051.26930994004,7.909090759315465,15.586084302718453,0.0,-79.99102,-79.905754,-69.61293,-61.54396,-72.99959,-72.38654,-72.94693,-74.38984,-73.77727,-66.984604,-74.00702,-76.49007
11054.589006338338,8.658986354152928,15.475434525639518,0.0,-80.017006,-80.79177,-70.417564,-62.56137,-70.54778,-71.8743,-73.527336,-76.87648,-73.58596,-66.33253,-74.307045,-77.70144
11057.908702736637,9.68794113723612,15.323608567257756,0.0,-79.76229,-81.59313,-71.23858,-66.45508,-66.427605,-72.89639,-75.34585,-82.18496,-73.28593,-66.64964,-75.00301,-80.96628
11061.228399134936,10.513029448364067,15.201863835957486,0.0,-79.37433,-81.42579,-72.20966,-68.328636,-64.467926,-73.41897,-75.51832,-83.56489,-74.02499,-67.70324,-74.858086,-81.43871
11064.548095533237,11.370963188066986,15.075272644196716,0.0,-79.62745,-81.13051,-76.15035,-70.73842,-64.46469,-72.58275,-73.506615,-81.690544,-76.65467,-70.546555,-70.804955,-79.80905
11067.867791931534,12.499759656307155,14.908714688078389,0.0,-79.008606,-79.97954,-74.29659,-76.40295,-65.60496,-67.85672,-72.39997,-81.17092,-79.16767,-70.46065,-62.99223,-77.1929
11071.187488329831,13.252138605585412,14.797698483169802,0.0,-78.544586,-79.0701,-73.31878,-76.844604,-65.048386,-66.08744,-71.76774,-82.200806,-78.4816,-71.12994,-62.867214,-76.33287
11074.507184728132,14.0881246770927,14.67434574834886,0.0,-79.49004,-78.58968,-74.17708,-76.30878,-63.626057,-64.374115,-70.20746,-83.11571,-78.53102,-71.76526,-65.842705,-76.384735
11077.826881126432,15.080184690150908,14.527963745241337,0.0,-78.294716,-80.471,-77.88196,-76.88842,-65.510864,-62.789703,-67.829544,-81.39081,-79.738495,-72.557655,-68.28808,-72.89521
11081.14657752473,16.024139380303325,14.38867985458104,0.0,-78.94425,-79.15026,-80.36153,-78.80205,-69.48023,-64.18063,-67.73506,-80.01778,-78.337425,-76.57857,-68.30086,-70.9263
11084.46627392303,16.980139460166534,14.247618623587629,0.0,-77.67617,-78.266975,-81.06623,-80.92743,-72.80572,-70.960464,-71.45794,-78.78816,-78.94525,-78.58584,-68.11188,-71.74501
11087.785970321327,18.116525687691528,14.079940771341452,0.0,-78.06099,-77.66697,-82.588715,-82.21448,-73.54694,-73.44777,-78.00709,-79.4119,-79.29478,-77.76194,-70.49387,-75.33363
11091.105666719628,18.901362265640923,13.964135327235176,0.0,-78.08765,-77.743965,-83.75891,-82.75535,-72.976875,-71.68596,-78.368416,-80.19098,-80.690735,-77.29945,-71.52181,-78.65928
11094.425363117927,19.50154239390473,13.24130548573022,0.0,-78.7889,-78.028854,-83.64954,-82.71714,-73.14262,-69.6403,-73.55994,-79.88083,-82.34396,-77.683136,-73.36366,-77.90781
11097.745059516226,18.46363334995681,12.826157312272516,0.0,-78.31495,-78.13554,-84.992615,-81.877335,-70.38217,-70.22192,-74.92872,-77.51954,-81.77032,-76.89403,-73.00213,-75.762794
11101.064755914524,17.351892414593966,12.381477480869869,0.0,-79.31164,-79.48442,-85.134186,-78.87841,-69.51667,-68.4467,-72.96077,-75.69931,-80.7498,-76.85709,-71.570816,-73.02471
11104.384452312825,16.434615480807707,12.014580356466972,0.0,-80.51843,-80.51378,-83.70739,-76.82936,-70.68713,-65.639175,-67.47077,-74.26308,-77.55319,-77.17644,-70.03296,-71.48123
11107.704148711124,15.431870217336144,11.613497171961574,0.0,-80.88799,-80.11523,-78.94507,-75.933304,-72.88209,-64.95602,-64.495125,-73.67437,-76.20661,-77.11088,-68.677574,-70.490326
11111.023845109425,14.526345790243266,11.251300875358336,0.0,-77.69795,-78.19443,-76.24627,-77.90749,-74.53095,-68.38783,-62.78335,-75.70664,-73.34292,-76.66387,-69.77594,-69.257614
11114.343541507722,13.804506670950332,10.962575968631525,0.0,-75.157684,-77.0153,-75.25503,-79.719185,-75.085846,-71.11214,-62.048237,-78.41219,-72.04031,-75.85391,-71.40137,-70.3942
11117.66323790602,12.729990392970016,10.532785446277732,0.0,-73.947334,-75.49475,-74.92351,-80.633224,-75.27104,-72.031235,-62.17462,-78.39895,-70.33549,-75.17093,-72.052795,-71.74665
11120.98293430432,12.040055966064491,10.25682194176299,0.0,-73.40493,-73.91184,-74.30858,-76.03943,-75.11636,-70.67038,-64.50301,-75.80335,-69.52758,-75.0918,-71.60311,-73.012825
11124.30263070262,11.122490469393377,9.889809396499976,0.0,-73.002396,-72.97342,-73.217476,-70.76129,-74.2662,-68.836334,-67.09732,-71.76348,-67.87734,-75.77618,-71.431206,-75.03788
11127.622327100918,10.340931976696652,9.577197629037933,0.0,-70.926765,-72.57105,-73.93667,-68.71055,-73.865425,-68.78938,-68.30546,-69.955605,-67.19721,-75.628365,-72.12304,-76.577194
11130.942023499218,9.442471445904271,9.21782678584388,0.0,-70.931244,-72.51406,-74.21227,-67.38916,-73.50604,-69.47965,-70.316536,-70.164215,-68.09647,-74.46165,-75.75747,-76.784355
11134.261719897517,8.485605745461568,8.835094743860585,0.0,-69.22419,-72.82346,-75.168594,-68.3117,-73.541275,-71.33163,-72.9467,-72.47683,-68.53758,-72.54592,-84.0793,-79.095825
11137.581416295816,7.552077331528397,8.461697269221498,0.0,-68.01624,-72.329,-75.54684,-67.71888,-72.822296,-73.707184,-72.97994,-73.79301,-66.84856,-70.44378,-89.80969,-78.826584
11140.901112694117,6.717121406683155,8.12772732345563,0.0,-68.98765,-70.424065,-75.08589,-68.80593,-70.888145,-75.87404,-73.08284,-73.64673,-62.673416,-66.73272,-88.171104,-76.74387
11144.220809092414,5.628020516635489,7.692103173294418,0.0,-68.49278,-69.01745,-76.93463,-71.59429,-70.01141,-77.169266,-73.75701,-75.08633,-61.00448,-62.84289,-87.7162,-76.281296
11147.540505490711,4.758938406047279,7.344483261030154,0.0,-67.47135,-67.47174,-77.2981,-76.78156,-76.71473,-76.803085,-74.28867,-76.30116,-61.48953,-62.235256,-87.49662,-76.50399
11150.860201889012,4.040875254164623,7.057268685080929,0.0,-65.63062,-64.93522,-76.135185,-77.16617,-78.27078,-76.11901,-75.63775,-77.1979,-62.819836,-62.36104,-84.52693,-77.477356
11154.179898287312,2.9389574536901977,6.616517961465072,0.0,-65.94768,-60.14363,-72.35134,-75.89392,-77.00108,-74.64815,-80.540924,-77.59528,-66.712425,-64.72699,-82.4191,-79.07579
11157.49959468561,2.0641451803528805,6.266606069366179,0.0,-65.68608,-58.44251,-71.95112,-74.814575,-77.78126,-74.424675,-81.24932,-76.50819,-67.651855,-66.42942,-83.1399,-78.85299
11160.81929108391,1.3325791403715124,5.973990539100898,0.0,-66.91517,-56.403114,-71.37855,-73.61353,-79.198296,-76.700005,-80.85194,-76.151825,-68.70719,-70.77713,-86.34016,-79.20207
11164.138987482209,2.043264668289177,5.584992120378526,0.0,-65.839005,-59.82435,-72.146355,-75.385445,-80.53819,-76.57397,-79.35526,-76.53735,-67.96483,-71.31006,-84.621414,-77.241776
11167.458683880508,2.735655438182005,5.206007458322092,0.0,-65.72463,-62.790295,-72.74039,-76.625046,-81.33782,-77.64352,-75.40451,-76.460754,-67.245155,-71.72721,-84.18249,-74.91457
11170.778380278807,3.632445355574305,4.7151435725554665,0.0,-65.61576,-67.40935,-73.53774,-78.003204,-81.40498,-79.26168,-71.99677,-76.109215,-66.16123,-77.45039,-83.59189,-75.240265
11174.098076677106,4.344088641441338,4.325620918692252,0.0,-65.82976,-72.949066,-74.39471,-78.86906,-80.49064,-79.73716,-70.64047,-76.74216,-65.94141,-79.32342,-82.967476,-75.908875
11177.417773075404,5.440190847598585,3.725662134949199,0.0,-65.32894,-75.536415,-76.10172,-80.09446,-79.59518,-79.41297,-69.84386,-76.102196,-66.72972,-79.97471,-82.63155,-77.86324
11180.737469473705,6.165439989383128,3.3286922259648866,0.0,-61.81531,-73.85193,-76.95706,-79.71115,-79.38189,-79.33671,-70.55614,-73.62893,-67.953896,-79.3531,-84.00935,-77.89191
11184.057165872004,7.146791455018732,2.791543018126567,0.0,-58.995754,-70.99021,-79.178474,-78.9862,-77.82524,-74.08939,-72.39572,-67.19578,-69.946945,-77.87028,-86.48814,-74.062584
11187.376862270305,7.895739211888496,2.381601515614703,0.0,-58.392982,-69.94629,-81.497086,-76.09576,-77.217415,-73.80982,-72.645294,-66.04405,-71.30444,-77.171,-88.383545,-72.79728
11190.696558668602,8.559610810695418,2.0182270102589337,0.0,-62.18849,-70.36286,-82.863594,-74.709496,-75.52581,-76.23526,-71.02534,-65.10009,-72.19544,-78.00186,-87.74221,-72.08232
11194.0162550669,9.566821202901297,1.466923748130009,0.0,-69.83587,-72.56588,-84.10923,-75.41229,-74.13164,-81.07037,-68.68709,-64.361404,-74.23374,-78.29541,-83.8472,-67.23342
11197.3359514652,10.512823164178476,1.0400414106955682,0.0,-69.244316,-73.90092,-85.48519,-76.2648,-78.84898,-79.982376,-65.77648,-64.12585,-74.85512,-78.78001,-83.12406,-65.84256
11200.6556478635,10.883607752340478,1.8023942081166484,0.0,-72.92395,-73.67048,-83.39838,-74.89505,-77.31192,-81.27697,-65.14448,-63.411224,-74.46481,-77.35633,-79.66011,-64.680725
11203.975344261798,11.214785695621918,2.483313641031309,0.0,-75.51348,-73.5066,-79.97481,-74.831085,-77.96978,-80.31025,-64.49622,-63.72725,-74.29679,-75.37461,-78.90651,-61.867893
11207.295040660098,11.693532659990618,3.467642815424786,0.0,-73.69158,-73.63648,-76.60342,-75.52325,-79.06868,-74.28208,-65.0503,-66.47177,-73.95021,-73.471466,-82.23376,-57.80058
11210.614737058397,12.129012496085782,4.363012477128662,0.0,-72.85199,-73.06091,-74.973206,-78.13269,-78.78924,-72.37555,-65.865364,-71.201805,-73.108055,-74.19944,-83.805954,-59.33019
11213.934433456696,12.505521033500012,5.137134018084536,0.0,-73.81859,-73.27412,-74.784744,-79.76159,-78.37016,-72.177605,-66.92754,-74.076096,-72.81331,-76.43355,-81.738075,-62.148777
11217.254129854997,12.905921945094413,5.9603795487498346,0.0,-80.06126,-77.65175,-75.32719,-81.52777,-76.64184,-73.07208,-69.36996,-77.1932,-75.0724,-79.219,-74.276955,-64.54415
11220.573826253294,13.29414587771776,6.758588564200911,0.0,-82.833336,-79.2439,-75.63715,-82.025734,-75.76653,-73.244125,-70.526276,-78.4432,-77.52768,-80.72244,-73.21498,-66.23202
11223.893522651591,13.676097321386823,7.543901009368962,0.0,-80.30062,-77.272934,-77.94524,-81.30903,-75.60998,-72.43015,-65.75468,-79.21037,-76.96956,-78.65316,-73.15547,-67.07746
11227.213219049892,14.052728674101273,8.318275065102089,0.0,-78.49375,-75.62075,-78.33257,-80.27637,-75.28805,-71.24259,-62.598656,-79.77267,-74.995445,-76.569855,-72.878204,-67.63148
11230.532915448191,14.458354369253062,9.152263028133955,0.0,-78.70814,-75.39386,-77.14464,-78.83439,-74.98768,-68.651985,-58.703842,-78.74636,-72.20171,-75.822754,-72.87357,-68.40312
11233.85261184649,14.882574794482576,10.02448274336004,0.0,-78.87889,-78.27756,-76.25304,-76.398125,-74.17085,-68.470825,-60.45451,-76.63353,-73.58453,-77.3147,-72.65151,-69.350006
11237.17230824479,15.256736680722142,10.793779444922116,0.0,-81.856705,-79.6288,-76.39548,-74.559166,-73.5683,-65.53888,-63.765724,-73.22874,-75.80864,-78.28782,-70.92204,-69.94063
11240.492004643089,15.670922313547385,11.645367094239369,0.0,-81.21444,-80.855705,-79.47401,-75.474396,-72.45293,-64.82801,-65.16636,-73.32133,-76.63114,-77.293465,-69.06505,-70.61014
11243.811701041388,16.091980192220575,12.511084445852822,0.0,-78.61941,-80.909134,-83.70066,-77.37218,-70.281296,-64.35641,-66.5242,-75.08067,-76.02895,-76.65015,-67.72691,-71.29432
11247.131397439687,16.463153817948946,13.274237125163532,0.0,-76.96563,-80.3521,-84.18069,-79.26776,-70.23139,-66.24131,-67.96876,-76.74913,-76.92575,-77.249405,-66.77158,-71.76292
11250.451093837986,16.841144217980478,14.051405454329494,0.0,-76.93428,-78.88939,-81.89782,-80.60676,-71.98047,-69.87025,-70.41227,-78.52606,-78.519745,-78.202835,-67.65248,-71.67718
11253.770790236284,17.3812124147363,15.161814337923843,0.0,-81.116104,-75.671715,-78.0218,-79.12887,-75.68883,-74.47528,-75.27295,-79.02476,-79.42792,-79.63972,-71.13796,-72.84471
11257.090486634585,17.90934157172844,16.247675921946005,0.0,-82.56302,-73.4514,-75.913315,-76.9815,-75.58872,-73.079124,-73.62892,-78.60849,-82.15523,-79.46737,-73.81504,-74.42503
11260.410183032884,18.553406110950263,16.62218268131075,0.0,-82.95749,-73.31995,-75.33575,-78.4786,-75.271996,-74.85493,-73.99672,-79.05394,-81.58307,-79.58046,-74.11433,-74.98768
11263.729879431185,19.442821619924185,16.50869011459061,0.0,-82.31857,-73.967545,-75.458046,-82.52387,-75.04149,-80.05651,-75.98243,-80.41062,-77.78558,-78.91869,-73.314354,-78.19555
11267.049575829482,18.680662853760285,15.789393899880004,0.0,-81.4229,-75.14892,-76.47592,-81.89222,-78.082825,-79.08673,-77.23874,-80.20645,-76.8393,-80.11694,-72.153,-76.75632
11270.36927222778,18.12106132375085,15.26126343658033,0.0,-80.71099,-75.99396,-77.524925,-81.355316,-79.11878,-78.652985,-77.42581,-79.97631,-77.20014,-80.25693,-71.70072,-75.1695
11273.68896862608,17.208601882074746,14.40011920835343,0.0,-78.206055,-77.738495,-80.467094,-81.07035,-73.96624,-72.72919,-73.622925,-79.083115,-79.082016,-78.922226,-68.539795,-72.09442
11277.00866502438,16.583128722038342,13.80982162681185,0.0,-76.33082,-79.67842,-82.484604,-80.237206,-71.2444,-68.13097,-68.650764,-78.040695,-77.408775,-77.79871,-67.0671,-71.57911
11280.328361422678,15.97322541053621,13.234218271213097,0.0,-76.21914,-80.95198,-81.96884,-80.129265,-69.9967,-64.49835,-66.16257,-77.101654,-75.00327,-77.26071,-65.528145,-70.983734
11283.648057820978,15.356520096921969,12.652195446877768,0.0,-77.09272,-80.71448,-79.5888,-80.1808,-70.30362,-63.626648,-64.86322,-76.52946,-73.6743,-76.83638,-64.778336,-70.31359
11286.967754219277,14.792662824051227,12.120048576673366,0.0,-77.748276,-79.36666,-78.50641,-80.06822,-72.09384,-66.692635,-63.80975,-76.76367,-73.32867,-76.41103,-65.4288,-70.214584
11290.287450617576,14.04052106063425,11.41020602500317,0.0,-75.35162,-77.86823,-76.79672,-80.2848,-74.63217,-70.56618,-62.569336,-77.64283,-72.4378,-76.11054,-68.49915,-70.379295
11293.607147015877,13.478873468587118,10.880144566818812,0.0,-74.42682,-76.638145,-75.16352,-80.68778,-75.20785,-72.1809,-61.749004,-79.330345,-71.55941,-75.53835,-71.60157,-71.20438
11296.926843414174,12.642957583998944,10.091239212325467,0.0,-73.61227,-74.32276,-73.69086,-79.76822,-75.00284,-70.50359,-63.613857,-77.45676,-70.006485,-75.38362,-72.15792,-71.46834
11300.246539812471,11.891872048895651,9.382393488431363,0.0,-72.63247,-73.92684,-73.31734,-75.432495,-74.920425,-67.99539,-65.51178,-74.860146,-68.80672,-75.50674,-72.24311,-73.32584
11303.566236210772,11.151947057534016,8.684080657713691,0.0,-71.261826,-73.85509,-74.93143,-73.31061,-74.90858,-68.44657,-66.747665,-72.220505,-67.671196,-76.77859,-72.53562,-74.900475
11306.885932609071,10.50015630788693,8.068945544377323,0.0,-70.9955,-73.814766,-77.84954,-72.59244,-74.859085,-69.522064,-68.2296,-70.10882,-67.45327,-76.0064,-74.42767,-73.86474
11310.20562900737,9.625124745068728,7.2431243128570575,0.0,-70.262566,-72.9506,-80.32246,-74.03601,-73.220764,-72.93027,-66.74026,-69.14495,-67.75449,-72.091515,-82.60937,-71.51094
11313.52532540567,8.950327262024555,6.606276326848931,0.0,-71.697975,-70.60425,-81.17012,-73.513054,-73.056435,-75.74403,-66.6808,-71.10675,-65.60229,-70.64838,-82.37055,-71.25291
11316.845021803969,8.345778467687136,6.035726359204457,0.0,-72.67153,-71.75191,-83.18268,-73.064384,-73.77464,-77.18424,-66.561386,-71.56082,-62.87258,-70.44931,-80.147026,-71.905556
11320.164718202268,7.707217627997215,5.433077127518507,0.0,-71.82157,-74.18157,-83.81162,-77.484505,-76.66994,-78.18087,-66.30363,-72.64255,-62.356346,-72.396324,-79.37141,-72.80208
11323.484414600567,7.128223338601808,4.886644521622831,0.0,-70.30971,-75.68029,-83.08675,-79.73721,-77.705635,-78.61163,-66.05694,-73.802284,-63.820652,-77.48081,-79.704575,-74.690735
11326.804110998866,6.549145287062888,4.340132864228386,0.0,-67.75089,-76.23924,-79.17404,-80.38334,-77.63894,-78.11913,-68.878815,-74.62982,-64.52882,-80.778206,-81.369736,-77.64366
11330.123807397164,5.775459560505249,3.6099579463571945,0.0,-63.927,-75.17268,-76.31185,-79.795815,-79.39796,-79.28131,-70.19739,-75.30834,-67.03869,-79.987015,-82.99133,-78.35616
11333.443503795464,4.8724821500046565,2.7577624955177744,0.0,-62.230034,-71.58748,-77.40422,-80.81097,-80.095215,-83.939735,-66.15182,-72.604996,-72.907906,-74.716995,-85.63969,-75.39669
11336.763200193764,4.113227041541008,2.04120664158937,0.0,-63.031433,-71.799034,-75.89954,-79.1376,-79.83369,-83.220436,-66.99257,-73.19974,-74.20091,-74.33766,-89.18885,-75.57263
11340.082896592065,3.254677028971628,1.2309400651263558,0.0,-66.11029,-72.30889,-74.84417,-77.192566,-78.19118,-80.69713,-72.59671,-76.65132,-74.81215,-75.18801,-93.43372,-79.70311
11343.402592990362,3.438357585353374,2.070270320813704,0.0,-66.161804,-71.009544,-74.80561,-78.12057,-79.32287,-81.1987,-70.33648,-74.14074,-73.25546,-74.15922,-93.28687,-77.240845
11346.72228938866,3.638979752092821,2.987015445191516,0.0,-65.54057,-70.421524,-75.601746,-79.94054,-80.572624,-81.63257,-67.540794,-74.53094,-70.78585,-74.53128,-87.09899,-75.61964
11350.04198578696,3.798373276751783,3.715365851147761,0.0,-65.160324,-69.9872,-75.83235,-80.70304,-80.771194,-81.152824,-68.87073,-74.6089,-68.06856,-75.71224,-84.20119,-75.2294
11353.36168218526,4.057545466848395,4.899655929890448,0.0,-66.314835,-70.12991,-73.09655,-77.97779,-80.35303,-78.37813,-72.45817,-76.96864,-65.4922,-75.848755,-83.63907,-75.427826
11356.681378583558,4.253924154192213,5.797010430043809,0.0,-67.19242,-69.23822,-73.21243,-77.697876,-77.55083,-75.83459,-74.430046,-77.38614,-65.09693,-66.20373,-86.251976,-74.31263
11360.001074981858,4.438537657381141,6.640603796087738,0.0,-67.22767,-67.65661,-75.729034,-77.518585,-79.05333,-76.13312,-74.73113,-76.822426,-62.723373,-63.002945,-87.921234,-73.6848
11363.320771380157,4.606442199648096,7.407845387511813,0.0,-67.095726,-67.01328,-77.17778,-76.833336,-77.100075,-76.79051,-74.39809,-76.41353,-61.55188,-62.18313,-86.36614,-77.459045
11366.640467778456,4.850177663298553,8.521597180601125,0.0,-65.071144,-67.93935,-73.76443,-71.416916,-69.99082,-77.21763,-73.04862,-75.11948,-61.3486,-62.760628,-81.47822,-82.444855
11369.960164176757,5.089011393583286,9.61295045094961,0.0,-66.01977,-68.77234,-70.698364,-71.94542,-73.280785,-79.81135,-72.35312,-75.63368,-61.716583,-61.83796,-83.56347,-81.87786
11373.279860575054,5.3370317166102765,10.746281954526165,0.0,-71.89498,-72.669586,-66.7383,-73.928825,-79.27617,-84.35424,-73.89066,-79.031265,-62.809464,-62.729687,-89.472984,-80.56284
11376.599556973351,5.58280101341294,11.869327369832726,0.0,-73.76303,-72.09891,-67.93512,-69.05683,-77.930916,-80.44466,-75.610916,-76.83245,-65.379906,-65.26253,-83.92993,-83.4052
11379.919253371652,5.792230096160914,12.826315790566255,0.0,-76.81374,-71.557495,-70.18264,-65.478516,-76.150604,-76.95828,-78.15094,-72.97139,-69.17361,-67.941696,-77.12617,-84.11454
11383.238949769951,5.999065641311264,13.771453013667172,0.0,-77.593155,-73.65026,-70.285225,-64.104485,-76.881546,-74.98784,-75.70474,-72.538795,-72.07799,-72.11226,-75.579285,-82.701004
11386.55864616825,6.21450396734068,14.75590073547892,0.0,-77.01027,-78.26374,-69.31462,-63.186012,-76.77657,-74.06804,-72.05213,-76.11427,-73.90727,-72.80938,-74.425964,-79.69749
11389.87834256655,6.373408799606273,15.482018056346798,0.0,-78.25547,-78.37644,-68.79763,-62.540676,-77.0971,-74.3662,-72.34531,-77.55118,-76.21117,-72.619835,-74.23148,-78.297386
11393.198038964849,7.24160920105234,16.38859710219614,0.0,-82.27453,-78.23928,-68.23687,-61.914642,-76.83438,-75.57054,-73.50926,-77.658745,-75.27066,-73.32386,-75.36039,-77.44057
11396.517735363148,8.178822110558677,16.17712901280872,0.0,-80.72791,-79.60579,-69.26875,-62.962757,-74.027336,-73.26592,-73.285416,-76.53844,-75.639565,-68.5954,-74.785095,-77.550415
11399.837431761449,9.228692217374892,15.940241510149017,0.0,-80.57212,-81.242485,-71.299995,-64.70482,-70.50986,-72.787964,-73.838844,-79.43892,-74.870384,-66.979126,-74.78834,-78.89428
11403.157128159746,10.326049783964358,15.692639171739344,0.0,-80.27046,-81.167816,-72.48628,-68.22556,-65.62008,-73.57892,-75.38227,-83.53503,-74.50763,-67.459984,-75.08911,-81.16454
11406.476824558044,11.320239538430418,15.468315108623072,0.0,-80.112656,-80.984344,-75.78551,-70.45353,-63.704746,-73.427185,-74.06181,-83.06028,-78.28048,-70.670074,-72.73633,-80.43129
11409.796520956344,12.421179636661831,15.219904425477845,0.0,-79.843094,-80.8997,-75.07451,-76.94536,-64.65067,-68.22636,-73.289024,-81.258514,-80.88607,-70.38036,-65.462585,-78.1083
11413.116217354644,13.595498982242624,14.954936811585863,0.0,-78.77634,-79.626465,-73.52621,-77.67242,-64.335175,-65.22376,-72.20955,-82.41226,-79.23944,-71.10454,-64.35822,-76.71252
11416.435913752945,14.6651590101998,14.713584008917636,0.0,-78.74611,-79.82509,-75.64372,-76.447464,-64.45254,-63.80858,-69.523994,-82.578026,-80.40595,-71.92129,-68.41425,-75.395
11419.755610151242,15.741475472775324,14.470729281236858,0.0,-78.772446,-79.78657,-79.82169,-77.977844,-68.09951,-62.805363,-67.74559,-80.45602,-78.82481,-74.81249,-68.595146,-71.16776
11423.07530654954,16.569470539761518,14.283904566103551,0.0,-78.081505,-78.32654,-80.75112,-80.32664,-71.599915,-68.76135,-69.42088,-79.01087,-78.29701,-78.41274,-67.97133,-70.835754
11426.39500294784,17.778944811986918,14.011004768291905,0.0,-78.05938,-77.91837,-82.61022,-81.674706,-72.97618,-72.81169,-77.2388,-79.09988,-79.384094,-77.89623,-69.407524,-74.501526
11429.71469934614,18.720701558063173,13.798511430075555,0.0,-78.031204,-77.66695,-84.287254,-82.38155,-72.40001,-71.51298,-78.14147,-79.834724,-80.966705,-77.0697,-71.544846,-77.79982
11433.034395744438,19.14183086240284,12.90615740548441,0.0,-78.69285,-78.00451,-83.406425,-82.39907,-72.895966,-69.706665,-72.786446,-78.53443,-82.14033,-77.68187,-73.61615,-76.93522
11436.354092142736,18.029783385778604,12.374314273104249,0.0,-79.00984,-78.89769,-84.28315,-81.14703,-70.24431,-69.58737,-73.34024,-76.19579,-81.26105,-77.23956,-73.49785,-74.58286
11439.673788541037,17.044515870774955,11.903104390049023,0.0,-80.280495,-80.21449,-84.17538,-78.31338,-70.59991,-67.47477,-69.52727,-74.56227,-78.88324,-77.545784,-71.83522,-72.29409
11442.993484939336,16.296660905358323,11.545438430875558,0.0,-81.51654,-80.83534,-81.389656,-75.990746,-71.77334,-65.59849,-66.59574,-73.000015,-77.24192,-77.79881,-70.57875,-71.10246
11446.313181337637,15.54962034040842,11.188161963431844,0.0,-82.57728,-80.21953,-77.99333,-74.65988,-73.26346,-65.01366,-64.914604,-72.95648,-76.469604,-77.96234,-70.229836,-70.43376
11449.632877735934,14.570124101417685,10.719712226482846,0.0,-77.88245,-78.09205,-74.94082,-76.04181,-74.21832,-68.130486,-62.229813,-75.33236,-73.21772,-77.51918,-71.54205,-69.25508
11452.952574134231,13.677236428742884,10.292683536897986,0.0,-75.312485,-75.57324,-73.18952,-78.121735,-74.99038,-69.41708,-61.66697,-78.01338,-71.50236,-76.34363,-72.74168,-69.61677
11456.272270532532,12.973760705889015,9.95624220695428,0.0,-73.89794,-73.73299,-72.92467,-79.13889,-74.96006,-69.20353,-63.4045,-77.84099,-70.37355,-75.40342,-72.42805,-70.756355
11459.591966930831,12.115915733249528,9.545972891178184,0.0,-72.89203,-73.76658,-73.09426,-76.71167,-74.86361,-68.33643,-65.063896,-75.847374,-69.281815,-75.24476,-72.17473,-72.73204
11462.91166332913,11.11255982703074,9.06611213048887,0.0,-71.18643,-73.88284,-74.405426,-72.10107,-74.899826,-68.49209,-66.580345,-71.95074,-67.55369,-76.69941,-72.38758,-76.138855
11466.23135972743,10.142369976453269,8.60211322758149,0.0,-70.72335,-73.52098,-75.66756,-70.68075,-74.18435,-69.07525,-67.65025,-69.836815,-66.53903,-77.656494,-73.25545,-77.34025
11469.551056125729,9.158261666579891,8.13145774107904,0.0,-70.38938,-72.92457,-78.13973,-71.28531,-73.56486,-71.31525,-68.97936,-69.89161,-65.531425,-73.53303,-80.313446,-74.85165
11472.870752524028,8.215896670754043,7.680766235760519,0.0,-71.242615,-70.273705,-79.36234,-70.2423,-72.31821,-74.28802,-69.155624,-71.619576,-62.421425,-70.838715,-85.55146,-74.34543
11476.190448922329,7.463969077670425,7.321152518869007,0.0,-70.95791,-68.97853,-80.97372,-70.44076,-70.517265,-76.70678,-69.511734,-72.86885,-61.464684,-69.210464,-84.18108,-73.53023
11479.510145320626,6.775902248624741,6.99208058143931,0.0,-70.331955,-68.90808,-81.14726,-71.922516,-69.08461,-77.78443,-69.89385,-74.9811,-61.35758,-67.20033,-84.24607,-73.079895
11482.829841718923,6.096520840738075,6.66716249687323,0.0,-69.78171,-69.06552,-79.729065,-75.97052,-73.22588,-77.86771,-70.58897,-75.80527,-61.670166,-64.43816,-88.088066,-72.91929
11486.149538117224,5.295997499318588,6.284307582498169,0.0,-69.10778,-69.90486,-76.663666,-78.154106,-78.772255,-76.31171,-72.540535,-76.66198,-62.20547,-63.848286,-89.717255,-72.774025
11489.469234515524,4.258863702027961,5.788292350196388,0.0,-67.201805,-69.3303,-73.22587,-77.70534,-77.54261,-75.844284,-74.40158,-77.39348,-65.09563,-66.2374,-86.23981,-74.31621
11492.788930913825,3.3082764890530845,5.333668522008953,0.0,-66.09092,-63.976303,-72.60076,-76.87501,-80.36143,-76.9485,-74.98333,-76.64303,-66.404915,-69.46394,-83.791824,-75.21619
11496.108627312122,2.608543475396653,4.999017164368583,0.0,-65.59544,-62.97831,-72.86892,-77.68272,-81.73303,-78.521835,-74.57894,-76.096756,-67.66197,-73.97732,-84.66121,-74.86631
11499.42832371042,1.5118490711894408,4.474516727599507,0.0,-67.004684,-62.814495,-74.29933,-79.165504,-81.98323,-79.061584,-75.030304,-75.895096,-68.016266,-73.02373,-88.133316,-77.16842
11502.74802010872,1.6835290225735011,5.658689015993147,0.0,-66.33928,-57.845566,-71.82584,-75.087425,-80.376366,-76.83929,-80.418,-76.288925,-68.25407,-72.614624,-85.43198,-77.82285
11506.06771650702,1.8452888223222952,6.774436490840174,0.0,-66.035675,-57.64619,-72.03321,-74.16055,-77.07235,-74.80312,-79.76601,-76.18032,-68.47429,-64.24977,-83.321495,-79.747696
11509.387412905318,1.9889974448669523,7.765674938012779,0.0,-66.1534,-59.222065,-70.717606,-75.17191,-76.14419,-77.268135,-74.29428,-76.70915,-69.227455,-64.58242,-81.95186,-81.80789
11512.707109303616,2.1652853242397163,8.981630673379382,0.0,-68.18238,-64.06498,-75.668625,-76.53414,-77.8434,-79.810005,-67.385155,-75.37606,-70.19665,-67.955734,-81.836975,-82.61723
11516.026805701917,2.295479721165339,9.879653976045333,0.0,-71.86288,-65.7421,-72.20209,-73.96462,-75.31715,-80.16541,-68.07358,-77.451546,-69.88171,-74.07068,-82.70436,-80.99694
11519.346502100216,2.4127718000730973,10.688682801897755,0.0,-77.063835,-67.42483,-66.96892,-70.95985,-72.10822,-80.38354,-69.51721,-79.576324,-68.99212,-81.848366,-84.649315,-79.1477
11522.666198498517,2.5252250093683317,11.464335247712167,0.0,-78.71484,-68.86349,-65.543304,-69.2289,-72.7811,-79.52783,-72.1597,-82.34376,-69.54295,-82.143196,-85.918594,-78.2749
11525.985894896814,2.656120114144344,12.367191722871487,0.0,-80.16906,-74.45946,-64.216896,-67.48032,-75.700554,-77.19866,-80.34129,-83.7277,-70.62736,-79.54929,-78.489525,-82.12626
11529.305591295111,2.7930336252728307,13.311560500227056,0.0,-81.571236,-78.34877,-64.01702,-66.04879,-76.32386,-75.667145,-79.57083,-83.357414,-72.99129,-77.901535,-79.52643,-84.994965
11532.625287693412,2.9339793709817568,14.283741846330248,0.0,-76.705444,-78.36071,-67.50822,-63.62633,-76.3522,-75.18895,-75.52794,-81.41929,-73.215675,-79.63947,-85.54977,-84.921005
11535.944984091711,3.0857351497909256,15.330486014304755,0.0,-73.083176,-78.565506,-71.91332,-61.902084,-76.60217,-74.52521,-71.86113,-80.345505,-73.27414,-80.819046,-87.808586,-83.86978
11539.26468049001,3.216695387183004,16.23379174541035,0.0,-74.18814,-77.60748,-73.281136,-61.461494,-77.740234,-75.10566,-70.24027,-80.006905,-74.9622,-80.023636,-81.83217,-83.82921
11542.58437688831,4.06830039155812,16.356272734232014,0.0,-76.32514,-77.40099,-71.81747,-60.293434,-78.02591,-75.10105,-71.02999,-80.41331,-73.80508,-77.64425,-78.79123,-81.89673
11545.904073286609,4.9229119461296085,16.47918613624888,0.0,-78.265205,-77.11636,-70.44111,-60.468918,-78.02353,-76.06602,-73.595436,-79.88197,-72.882835,-74.71525,-77.303375,-79.726814
11549.223769684908,5.980495864067556,16.631291776029588,0.0,-79.065895,-78.22567,-68.01606,-60.80059,-77.46983,-76.75764,-74.61409,-79.00514,-73.87044,-72.65903,-76.14341,-78.57837
11552.543466083209,5.313234099935632,16.01494385390296,0.0,-76.474205,-77.54243,-68.71311,-61.864662,-77.304794,-75.24877,-72.90071,-81.013756,-75.40946,-71.89757,-76.55299,-79.64549
11555.863162481506,4.430356994708971,15.19943261296208,0.0,-75.96386,-77.70974,-69.646194,-62.92374,-77.17605,-74.64762,-71.03728,-82.00399,-75.575066,-72.99589,-78.23966,-81.72714
11559.182858879803,3.5835872528479373,14.417273647814838,0.0,-77.900055,-78.259285,-68.88159,-63.700413,-76.59482,-75.12264,-73.80494,-81.27657,-73.42758,-76.79077,-85.10365,-83.83553
11562.502555278104,2.9321443668230724,13.815537581448211,0.0,-79.512344,-78.309296,-65.44568,-64.69576,-76.425644,-75.48172,-77.63314,-82.52302,-73.02306,-78.47595,-82.461,-85.2423
11565.822251676404,2.0125651864739424,12.96612473104092,0.0,-79.358635,-76.10109,-63.838676,-66.079475,-75.2011,-76.26704,-81.27669,-84.19315,-71.99639,-79.67475,-79.63245,-83.03865
11569.141948074704,1.1261300817159967,12.14732697536787,0.0,-77.4958,-69.132484,-65.6026,-65.41463,-72.960144,-79.88437,-77.4265,-85.95699,-72.31605,-78.15071,-86.73522,-79.688805
11572.461644473002,1.33078378935106,13.122981693805905,0.0,-76.23596,-70.09879,-65.32934,-65.39067,-74.29445,-78.48594,-82.42872,-84.43389,-71.45144,-78.87733,-81.610695,-82.23458
11575.7813408713,1.4873572071807932,13.869421109210744,0.0,-77.60356,-76.28322,-66.31792,-65.77601,-75.56542,-77.67379,-80.52061,-82.15383,-72.75497,-80.00561,-80.22636,-84.38869
11579.1010372696,1.7269914039602223,15.011839868629796,0.0,-73.95163,-79.367546,-70.283775,-68.21049,-77.3597,-77.33824,-76.045,-79.83356,-73.03942,-82.68303,-82.49892,-85.9836
11582.4207336679,1.904651935807626,15.858808820134062,0.0,-72.39236,-78.37235,-71.958405,-70.57471,-78.26148,-77.52653,-73.32314,-79.02788,-73.68019,-82.46186,-87.16886,-86.05261
11585.740430066198,2.7937640885491293,15.540707388784938,0.0,-71.983,-78.84455,-73.21134,-61.818016,-76.74457,-75.122116,-71.98046,-79.95877,-73.4512,-81.7641,-89.03881,-84.41623
11589.060126464496,3.531631213479609,15.276717533442032,0.0,-75.467926,-77.9988,-70.68266,-62.160427,-76.97465,-74.28026,-71.35397,-80.94124,-73.753006,-78.26703,-83.67255,-83.05476
11592.379822862797,4.509695230814386,14.926791415678435,0.0,-75.82278,-77.775536,-69.741104,-63.516605,-77.123085,-74.79191,-71.62654,-82.19742,-75.51916,-72.28656,-78.37522,-81.97332
11595.699519261096,5.484921164354222,14.577880691208785,0.0,-75.17666,-77.82967,-69.99515,-63.90475,-77.52286,-75.09692,-72.434166,-77.99885,-74.86332,-72.02156,-75.52663,-81.756966
11599.019215659397,6.35169317527502,14.267771987287574,0.0,-77.71148,-77.55166,-69.9245,-63.489517,-75.931625,-73.963394,-73.74845,-73.59725,-72.619,-71.10123,-74.10737,-80.722626
11602.338912057694,7.43838007311383,13.878983400195384,0.0,-77.333305,-79.02544,-69.878525,-63.91103,-69.038025,-72.951675,-76.00846,-75.70527,-70.74017,-63.741722,-73.38225,-80.64205
11605.658608455991,8.458976036994779,13.513840447263489,0.0,-76.194855,-79.154945,-70.25062,-66.731636,-65.37276,-72.35027,-75.89147,-80.79144,-70.672005,-62.071083,-74.0896,-82.39647
11608.978304854292,9.565576525379642,13.117927290299578,0.0,-74.933754,-76.53189,-73.38579,-67.69045,-66.011345,-71.89524,-69.246155,-74.65262,-72.33788,-63.40171,-73.029755,-82.26165
11612.298001252591,10.674846393423785,12.721059098036902,0.0,-74.76921,-74.952,-74.00405,-68.43855,-66.62325,-71.95066,-64.44487,-69.68961,-73.334274,-68.06849,-68.47887,-76.39736
11615.61769765089,11.801759415380149,12.31787863966057,0.0,-80.40106,-74.330666,-73.066444,-70.44599,-66.144844,-71.343025,-63.574112,-74.22679,-72.19665,-71.82691,-64.08564,-75.64005
11618.93739404919,12.701912336596497,11.995827105679046,0.0,-78.39978,-75.9377,-74.56789,-74.25884,-68.280975,-71.08459,-62.524944,-80.292694,-70.662834,-73.656715,-64.24178,-74.86016
11622.257090447489,13.701504882803714,11.638198634699323,0.0,-74.632355,-78.22531,-76.953705,-81.87597,-73.604256,-71.94906,-62.658314,-78.99831,-71.855095,-75.84505,-67.477776,-71.87311
11625.576786845788,14.762034062402034,11.258768605565734,0.0,-79.040565,-78.68186,-76.69921,-77.046104,-74.23627,-67.19865,-63.1749,-74.967125,-73.93279,-76.999916,-69.7315,-69.577995
11628.896483244089,15.94268277693889,10.836362900215008,0.0,-82.34624,-80.90431,-78.68719,-76.51105,-73.43203,-65.345924,-64.83137,-72.647606,-77.142365,-78.50718,-71.386604,-70.58896
11632.216179642386,17.077069343460565,10.430508600056008,0.0,-82.13733,-80.29408,-83.29483,-82.3859,-73.841934,-69.41647,-65.86435,-73.37716,-71.97662,-77.98238,-75.876366,-71.651405
11635.535876040683,17.876651037352236,10.144438861246076,0.0,-81.685394,-78.02956,-83.5221,-81.6727,-72.62521,-71.26929,-66.45812,-73.508705,-72.66353,-79.14118,-78.10029,-71.981285
11638.855572438984,18.90624410739141,9.776076975429158,0.0,-79.482315,-74.79201,-79.292145,-79.49618,-72.24861,-74.714165,-67.59289,-74.199326,-73.38333,-82.49586,-78.199196,-72.11812
11642.175268837284,18.685589022167797,8.786088347153333,0.0,-77.68038,-74.795135,-74.12842,-79.54926,-71.81561,-71.70947,-65.961296,-74.66749,-74.47019,-83.44966,-74.80485,-72.28351
11645.494965235584,18.461772533413026,7.781915801284772,0.0,-79.771935,-77.61997,-76.21946,-78.76882,-75.22094,-71.284706,-60.455982,-74.58851,-78.56303,-78.04385,-75.645836,-72.45295
11648.814661633882,18.215939188254367,6.678962674637215,0.0,-82.0523,-82.315315,-78.18393,-78.40758,-76.929726,-74.43282,-46.23003,-70.48826,-83.08978,-75.16196,-81.61247,-72.82808
11652.13435803218,17.966580134045998,5.560191141347046,0.0,-81.033005,-79.26144,-79.02573,-80.20748,-78.34333,-77.68516,-50.34516,-66.40862,-83.689476,-77.04736,-81.80889,-74.401886
11655.45405443048,17.718739309303064,4.448231279332761,0.0,-79.88991,-76.45916,-79.17534,-78.87973,-76.30423,-78.69847,-63.664017,-65.673805,-78.58885,-80.06612,-79.88901,-73.082565
11658.77375082878,17.493412609955932,3.437283039574228,0.0,-77.36662,-74.89673,-80.82945,-78.81748,-76.55126,-77.20067,-65.22245,-67.23275,-82.29703,-83.40266,-78.037636,-72.14358
11662.093447227078,17.25057054595731,2.347750561398952,0.0,-78.893,-74.220215,-81.627945,-81.167046,-76.66615,-77.01446,-63.674126,-68.263954,-85.116905,-84.30751,-76.3082,-71.988396
11665.413143625376,17.01829553085554,1.3056280861779026,0.0,-82.26202,-74.21657,-78.02603,-78.30233,-76.74493,-77.13059,-66.93595,-69.82761,-83.382545,-78.619354,-77.757996,-74.82643
11668.732840023677,16.010638455334366,1.1668952177933352,0.0,-78.70387,-73.96557,-77.342705,-78.10628,-78.05635,-77.26043,-63.605297,-69.58122,-81.63065,-79.46875,-77.84348,-77.10489
11672.052536421976,15.045307966382524,1.0339898168144368,0.0,-78.3493,-72.92433,-76.24326,-78.60583,-78.4912,-76.68973,-63.36883,-68.1893,-79.41332,-79.94141,-77.4304,-75.99928
11675.372232820277,15.835533212675967,1.9423659000971791,0.0,-75.28989,-74.24166,-78.15229,-79.352776,-80.75276,-76.49129,-62.51289,-68.80409,-81.05224,-84.991,-81.262276,-72.8354
11678.691929218574,16.529261792690214,2.739817580273739,0.0,-75.07126,-75.12428,-80.28657,-79.15215,-78.05359,-76.509796,-62.964054,-68.59131,-81.86236,-85.22426,-76.07204,-72.19175
11682.011625616871,17.128798054212695,3.4289937405928903,0.0,-77.338844,-75.11826,-80.79763,-78.58179,-76.74842,-76.87769,-64.41592,-67.406425,-81.23861,-83.39919,-77.35573,-72.319756
11685.331322015172,17.67705165059532,4.059219688022051,0.0,-78.51757,-75.49388,-79.69739,-78.21769,-76.456154,-78.540115,-65.76497,-66.24584,-78.93361,-81.702194,-79.15689,-72.43267
11688.651018413471,18.459593915140893,4.958764065533817,0.0,-80.29954,-76.70497,-78.84826,-80.08914,-77.30842,-80.07574,-62.236088,-66.10407,-80.06702,-78.136215,-81.52059,-74.17126
11691.97071481177,19.25619877132772,5.8744736085801,0.0,-81.3942,-78.484375,-78.31783,-80.638565,-80.29794,-80.2934,-61.88808,-69.64994,-84.725914,-75.71787,-83.49704,-76.07425
11695.29041121007,18.975810481661004,6.7602618449142495,0.0,-81.90578,-80.32333,-78.08972,-79.118805,-78.82352,-76.443695,-55.109287,-71.81935,-83.63569,-74.69153,-82.725105,-76.06123
11698.610107608369,18.64074913122608,7.818770397529889,0.0,-79.81287,-77.2681,-76.248535,-78.65681,-75.48287,-71.29696,-62.865616,-75.029106,-78.6685,-77.9831,-75.811035,-73.04677
11701.929804006668,18.311466381398827,8.859023492876478,0.0,-77.23987,-75.20922,-74.31495,-80.01061,-71.09979,-71.51311,-64.88123,-73.76661,-74.629616,-82.62735,-75.28499,-71.4987
11705.249500404969,17.977419699504754,9.91432655692362,0.0,-80.67024,-77.02685,-82.87025,-80.919914,-72.16549,-71.612045,-66.20034,-73.34308,-73.20331,-79.76737,-77.9317,-71.66548
11708.569196803266,17.611655340138984,11.06983047323055,0.0,-81.57441,-80.45579,-82.897514,-81.85282,-73.48216,-69.6664,-67.82461,-75.00402,-74.08588,-79.005905,-76.67889,-73.00357
11711.888893201563,17.37488682847685,11.817817354615478,0.0,-80.24181,-80.04277,-83.438515,-79.618416,-71.16391,-68.51395,-69.83256,-74.70436,-79.780174,-77.842674,-73.012634,-72.83004
11715.208589599864,17.065855140587765,12.79409433862224,0.0,-78.757515,-79.438324,-85.69547,-78.90741,-69.64184,-67.95469,-72.096924,-76.36041,-79.63784,-76.604004,-69.860085,-72.78354
11718.528285998163,16.776446193936344,13.7083801696689,0.0,-76.47343,-79.6802,-83.04964,-80.118935,-71.27932,-68.726875,-69.49624,-77.81046,-78.15134,-77.69026,-66.98559,-72.216774
11721.847982396464,16.519313401479245,14.52070083757191,0.0,-79.01931,-77.619774,-80.04593,-79.47785,-71.39016,-67.2845,-69.654526,-79.45554,-79.49374,-78.566765,-68.69259,-70.89083
11725.167678794762,16.258533484949517,15.344543311909216,0.0,-79.57894,-77.22567,-79.283424,-76.23499,-68.83022,-65.51146,-71.21286,-79.53026,-83.557724,-74.36699,-72.128426,-73.25714
11728.48737519306,16.01915345230088,16.100780375823287,0.0,-81.66378,-76.78904,-78.36129,-77.364,-68.115456,-68.576225,-74.290825,-81.618256,-81.61179,-72.02423,-76.2368,-76.48501
11731.80707159136,15.11178800096128,16.06935230582613,0.0,-82.005646,-77.18008,-76.653984,-79.09899,-64.665634,-69.94596,-75.51458,-83.51392,-80.9694,-70.77125,-76.52096,-80.99322
11735.12676798966,14.26374387256749,16.039978925796625,0.0,-81.38366,-77.92423,-75.01862,-80.57863,-63.995476,-68.45232,-75.0787,-82.59744,-81.35667,-70.45193,-70.402756,-80.81589
11738.446464387958,13.211712026800909,16.00354010124233,0.0,-81.94358,-78.9133,-75.06983,-78.89157,-63.533127,-69.12383,-73.001724,-81.280136,-82.0087,-69.82645,-65.70285,-79.042046
11741.766160786256,12.118941890217354,15.965690240094707,0.0,-82.0082,-79.74076,-77.2006,-74.383606,-62.673893,-73.60602,-72.46659,-81.841576,-81.657524,-70.08842,-71.56452,-79.77058
11745.085857184557,10.922925866361195,15.924264290649552,0.0,-80.837906,-80.67203,-73.77377,-70.1616,-64.36272,-73.6231,-75.34658,-83.577255,-78.40154,-68.468346,-75.065445,-80.85689
11748.405553582856,10.087231895664324,15.89531867830726,0.0,-80.71922,-81.055984,-72.42271,-67.76765,-67.35966,-73.53359,-75.18029,-82.74264,-75.005775,-67.50821,-75.11753,-80.47695
11751.725249981157,9.082714609594705,15.860525597379016,0.0,-80.46678,-81.12364,-70.97323,-64.05463,-70.794525,-72.49258,-73.74968,-78.843414,-74.65929,-66.84181,-74.675995,-78.72364
11755.044946379454,8.244393808196024,15.83148900050668,0.0,-80.30099,-80.04107,-69.61307,-62.46875,-72.84059,-72.24644,-73.15925,-75.47153,-74.582726,-67.08615,-74.35039,-77.16337
11758.364642777751,7.360181850931249,15.8008628892257,0.0,-80.78926,-79.076546,-68.933716,-61.45136,-75.36288,-73.234505,-72.79023,-75.23675,-75.104774,-71.4465,-74.339966,-76.51077
11761.684339176052,6.4888258930399605,15.77068206627656,0.0,-79.108406,-78.284706,-68.45888,-62.174484,-77.13955,-74.70179,-72.9255,-77.64236,-76.79099,-72.859604,-74.33968,-77.81305
11765.004035574351,5.629112500797332,15.740904502419564,0.0,-76.07835,-77.9214,-68.97492,-62.775547,-76.92703,-75.09578,-72.51536,-81.56011,-77.210106,-71.04129,-75.57884,-79.73868
11768.32373197265,4.545213094469528,15.703361893362038,0.0,-76.49258,-77.26523,-69.86925,-61.92505,-77.39225,-74.76883,-70.82609,-81.72652,-75.067825,-73.63349,-77.60745,-81.10296
11771.64342837095,3.662114808470016,15.672774355886604,0.0,-75.55646,-77.82416,-71.36392,-61.331585,-77.412346,-74.425514,-70.570076,-80.84877,-73.668495,-78.06085,-80.85513,-82.800095
11774.963124769249,2.574222772833139,15.635093455655204,0.0,-72.058914,-78.91424,-73.518234,-63.765564,-77.070305,-75.62304,-72.27872,-79.67444,-73.59469,-82.11692,-89.4634,-84.7896
11778.282821167548,1.5839278437119653,15.600792989063375,0.0,-73.3177,-78.64802,-70.319984,-70.70505,-78.327194,-77.98474,-74.69567,-78.83823,-73.44152,-82.74905,-83.62574,-85.758286
11781.602517565849,1.4505026279856283,14.652940409110805,0.0,-74.924484,-78.14535,-68.60362,-68.111946,-76.89221,-77.9195,-78.6209,-80.27934,-72.8034,-80.91088,-80.8757,-86.00869
11784.922213964146,1.3190244346827091,13.718919474227832,0.0,-76.72435,-75.60806,-66.037025,-66.18626,-75.22256,-78.13272,-81.28084,-82.46422,-72.194016,-79.30719,-80.13244,-83.73259
11788.241910362443,1.1925748233917517,12.82062158020782,0.0,-75.69272,-69.315834,-65.26523,-65.24608,-73.174904,-79.09362,-82.779976,-85.56089,-71.55605,-78.61452,-85.37794,-80.93056
11791.561606760744,1.0876989064703342,12.075583186320214,0.0,-77.6438,-68.968216,-65.772095,-65.42359,-73.20918,-80.048386,-76.60445,-85.97716,-72.40637,-78.11959,-86.622925,-79.82776
11794.881303159043,2.204649243273081,11.572773755092337,0.0,-78.77554,-69.618484,-65.27773,-68.80767,-72.19382,-79.17734,-72.616905,-82.88646,-70.160774,-82.1795,-86.07113,-78.56606
11798.200999557344,3.302232623009618,11.078682606447147,0.0,-73.25376,-66.97826,-66.66545,-71.06414,-75.35446,-81.36296,-72.91054,-80.57805,-67.32331,-78.625336,-83.550415,-78.57472
11801.520695955642,4.179219964504429,10.683895576225831,0.0,-68.034645,-66.89987,-67.46793,-73.168465,-78.60242,-82.62946,-73.43078,-78.946205,-64.47416,-70.65032,-83.982475,-79.97273
11804.84039235394,5.289301871171872,10.184178056371245,0.0,-68.32028,-71.35946,-68.42808,-72.81132,-76.34397,-82.028175,-72.90302,-76.569336,-62.223183,-61.404396,-87.07499,-80.826035
11808.16008875224,5.986314847529363,9.870408780645018,0.0,-67.11756,-72.63529,-70.03477,-69.94185,-71.83588,-77.2991,-72.27327,-75.49621,-62.34353,-59.162277,-88.63381,-80.75891
11811.47978515054,6.937513406725902,9.442214624848052,0.0,-68.01288,-72.46567,-71.71123,-67.34328,-72.216034,-74.91074,-73.55843,-75.077866,-64.74158,-60.103745,-90.60405,-79.441246
11814.799481548838,7.862846822452691,9.02566399307193,0.0,-68.268654,-72.67297,-74.936066,-67.51842,-73.23979,-72.46212,-73.509636,-74.455666,-68.71549,-70.55605,-90.03942,-80.01955
11818.119177947136,8.619067275567323,8.685241717000219,0.0,-69.458885,-72.84979,-75.445755,-68.82692,-73.56141,-71.22235,-72.75949,-71.81026,-67.77004,-72.97993,-83.296936,-78.66169
11821.438874345436,9.565285711251343,8.259289427281152,0.0,-70.295746,-73.263115,-77.801414,-71.080215,-73.82152,-70.57109,-68.92895,-69.50095,-66.25385,-75.15803,-76.620445,-75.28168
11824.758570743736,10.663780895924036,7.764787818021706,0.0,-71.167656,-74.329094,-78.25739,-74.16498,-75.14114,-70.11832,-68.22557,-70.45355,-69.43206,-74.67839,-75.263405,-72.15525
11828.078267142037,11.41588844131036,7.426217019788734,0.0,-73.61408,-75.07449,-76.29535,-77.1232,-75.02368,-71.21865,-69.62447,-72.529884,-74.096436,-73.15005,-74.74696,-70.05434
11831.397963540334,12.18608248788322,7.079504352508535,0.0,-77.93467,-76.67192,-75.69119,-79.57581,-75.552475,-71.7196,-70.60981,-75.10781,-77.72592,-76.62928,-74.62776,-69.019684
11834.717659938631,12.887168783859575,6.763901420035642,0.0,-82.6968,-78.818436,-75.281715,-81.08601,-76.07258,-73.38173,-71.28798,-77.93655,-77.963356,-79.25934,-73.85726,-67.38952
11838.037356336932,13.959492852484995,6.281181072252867,0.0,-81.874954,-79.95405,-75.16842,-81.89852,-75.31215,-71.313416,-69.552635,-78.07657,-75.86139,-81.879776,-73.14782,-64.59286
11841.357052735231,14.63649897882216,5.97641813507897,0.0,-80.5697,-80.45388,-75.45542,-80.66775,-75.08368,-69.30572,-67.64482,-76.25185,-75.06383,-80.66041,-72.98757,-65.61441
11844.67674913353,15.58163671522652,5.550952335915686,0.0,-79.189804,-82.09073,-78.23832,-79.09272,-75.693504,-68.82833,-66.01395,-71.86001,-77.10864,-79.75643,-75.65284,-68.907425
11847.99644553183,16.38903901934161,5.18748989723084,0.0,-78.68949,-80.977356,-80.16277,-78.848076,-76.58036,-73.0699,-63.780506,-67.52724,-78.959816,-79.27415,-77.844444,-72.2464
11851.316141930129,17.164546117717936,4.83838549195893,0.0,-80.25861,-78.67475,-79.62496,-79.177864,-77.35881,-76.04078,-59.668274,-65.67336,-79.96751,-79.33193,-79.51216,-73.280174
11854.635838328428,17.924950434716596,4.496079796230545,0.0,-79.793335,-76.17912,-79.03547,-78.91295,-76.38289,-79.237656,-64.78944,-65.68488,-78.93786,-79.79417,-80.22056,-73.20674
11857.955534726729,18.87702503968827,4.067491277261456,0.0,-77.403915,-75.04541,-79.43808,-78.99566,-76.99687,-78.9925,-68.527916,-66.182686,-81.933815,-82.22952,-79.92244,-72.473564
11861.275231125026,18.06679323033947,3.147591141621013,0.0,-78.13476,-74.39582,-81.42386,-80.32444,-76.90885,-77.30475,-66.554245,-67.296555,-85.703735,-83.75671,-78.500656,-71.54998
11864.594927523323,17.320962253151325,2.300808765066772,0.0,-79.48021,-74.1527,-81.73705,-81.456116,-76.546936,-77.05457,-64.22072,-68.26161,-85.47225,-83.92983,-76.360245,-72.02663
11867.914623921624,16.51354804885626,1.384107609324678,0.0,-79.68367,-73.78478,-78.28748,-78.60135,-77.707825,-77.27469,-64.163376,-69.4455,-82.84981,-79.88368,-78.02822,-75.042366
11871.234320319923,15.783950868568004,1.9446172310102685,0.0,-75.24014,-74.26239,-78.06479,-79.28633,-80.855545,-76.48007,-62.54433,-68.76329,-80.93179,-85.02864,-81.361244,-72.81096
11874.554016718224,14.841988582707208,2.66827535189463,0.0,-72.68868,-74.58482,-77.016075,-77.10863,-81.5823,-76.341,-67.61235,-67.90199,-77.094185,-82.70872,-81.53355,-71.06741
11877.873713116522,14.05081299884636,3.2760922941442026,0.0,-73.57283,-73.65175,-76.14407,-76.965324,-80.778496,-75.46383,-67.24881,-68.11328,-74.901085,-78.66884,-82.466675,-66.44694
11881.19340951482,13.233330639739185,3.904119293449182,0.0,-72.12002,-72.58015,-74.773766,-77.41478,-79.703575,-73.856415,-66.38457,-69.25032,-73.00899,-76.59049,-83.745,-59.419796
11884.51310591312,12.50130978699841,4.466490890161748,0.0,-72.80192,-72.741295,-74.53208,-78.46071,-78.595314,-72.313545,-66.21206,-71.82874,-72.49332,-75.15993,-83.9932,-57.883682
11887.83280231142,11.669314321634188,5.10566751547598,0.0,-73.741554,-73.68616,-75.7804,-79.57031,-78.808716,-72.27863,-66.56402,-74.250145,-74.55014,-74.41855,-83.21256,-66.32697
11891.152498709718,10.911759776273644,5.687655252131534,0.0,-72.81375,-73.36053,-76.393585,-79.04345,-79.08136,-72.678444,-66.527916,-72.421036,-77.5055,-74.17528,-83.76462,-68.91229
11894.472195108016,9.94561799053862,6.429889160715208,0.0,-71.416824,-72.49498,-80.017296,-76.7673,-76.97713,-73.62215,-66.48015,-69.114784,-75.442444,-70.96058,-84.069214,-70.58457
11897.791891506316,9.12830106334394,7.057789067727077,0.0,-71.058716,-71.54349,-80.73782,-73.12617,-72.440926,-74.37784,-66.730034,-70.059,-64.88408,-71.52906,-82.88137,-71.44942
11901.111587904616,8.322468878904784,7.67686587482714,0.0,-71.26405,-70.37943,-79.4301,-70.49741,-72.37446,-74.077156,-68.91543,-71.39108,-62.44833,-71.109795,-85.42954,-74.07643
11904.431284302917,7.447599748508887,8.348979992796817,0.0,-68.20597,-71.80709,-75.70996,-67.937904,-72.465645,-74.10409,-72.85893,-73.67764,-66.14287,-70.2818,-89.32895,-78.13893
11907.750980701214,6.803391445378684,8.843890008939649,0.0,-67.45321,-72.53699,-72.8421,-67.58708,-71.78578,-74.911736,-73.958435,-73.781555,-64.95588,-64.33533,-89.23869,-79.544235
11911.070677099511,5.966665077912027,9.4867011276693,0.0,-66.27578,-71.961624,-71.2881,-69.491974,-70.83897,-76.90514,-72.86634,-74.76934,-61.747593,-60.159992,-87.54954,-80.500916
11914.390373497812,5.318315025815435,9.984793023086048,0.0,-67.164536,-70.88097,-69.26462,-72.22043,-74.70133,-80.63766,-72.47703,-75.98597,-61.993397,-61.248325,-86.258095,-81.18827
11917.710069896111,4.63389702814156,10.510593949015377,0.0,-67.3322,-68.34668,-67.671165,-74.37922,-79.75485,-83.17309,-73.37077,-78.54125,-63.28692,-67.07285,-85.683014,-80.358055
11921.02976629441,3.947616092380813,11.037826068417631,0.0,-70.94578,-67.27978,-66.76821,-72.001015,-78.015724,-82.37989,-73.774826,-79.49516,-65.68141,-74.58684,-83.46471,-79.52072
11924.34946269271,3.182904571944782,11.625312117704262,0.0,-78.72177,-69.04472,-65.62346,-69.35859,-75.5567,-79.60812,-74.575195,-81.88563,-68.448395,-80.43936,-82.41835,-79.6359
11927.669159091009,2.269675531336449,12.326896057298756,0.0,-79.27561,-73.755615,-64.066315,-67.55415,-74.82359,-77.20321,-79.95485,-84.54817,-70.865974,-80.48088,-82.344505,-81.11723
11930.988855489308,1.56386260148505,12.869133539816852,0.0,-77.57414,-71.204185,-64.91186,-65.328316,-74.34195,-77.88088,-82.26039,-84.42191,-71.55341,-79.05321,-83.082726,-81.87963
11934.308551887609,2.0738755768216794,13.993554494136184,0.0,-77.373314,-77.7737,-67.2773,-64.14375,-76.32176,-76.23286,-78.80696,-82.110245,-72.854904,-81.14787,-81.45239,-85.47315
11937.628248285906,2.4870342883431795,14.904441736539614,0.0,-72.945274,-79.14874,-71.60659,-62.76306,-76.24867,-75.717026,-73.73345,-80.0729,-72.992355,-82.213165,-88.38264,-84.893196
11940.947944684203,2.837000411521742,15.67600885587446,0.0,-72.21285,-78.68306,-73.354744,-61.86814,-76.903305,-75.13949,-71.66942,-80.01043,-73.65061,-81.597824,-88.53918,-84.37938
11944.267641082504,3.1538101379713166,16.374476369797907,0.0,-74.26002,-77.254486,-73.57387,-62.11549,-77.91858,-75.32934,-70.245995,-79.90914,-75.72739,-79.91272,-81.638565,-84.006325
11947.587337480803,2.3637531262534544,15.940646464231197,0.0,-72.27609,-78.15162,-73.23479,-67.601204,-77.79565,-76.436325,-72.2429,-79.42067,-74.02116,-81.90153,-88.41191,-85.28493
11950.907033879104,1.2658465404873318,15.337772616699189,0.0,-74.09074,-78.3793,-68.643005,-70.78038,-78.33112,-78.532364,-76.99392,-78.94591,-73.267395,-81.438644,-81.604225,-85.31123
11954.226730277402,1.5531553594748813,14.589294807904317,0.0,-74.93401,-78.230385,-68.82257,-67.47114,-76.73502,-77.66582,-78.491806,-80.463066,-72.7532,-81.31776,-81.039024,-86.24276
11957.5464266757,1.8780616949631663,13.742870452025487,0.0,-78.55603,-76.73622,-66.064606,-64.60392,-75.86978,-76.63086,-79.86994,-82.66335,-72.86021,-80.47369,-80.3875,-84.71282
11960.866123074,2.2093060682089454,12.879934662110264,0.0,-80.13108,-77.66968,-63.45434,-66.82818,-75.43578,-75.881805,-81.20196,-84.16254,-72.059494,-79.67257,-79.080444,-83.184235
11964.1858194723,2.603504646879955,11.852994767144784,0.0,-79.06233,-70.60871,-64.88934,-68.45137,-74.33584,-78.51574,-75.069244,-83.5115,-69.9685,-81.18795,-84.77679,-79.49578
11967.505515870598,3.0329040579156987,10.734352007056833,0.0,-72.58302,-66.426,-67.127464,-71.63401,-73.814926,-80.94899,-71.15483,-79.52733,-67.4686,-78.36686,-84.10863,-78.73816
11970.825212268895,3.390731549216381,9.802163647649364,0.0,-66.285416,-65.30871,-70.65676,-74.43432,-76.20636,-80.83666,-70.118835,-76.62955,-65.29967,-67.963585,-80.6316,-81.11036
11974.144908667196,3.690706518098232,9.020688828347952,0.0,-64.638245,-65.95002,-73.978065,-75.44867,-78.67232,-79.25966,-70.43457,-75.951195,-64.10399,-64.593,-79.946754,-82.27131
11977.464605065496,4.070926199083542,8.030165827044248,0.0,-65.21301,-65.50714,-76.305626,-75.38833,-78.12651,-77.36214,-73.01849,-76.77258,-62.691975,-62.10554,-80.86464,-82.096565
11980.784301463797,4.426198477725645,7.104634137551883,0.0,-67.08261,-66.87227,-76.78589,-77.465126,-79.348976,-76.45005,-74.64699,-76.687035,-62.06117,-62.373074,-86.67088,-75.91536
11984.103997862094,4.853739629895056,5.990832389756374,0.0,-68.07621,-71.26119,-73.91455,-77.94971,-78.185326,-75.961464,-73.39885,-77.09314,-63.510708,-64.87292,-88.44272,-73.55288
11987.423694260391,5.267042502301585,4.914123260542798,0.0,-67.48617,-75.80698,-74.66926,-79.19288,-78.57857,-77.77162,-71.22917,-77.359535,-64.024376,-76.278,-82.70317,-75.438194
11990.743390658692,5.690174352249123,3.811808333364115,0.0,-65.350845,-75.67618,-76.0323,-79.91404,-79.37719,-78.932655,-70.354385,-75.89512,-66.37891,-80.682785,-82.54835,-78.348595
11994.063087056991,6.045286601663007,2.886693541363805,0.0,-60.574932,-72.33939,-77.51197,-79.72011,-79.54776,-80.19521,-69.16773,-71.40634,-70.233,-77.31028,-86.75572,-76.127884
11997.38278345529,6.362522561453737,2.060251537627772,0.0,-57.661438,-71.45744,-78.244156,-79.34832,-78.75247,-78.65227,-68.2596,-67.34048,-74.62566,-76.84196,-88.48433,-74.54434
12000.70247985359,5.272340602456687,2.5662300132352085,0.0,-60.920834,-71.76846,-77.73665,-80.36257,-79.85267,-84.04424,-65.88809,-71.29986,-74.10262,-74.85814,-86.04703,-75.301315
12004.022176251889,4.561135474135529,2.896316641162157,0.0,-63.194984,-71.89555,-76.98902,-80.848,-80.26568,-83.186554,-66.4304,-73.38708,-72.01741,-74.67678,-85.49568,-75.44894
12007.341872650188,3.78220465646686,3.257836316364114,0.0,-65.3086,-70.104164,-76.07944,-80.27074,-80.6714,-81.56023,-67.41536,-74.467575,-69.7527,-74.69886,-85.6349,-75.30353
12010.661569048489,3.026098920647364,3.608762347060816,0.0,-65.66207,-67.878296,-75.30533,-79.748314,-81.34629,-80.815735,-69.61992,-74.957565,-68.736465,-74.736984,-87.04295,-75.14361
12013.981265446786,2.0758761141364657,4.049782566812137,0.0,-66.248276,-65.4454,-74.3979,-79.78128,-81.82696,-80.040215,-72.37301,-75.39927,-68.06295,-74.19319,-88.10572,-75.30816
12017.300961845083,1.1989564336088572,4.456781122898792,0.0,-67.81104,-63.459892,-75.25492,-78.94518,-81.84193,-78.83122,-76.1581,-75.979935,-68.6801,-72.40158,-89.03833,-78.32475
12020.620658243384,1.464046773846823,5.548246396925718,0.0,-66.840775,-57.3489,-71.78446,-75.43717,-80.80971,-77.53743,-80.196304,-76.357765,-68.140785,-72.54605,-86.25827,-78.38292
12023.940354641683,1.752331961680095,6.735212588352717,0.0,-66.036766,-57.366108,-71.936,-73.997894,-77.20228,-74.816635,-79.75764,-76.070335,-68.641846,-64.56846,-83.78216,-79.67842
12027.260051039982,1.9791662212168124,7.669164829017878,0.0,-66.27105,-58.979473,-70.678505,-74.99498,-76.1096,-77.01724,-75.05313,-76.620285,-69.15844,-64.53087,-81.95386,-81.58417
12030.579747438282,2.2456216789895347,8.766250746870657,0.0,-66.202126,-63.870182,-75.59065,-76.5377,-78.14447,-79.67616,-67.39842,-75.47894,-69.7217,-66.20755,-81.574326,-82.78504
12033.89944383658,2.4754539825469184,9.712546933888689,0.0,-69.165634,-65.051636,-72.97807,-74.69087,-75.34888,-80.17491,-68.1346,-76.553055,-69.28167,-72.494225,-82.276115,-81.214874
12037.21914023488,2.706975521555757,10.66579826621025,0.0,-74.6285,-66.856705,-67.066154,-71.346405,-72.09462,-80.607765,-70.0578,-79.39883,-68.24311,-80.073456,-84.724014,-78.831314
12040.53883663318,3.0029379233908746,11.884374106169767,0.0,-79.32108,-69.9798,-65.118965,-68.62197,-75.532135,-78.6275,-76.94884,-82.56806,-69.285065,-80.30776,-79.93932,-80.25985
12043.858533031478,3.185817238843417,12.637349193738345,0.0,-81.624054,-73.53494,-64.579605,-66.94399,-76.45723,-76.9935,-80.4369,-81.37132,-71.39129,-77.87727,-78.6301,-83.94819
12047.178229429775,3.364460800807109,13.372884272597927,0.0,-80.22285,-78.07655,-65.64547,-65.47034,-76.80741,-76.09881,-78.554085,-81.74364,-72.32857,-76.28383,-81.56286,-84.84677
12050.497925828076,3.5662504057963305,14.203719324179346,0.0,-78.36155,-78.18896,-68.110855,-64.01345,-76.57026,-75.35287,-74.69713,-81.45608,-73.25767,-76.62768,-85.124146,-84.03062
12053.817622226376,3.826913477467416,15.276956058097255,0.0,-76.62782,-77.79605,-70.40774,-62.402554,-77.23947,-74.31335,-71.12776,-81.30488,-73.768196,-76.53361,-80.544624,-82.58188
12057.137318624676,4.108220363266147,16.43519025447858,0.0,-76.47797,-77.37776,-71.81068,-60.189915,-78.08687,-75.178986,-71.31149,-80.21772,-73.72452,-77.669266,-78.64871,-81.775764
12060.457015022974,4.791166838348731,15.753934456300495,0.0,-75.99384,-77.19094,-69.42795,-62.00887,-77.368774,-74.91033,-71.06949,-81.812515,-75.7667,-72.58214,-77.161224,-80.66872
12063.776711421271,5.53734557215733,15.009602934825375,0.0,-74.50694,-78.09403,-69.54507,-63.654907,-77.18201,-75.07558,-71.09927,-80.125305,-76.85808,-70.906784,-75.1562,-80.79537
12067.096407819572,6.145259235175164,14.403194200271912,0.0,-76.9379,-77.614845,-69.74807,-63.544674,-76.92005,-74.20838,-73.20673,-74.74486,-73.24571,-73.25181,-74.477394,-80.90858
12070.416104217871,6.9484620553797605,13.601979759109147,0.0,-76.67816,-76.59978,-69.989456,-64.31362,-71.13471,-73.32687,-77.08199,-74.9737,-70.640785,-63.911915,-73.54196,-82.23928
12073.73580061617,7.529244180253443,13.02263539687265,0.0,-75.77012,-77.88136,-69.801674,-67.47526,-65.98132,-72.74878,-78.55236,-79.28227,-69.74701,-61.206856,-73.78625,-84.66153
12077.05549701447,8.266363490682826,12.28734087160502,0.0,-74.99052,-74.50536,-71.22751,-67.99116,-67.145996,-72.27084,-70.72874,-80.954605,-70.16783,-58.536842,-74.88362,-80.580574
12080.375193412769,9.091744094778376,11.46400354904862,0.0,-74.58238,-72.16705,-73.79649,-66.18297,-70.41271,-71.18583,-69.39993,-73.64527,-71.56943,-63.81109,-74.53419,-73.26921
12083.694889811068,9.762595572183526,10.794812806621362,0.0,-74.47425,-71.99842,-73.69712,-66.6967,-71.858475,-70.024994,-69.021255,-69.344055,-70.81566,-70.70155,-73.79368,-73.8911
12087.014586209369,10.301448143310088,10.2572941988875,0.0,-74.25719,-72.049675,-73.70517,-67.97913,-73.22603,-68.94013,-68.57476,-68.74286,-68.8904,-73.66476,-72.40613,-75.20651
12090.334282607666,10.876161373231508,9.684003707672538,0.0,-72.136734,-73.02045,-73.40765,-70.22239,-74.217415,-68.78281,-67.64928,-71.23153,-67.46127,-76.25293,-71.65154,-75.955376
12093.653979005963,11.663135942034934,8.898977343855076,0.0,-72.06956,-73.642204,-74.10031,-75.14792,-74.905136,-67.810814,-66.144684,-73.807175,-68.48971,-75.7543,-72.529305,-73.326614
12096.973675404264,12.299239845025134,8.264448156039322,0.0,-73.58787,-73.07677,-74.56242,-77.70562,-74.50469,-67.76951,-66.46127,-77.00426,-70.53269,-74.59165,-73.16534,-69.47413
12100.293371802563,13.154143462859832,7.4116609058190415,0.0,-80.52678,-77.01884,-77.65813,-80.12313,-75.468605,-72.59444,-67.75313,-78.32779,-77.459045,-77.30163,-73.69025,-67.79979
12103.613068200862,13.907823689194723,6.659846462233649,0.0,-82.62854,-79.843155,-75.472435,-82.671684,-75.30252,-71.691765,-68.58536,-78.59442,-76.795746,-81.961205,-72.72108,-65.48643
12106.932764599162,14.551078935898865,6.018183634304595,0.0,-80.738525,-80.348404,-75.293465,-80.860825,-75.084496,-69.61829,-67.84526,-76.55189,-75.030495,-80.763824,-72.95509,-65.36977
12110.25246099746,15.194883438321696,5.375972910373888,0.0,-79.21398,-81.06144,-77.67685,-79.02741,-75.78988,-69.810135,-67.883064,-72.40442,-76.03119,-80.27224,-74.95693,-67.76312
12113.57215739576,15.849973050301084,4.722505013884307,0.0,-78.3661,-80.55562,-79.82692,-78.307144,-76.94196,-72.950165,-68.807686,-68.43304,-77.171486,-80.39143,-76.020805,-73.00573
12116.89185379406,16.483500442744493,4.090545958301621,0.0,-78.95583,-77.88884,-80.38842,-78.71642,-77.01196,-75.671844,-66.59198,-67.05185,-77.214966,-81.3961,-76.78277,-73.03483
12120.211550192358,17.01163629286933,3.563717541653377,0.0,-77.363396,-75.61474,-80.60443,-78.36607,-76.94352,-76.80723,-64.439735,-67.247345,-80.052956,-82.9745,-77.34662,-72.4318
12123.531246590655,17.813997305047693,2.763342824568192,0.0,-79.70341,-74.42212,-82.23853,-80.94775,-76.81828,-77.19428,-65.902534,-67.848625,-86.4489,-84.16424,-77.38829,-71.68693
12126.850942988956,18.50812599076419,2.0709324980211306,0.0,-84.06242,-74.83852,-82.28243,-83.35889,-77.13448,-77.64771,-70.11566,-70.528015,-85.757,-79.85423,-78.37008,-71.46147
12130.170639387256,19.24034104889114,1.340530084271254,0.0,-83.78332,-75.98266,-77.80596,-80.12392,-78.134964,-79.47305,-72.855865,-76.79595,-81.36474,-78.89512,-80.92185,-73.02182
12133.490335785556,18.270989095615292,1.413609638386786,0.0,-84.6239,-75.35157,-78.48529,-79.35935,-76.66196,-77.438,-71.75851,-71.23711,-83.02626,-77.27949,-77.70679,-72.35951
12136.810032183854,17.132690960649796,1.4994260643739614,0.0,-82.06282,-74.098976,-78.84732,-79.26656,-76.76901,-76.95256,-66.682724,-69.49339,-83.90934,-79.4403,-77.68163,-73.59517
12140.129728582153,15.957000903991464,1.5880614715945276,0.0,-77.17745,-73.932365,-77.8763,-79.25865,-78.9373,-76.71507,-62.705128,-69.26902,-81.42356,-82.56529,-79.16065,-74.04024
12143.449424980452,14.761091024701848,1.6782212535452377,0.0,-76.211586,-72.99012,-76.24672,-77.323135,-81.18981,-76.32673,-62.97961,-67.04355,-78.504524,-83.46688,-80.607414,-71.4488
12146.769121378751,13.53782698711577,1.7704432686041145,0.0,-75.44972,-72.3895,-75.85681,-74.69179,-81.35872,-77.921684,-65.92517,-64.12194,-76.04774,-80.60343,-80.58157,-63.391727
12150.08881777705,12.505892806436073,1.8482409039684384,0.0,-74.18191,-73.20185,-76.959984,-74.3499,-81.61698,-79.95666,-64.23369,-63.167465,-74.58459,-77.89431,-81.25524,-62.0019
12153.40851417535,11.752948620407572,1.9050054518737611,0.0,-72.94638,-73.91555,-79.5415,-74.29265,-80.652,-80.53256,-64.40628,-63.188457,-74.2405,-76.98571,-80.38199,-61.918682
12156.728210573649,10.740975496196414,1.9812982209184105,0.0,-75.704926,-73.47712,-82.97617,-74.85801,-76.574455,-81.724846,-65.18869,-63.549816,-74.43399,-76.9049,-78.19112,-64.7475
12160.047906971948,9.96438936683752,2.0398451376229825,0.0,-73.62216,-72.33691,-83.41761,-74.93626,-75.14941,-81.73941,-65.75794,-64.20943,-74.64497,-77.21536,-79.686806,-66.08048
12163.367603370249,8.724056330876014,2.1333539864126414,0.0,-63.116936,-70.431496,-83.2215,-74.93818,-75.53214,-76.803955,-69.36996,-65.100426,-72.59278,-77.9898,-86.86161,-71.84821
12166.687299768546,7.939469476370136,2.192504078696905,0.0,-58.60515,-69.95118,-81.70452,-75.5589,-77.04141,-73.88603,-73.206345,-65.74475,-71.4905,-77.39789,-88.82959,-72.72585
12170.006996166843,7.023967102037981,2.261523906925245,0.0,-57.910114,-70.472755,-79.08214,-77.478584,-77.51289,-75.13638,-71.787384,-66.11551,-72.21247,-77.46699,-88.99164,-73.662186
12173.326692565144,6.024336317814862,2.336886185553055,0.0,-58.96421,-71.415146,-78.11421,-80.25889,-79.19408,-81.23403,-67.684814,-69.08639,-73.854,-76.45265,-87.67874,-74.94627
12176.646388963443,4.869432368895273,2.423954525744756,0.0,-61.32569,-71.987686,-77.34269,-80.68579,-79.97832,-85.03394,-64.65999,-71.47128,-74.24272,-74.6197,-86.37337,-75.21959
12179.966085361742,3.9929224028469656,2.490034711873398,0.0,-63.754932,-71.49095,-75.95203,-79.879456,-80.159256,-82.83826,-66.427414,-73.45889,-73.04355,-74.41462,-87.77506,-75.44101
12183.285781760042,2.7417195028558856,2.584363040949751,0.0,-67.031204,-70.01299,-74.11361,-78.20556,-79.39354,-80.09444,-71.69063,-74.348885,-71.53965,-74.08905,-94.33283,-79.21508
12186.60547815834,1.6764323831377062,2.664675158185327,0.0,-68.32841,-70.181046,-75.49167,-78.114655,-79.12544,-78.851585,-73.23226,-75.169655,-72.082565,-73.321144,-95.53549,-80.27904
12189.92517455664,2.3140393414209464,3.4809944339404657,0.0,-66.40518,-68.86225,-75.57301,-79.35304,-81.130455,-80.01451,-71.70008,-74.974846,-69.15948,-74.50502,-90.34674,-77.02987
12193.24487095494,3.0049307760310526,4.365533079887635,0.0,-65.34185,-64.74168,-74.04209,-79.62807,-82.12439,-80.15797,-71.239456,-75.442085,-67.38369,-75.38762,-84.93492,-74.94621
12196.564567353238,3.6432843632469263,5.182808254228301,0.0,-66.01201,-66.41162,-72.66327,-77.34347,-80.32851,-77.493286,-73.75167,-76.679596,-65.970604,-71.90801,-83.81156,-75.3196
12199.884263751535,4.185675623132541,5.877224202319408,0.0,-67.02662,-68.14849,-73.04118,-77.61004,-77.62993,-75.72992,-74.715385,-77.32282,-65.157486,-65.89472,-86.21447,-74.303635
12203.203960149836,4.772066731048096,6.627972540781292,0.0,-68.26802,-68.66554,-76.13253,-77.748505,-79.65305,-76.29003,-73.83405,-76.68781,-62.218636,-62.750206,-89.734314,-73.39337
12206.523656548135,5.33439167903508,7.347909311100957,0.0,-68.50118,-68.658356,-77.50503,-75.024994,-73.438,-77.14217,-73.70204,-75.87446,-61.19145,-62.279984,-89.54304,-75.207375
12209.843352946436,5.822271168612763,7.972534601672083,0.0,-68.457825,-69.31341,-75.60682,-70.20794,-69.324394,-76.725,-73.75402,-74.58546,-61.226074,-63.15096,-86.02685,-77.2483
12213.163049344734,6.594460208706394,8.961157435482614,0.0,-67.114105,-72.551056,-72.54131,-67.856926,-71.39678,-75.3134,-73.86661,-73.885544,-63.909893,-62.11982,-88.96082,-79.67323
12216.482745743033,7.256119678956187,9.808270806084984,0.0,-70.48063,-72.31136,-70.80297,-67.00422,-72.37223,-74.25091,-72.896835,-75.98036,-66.30185,-59.08584,-88.637054,-77.69998
12219.802442141332,7.861708275583018,10.583597420987422,0.0,-72.60484,-71.96451,-70.21119,-65.93776,-71.624916,-73.50989,-71.5873,-77.75411,-68.71941,-57.174255,-80.68483,-74.81965
12223.122138539631,8.505147200354395,11.407383281913845,0.0,-74.3481,-72.199066,-72.00291,-66.035095,-70.2306,-71.98034,-69.85127,-79.13281,-70.6017,-58.15489,-76.843544,-74.303085
12226.44183493793,9.169740066062968,12.258252237716947,0.0,-74.74016,-73.207306,-73.814064,-67.366455,-67.8327,-71.64513,-67.92471,-75.62214,-71.71144,-61.785515,-73.68498,-74.43436
12229.76153133623,9.729309264252455,12.974660860092758,0.0,-74.6111,-75.61802,-74.93169,-67.70568,-66.216354,-71.91279,-67.975784,-71.81304,-72.6037,-64.770775,-72.294525,-80.65526
12233.081227734529,10.310601662124268,13.718881391359124,0.0,-75.19142,-77.24802,-75.251976,-68.56548,-65.7708,-72.82321,-69.14966,-76.17009,-73.539375,-67.62514,-71.683304,-82.762886
12236.400924132828,10.784938097745192,14.326167699264094,0.0,-77.00838,-78.78863,-75.934204,-69.255035,-65.35213,-72.73547,-71.44386,-79.697235,-73.88054,-69.11834,-71.340485,-81.02152
12239.720620531129,11.329784351343644,15.023726741488051,0.0,-79.54256,-81.00044,-76.14038,-70.530235,-64.56231,-72.550064,-73.45507,-81.562614,-76.17723,-70.47236,-70.83221,-79.792564
12243.040316929426,11.951091212748567,15.81917723106452,0.0,-81.46234,-80.15509,-76.96694,-73.65749,-62.984734,-73.493866,-72.78848,-81.94534,-81.38411,-70.39398,-71.368225,-79.743965
12246.360013327723,12.819395985864851,15.11613541239686,0.0,-78.987885,-80.69683,-73.72074,-78.545876,-65.51424,-66.80831,-73.4076,-81.259964,-80.50659,-70.68169,-62.519917,-77.18743
12249.679709726024,13.77556387763749,14.341953311369265,0.0,-80.21658,-77.23811,-74.04966,-75.10897,-63.612076,-65.30908,-68.90607,-83.084076,-75.6208,-72.01535,-64.12592,-76.321
12252.999406124323,14.397145484354356,13.838676263071768,0.0,-79.4141,-78.70387,-75.6628,-77.52112,-64.47992,-64.359406,-66.94779,-81.69737,-72.86425,-73.69892,-65.32139,-74.82445
12256.319102522622,15.143096431047418,13.234700877427173,0.0,-76.83417,-81.01055,-78.21112,-80.44884,-68.066536,-63.681293,-65.582756,-78.876686,-72.48319,-76.77175,-64.395294,-71.69089
12259.638798920922,15.743669336031545,12.748433980785324,0.0,-77.25838,-80.969246,-81.57405,-79.12991,-70.17712,-63.244568,-65.54973,-76.135635,-74.999275,-76.837494,-65.778755,-70.707054
12262.95849531922,16.651876212067396,12.013084557836557,0.0,-80.3431,-80.35545,-84.525055,-77.12129,-70.49899,-66.21024,-68.36641,-74.45046,-78.073326,-77.25122,-70.484245,-71.70176
12266.27819171752,17.362359838920064,11.437826058031902,0.0,-81.04171,-80.413635,-82.82682,-80.552216,-72.478676,-68.784325,-68.69484,-74.62779,-78.489296,-78.51654,-73.91491,-72.61583
12269.59788811582,18.055281907371207,10.876786655414676,0.0,-81.882416,-80.07053,-83.023415,-82.306854,-73.08894,-70.7281,-67.94661,-75.10418,-72.25024,-79.2092,-78.62308,-73.70001
12272.917584514118,18.64726918771424,10.397471296238653,0.0,-82.08855,-77.12163,-83.36394,-81.078026,-72.494125,-72.41344,-67.70752,-74.67367,-72.64155,-80.85217,-78.732086,-73.06564
12276.237280912415,19.617861927038284,9.611609804091104,0.0,-79.47521,-73.48109,-74.89756,-78.60389,-73.808716,-75.87661,-69.90719,-76.98245,-73.19781,-84.20944,-76.77134,-73.32417
12279.556977310716,19.262841059593725,8.724474430542681,0.0,-78.70009,-74.36748,-74.6607,-79.01766,-74.63589,-72.06136,-68.676315,-77.58509,-74.76122,-83.85043,-74.32482,-74.5613
12282.876673709015,18.86427425047168,7.728525325805319,0.0,-80.18821,-77.43123,-76.5343,-78.32068,-76.44671,-71.88596,-63.938248,-74.95352,-79.56223,-77.246605,-76.55442,-73.48231
12286.196370107316,18.5763095378772,7.008951615349658,0.0,-81.44079,-80.909325,-77.66726,-78.05107,-77.15172,-73.806656,-52.42577,-72.02309,-82.34213,-74.98257,-80.440636,-73.37273
12289.516066505614,18.26489919319998,6.230791349896493,0.0,-81.82202,-81.30792,-78.71185,-79.62263,-77.930084,-76.88468,-46.54634,-68.9712,-83.985886,-75.421844,-82.55828,-74.734055
12292.835762903913,17.865792932394193,5.233494249266915,0.0,-80.718254,-78.50738,-79.04424,-79.7415,-77.856125,-78.01162,-54.360386,-65.8998,-82.72378,-77.901344,-81.238396,-74.08934
12296.155459302212,17.47690023319082,4.261719061905806,0.0,-79.322586,-76.35767,-79.49868,-78.55074,-76.30195,-78.18957,-64.55982,-65.96306,-78.14289,-80.807884,-79.18871,-72.839905
12299.475155700511,17.028466920550947,3.141162241728318,0.0,-77.53228,-75.27178,-81.06383,-78.930016,-77.00795,-76.83665,-64.021065,-67.79719,-82.17819,-84.173294,-76.74695,-72.19536
12302.79485209881,16.663692609363718,2.2296547093816845,0.0,-75.289825,-74.00267,-80.46225,-80.1518,-78.214836,-76.719505,-62.460377,-68.56048,-83.1183,-85.21331,-76.943344,-72.14841
12306.11454849711,16.24662765925466,1.1874819690237246,0.0,-79.11573,-73.91384,-77.54601,-77.85914,-77.80159,-77.35306,-64.218315,-69.55375,-82.16885,-79.17051,-77.967735,-76.70632
12309.434244895408,15.024129399692557,1.3928911808523512,0.0,-77.28823,-72.96407,-76.396225,-77.862206,-79.6661,-76.470795,-62.887917,-67.49129,-79.26828,-82.02319,-79.21746,-73.458405
12312.753941293708,13.901006645452616,1.5816029094218935,0.0,-76.196945,-72.094154,-75.91126,-75.27781,-81.170204,-77.01207,-66.399155,-64.835,-76.750984,-81.90325,-79.93892,-65.3764
12316.073637692009,12.98514962229151,1.7354889929428805,0.0,-75.04703,-72.59235,-76.13065,-74.60581,-81.44465,-79.21923,-65.06292,-63.38484,-75.017876,-79.18679,-81.1743,-62.42298
12319.393334090306,11.868966643984187,1.923034671668641,0.0,-73.1702,-73.8773,-79.05908,-74.20678,-80.88742,-80.42867,-64.27653,-63.17938,-74.27443,-76.95802,-80.739006,-61.635033
12322.713030488603,10.686878332389238,2.121654036970253,0.0,-76.176636,-73.41804,-82.76165,-74.86264,-76.348625,-81.770096,-65.1389,-63.580513,-74.37787,-76.52771,-77.572075,-64.70539
12326.032726886904,9.550399208717048,2.312609957951942,0.0,-69.274445,-71.32614,-83.1301,-74.764854,-75.06731,-80.316635,-65.980804,-64.624306,-74.11283,-77.43366,-81.09096,-68.716515
12329.352423285203,8.567118654265668,2.477824821953973,0.0,-60.86673,-70.29041,-83.153625,-75.43915,-77.13611,-74.75985,-68.56863,-65.6211,-72.22519,-77.3649,-85.83899,-72.408226
12332.672119683502,7.688339371570633,2.625480950228848,0.0,-58.525696,-70.34395,-80.937355,-77.117256,-77.37131,-73.88774,-72.30013,-66.293945,-70.769745,-77.18437,-87.35985,-72.89392
12335.991816081802,6.917538119247889,2.754994163419717,0.0,-59.029488,-71.02176,-78.63291,-79.52101,-78.503174,-75.06614,-72.09985,-67.63123,-69.91025,-78.07903,-87.048996,-74.379074
12339.3115124801,5.811267701500167,2.9408742927380858,0.0,-61.232494,-72.811356,-77.47783,-79.574455,-79.7116,-80.46747,-68.42416,-72.635475,-70.353134,-77.00588,-86.1385,-76.41096
12342.6312088784,4.654626407316161,3.135217944966991,0.0,-64.18439,-72.926155,-77.00266,-80.85475,-80.24776,-82.37423,-67.12334,-74.60333,-70.46084,-75.20246,-84.82324,-75.81018
12345.9509052767,3.685042917984346,3.2981313714589326,0.0,-65.32343,-69.881096,-75.97404,-80.184166,-80.71923,-81.44859,-67.67033,-74.56144,-69.64388,-74.71016,-85.824936,-75.2743
12349.270601674998,2.580624827138568,3.483700265153037,0.0,-66.14845,-68.582375,-75.36647,-79.43738,-81.1999,-80.36135,-70.87681,-74.928925,-69.19275,-74.58424,-89.13343,-75.99375
12352.590298073295,1.3472368845161191,3.690939206551414,0.0,-68.084816,-69.71762,-77.72396,-79.11362,-81.07311,-78.84659,-73.54142,-75.41412,-70.9243,-72.86994,-90.7841,-78.934906
12355.909994471596,2.046020037650452,4.266574697064722,0.0,-66.188354,-63.746044,-74.093254,-79.736015,-82.05789,-79.774155,-72.68868,-75.54713,-67.91686,-74.04986,-87.363,-75.13637
12359.229690869895,2.7781128653364764,4.869649645388936,0.0,-65.51091,-63.575092,-73.14557,-78.05923,-81.862915,-78.92934,-73.50973,-75.99045,-67.42907,-74.55499,-84.703224,-74.93898
12362.549387268196,3.408429924891278,5.388884930510333,0.0,-66.14936,-64.41062,-72.6012,-76.95915,-79.911896,-76.745056,-75.00581,-76.63182,-66.32501,-69.088425,-83.800644,-75.28142
12365.869083666494,4.161676728445122,6.00938585600695,0.0,-66.81957,-67.414246,-72.630905,-77.52958,-77.793076,-75.61916,-74.94514,-77.25477,-65.04757,-65.302284,-86.34264,-74.225586
12369.188780064793,5.020638571505817,6.716971492043894,0.0,-68.5852,-68.87066,-76.85478,-77.904495,-79.209496,-76.45463,-73.25347,-76.52967,-61.98495,-62.671726,-90.50132,-73.351074
12372.508476463092,5.633044591567437,7.2214522285502944,0.0,-68.92193,-68.9693,-77.91906,-74.50128,-72.37199,-77.60771,-73.18286,-75.761375,-61.241512,-62.73645,-90.25606,-74.178604
12375.828172861393,6.2628933636478905,7.740301753241165,0.0,-69.24367,-69.4228,-76.74191,-70.18975,-69.653404,-77.10415,-73.07593,-74.46356,-61.34368,-65.1742,-87.534225,-75.53806
12379.14786925969,7.195485967542603,8.508542084428452,0.0,-67.91998,-72.12943,-74.88886,-67.818794,-72.2484,-74.4445,-73.36322,-73.55902,-66.010284,-68.82802,-89.64578,-78.44598
12382.46756565799,7.792665729479109,9.000479910412157,0.0,-68.1184,-72.6929,-74.94784,-67.47401,-73.17185,-72.66374,-73.57636,-74.455246,-68.59594,-70.35543,-90.23621,-79.99408
12385.787262056288,8.449156406505603,9.541276194914042,0.0,-69.91863,-72.33326,-74.49826,-66.62121,-73.28457,-71.55974,-72.577835,-73.2658,-68.91282,-71.13568,-81.05653,-77.847626
12389.106958454588,9.286838389547428,10.231332154390994,0.0,-71.42823,-71.91427,-73.978424,-66.054596,-72.667336,-69.7615,-71.08615,-71.10607,-69.84444,-71.6974,-75.60499,-75.02284
12392.426654852889,10.1082133091321,10.90795487004991,0.0,-76.52369,-72.04977,-73.55293,-67.42877,-71.99353,-69.97157,-68.34785,-68.08729,-71.01064,-71.37152,-72.55377,-73.92339
12395.746351251186,10.834696562945672,11.506408828596172,0.0,-77.96314,-72.67315,-73.27289,-69.05444,-71.0382,-70.39944,-65.7785,-69.020584,-71.70485,-71.51962,-70.25237,-74.39758
12399.066047649483,11.59774198127897,12.134981543459237,0.0,-79.74253,-73.99336,-73.09473,-70.23834,-67.11178,-71.5131,-63.490097,-72.6025,-72.038506,-71.75969,-65.50455,-75.41995
12402.385744047784,12.174382111225768,12.609999469353296,0.0,-81.643105,-74.90978,-73.1429,-70.75154,-64.31557,-70.810745,-63.68709,-77.70811,-72.077034,-72.21109,-61.852737,-76.066185
12405.705440446083,12.890698775004475,13.20007851214019,0.0,-82.89729,-75.44229,-73.80675,-71.56272,-62.65626,-69.57441,-65.05699,-81.47687,-71.30806,-72.66251,-60.61934,-77.86739
12409.025136844382,13.854907852086964,13.994363495334488,0.0,-80.766174,-76.86234,-74.36916,-74.99639,-63.826088,-65.52752,-67.439186,-82.66564,-74.12666,-72.73335,-63.686043,-76.03779
12412.34483324268,14.427553177869928,14.466090627734117,0.0,-79.252686,-79.13131,-74.95041,-76.246544,-64.226,-63.760662,-68.81954,-82.86393,-78.559105,-72.35041,-66.80968,-75.47096
12415.66452964098,15.032338861453445,14.964293971737886,0.0,-78.49598,-79.74198,-77.54865,-76.34766,-65.032364,-64.04107,-70.12891,-81.70401,-81.89209,-71.66262,-70.10431,-74.797066
12418.98422603928,15.99494654753016,15.7572597796015,0.0,-80.324646,-77.50646,-79.43575,-76.31438,-67.62451,-66.22266,-73.14143,-80.654594,-82.748856,-72.22482,-74.27002,-75.1867
12422.30392243758,16.57681839589435,16.236587429884185,0.0,-82.30057,-76.07791,-77.492134,-76.75278,-70.804886,-70.170746,-74.23597,-80.11445,-81.9549,-73.7434,-76.08558,-75.55533
12425.623618835878,17.482640660073606,16.1637391886874,0.0,-82.495544,-73.50074,-76.2432,-76.46018,-73.74513,-71.601,-73.49773,-78.09411,-83.20507,-78.00921,-74.32897,-74.12008
12428.943315234175,18.66981804157493,16.068263743171237,0.0,-82.148506,-74.51047,-76.01443,-81.062515,-77.41968,-78.74098,-76.09251,-79.9117,-77.708954,-80.09112,-72.69978,-76.26645
12432.263011632476,19.490984664649226,16.002223696921472,0.0,-80.767105,-75.09261,-76.33713,-83.081764,-74.587,-79.538216,-77.81937,-80.97282,-76.2547,-78.995705,-72.477875,-80.10684
12435.582708030775,18.392937007050367,15.460365029548251,0.0,-80.93629,-75.70723,-77.12051,-81.660095,-79.17501,-78.92764,-77.52862,-80.1692,-76.783875,-80.34754,-71.99128,-75.978424
12438.902404429076,17.39479649734851,14.967808005547148,0.0,-80.45673,-76.1785,-78.468544,-80.11389,-76.04974,-75.74475,-75.73647,-79.25568,-79.008026,-79.84081,-70.37809,-72.93769
12442.222100827374,16.57607084335231,14.563787662032402,0.0,-79.126854,-77.41294,-79.89612,-79.43951,-71.579506,-67.681885,-69.96702,-79.37057,-79.70027,-78.66652,-68.82537,-71.02128
12445.541797225673,15.743430862266823,14.15290095103186,0.0,-78.428764,-80.11155,-79.60267,-79.09222,-68.6113,-63.264683,-66.74755,-80.06723,-76.62087,-76.16247,-67.2935,-71.10809
12448.861493623972,14.91531903521814,13.7442487691932,0.0,-78.32643,-80.75308,-77.475296,-78.81047,-66.294266,-62.509705,-66.576485,-80.35944,-72.51002,-74.671196,-65.40678,-72.54479
12452.181190022273,14.18225921324057,13.382502340891334,0.0,-79.83119,-78.22051,-75.688225,-78.17779,-64.77104,-65.57361,-65.89689,-80.96087,-71.37157,-74.44439,-63.976196,-75.0814
12455.50088642057,13.23166678510954,12.913409089102505,0.0,-81.908615,-76.24333,-74.28132,-73.14984,-63.107365,-69.20173,-64.59423,-81.55964,-70.784164,-73.66951,-61.21177,-76.38123
12458.82058281887,12.383861547447411,12.495038708643603,0.0,-81.5324,-74.9378,-73.526215,-71.299545,-64.25778,-70.696396,-63.45922,-79.15556,-71.3603,-72.80417,-61.990097,-75.97809
12462.140279217168,11.423134404246351,12.020944232031749,0.0,-79.331184,-73.60416,-73.118645,-69.98374,-67.90457,-71.4766,-63.417686,-71.85744,-72.05619,-71.665245,-66.66216,-75.2238
12465.459975615468,10.55477093217794,11.59242888434684,0.0,-77.41235,-72.60091,-73.38004,-68.38922,-70.63577,-70.51854,-65.87733,-67.96917,-71.849556,-70.86236,-70.66326,-74.00499
12468.779672013769,9.674796063806683,11.158183607106087,0.0,-75.17021,-72.03498,-73.63262,-66.36509,-71.18719,-70.538475,-68.74586,-69.59131,-71.392914,-69.167534,-73.61306,-73.17979
12472.099368412066,8.919205629842443,10.78531889327106,0.0,-73.53769,-71.97272,-73.48899,-65.71104,-71.67945,-70.98807,-71.13613,-72.71357,-70.567,-67.44357,-76.77012,-74.36534
12475.419064810363,8.108340957307906,10.385177744716197,0.0,-72.13182,-71.9396,-71.75047,-65.558846,-72.122765,-72.7305,-71.930176,-76.392075,-69.06529,-62.032436,-79.801315,-75.81094
12478.738761208664,7.018437219046313,9.847337894967826,0.0,-70.13675,-72.31904,-70.555466,-67.36916,-72.156586,-75.02587,-72.92563,-76.04738,-65.31196,-58.43788,-90.134186,-78.059296
12482.058457606963,5.95552549615948,9.322817920162468,0.0,-66.16683,-71.62187,-71.76459,-69.417984,-70.58701,-76.76668,-73.115364,-74.406334,-61.73417,-60.64818,-87.01521,-80.47624
12485.378154005262,5.135194696941104,8.91800547819461,0.0,-65.24634,-68.434975,-72.61372,-70.84685,-69.481064,-77.472015,-72.82462,-74.67501,-61.548958,-62.17252,-81.89205,-82.54688
12488.69785040356,4.464060878596992,8.586817961951217,0.0,-64.86734,-67.15469,-73.72629,-72.57606,-73.683914,-77.63308,-72.69729,-75.6864,-61.815998,-63.045452,-80.35476,-82.78388
12492.01754680186,3.582838492034541,8.151957066126037,0.0,-64.407234,-64.867134,-76.92028,-76.16704,-79.7602,-78.071846,-72.11248,-77.06647,-63.983288,-62.204174,-80.67228,-82.184364
12495.33724320016,2.653124538203794,7.693166811828116,0.0,-64.669815,-61.157017,-73.54203,-75.94447,-77.0828,-77.300186,-74.76409,-76.561455,-67.422646,-63.338055,-81.0791,-81.286835
12498.65693959846,1.671732491094608,7.2088747292967295,0.0,-66.73276,-57.38022,-71.57047,-73.89075,-76.39656,-75.88412,-77.600624,-76.06245,-69.49925,-64.69086,-83.48669,-80.67366
12501.976635996758,1.5534059364882025,6.090536226787977,0.0,-66.39623,-56.899063,-71.570274,-73.9777,-78.61597,-75.93072,-81.030045,-76.11039,-68.27445,-68.919785,-85.42507,-78.74855
12505.296332395055,1.434121179941042,4.963141480504621,0.0,-67.03062,-59.5012,-73.13982,-78.34946,-82.07676,-78.56551,-77.930405,-76.30433,-68.02835,-72.87002,-87.14299,-77.70903
12508.616028793356,1.3182582450563027,3.8680873607740542,0.0,-68.034424,-68.764145,-77.357666,-79.21881,-81.282295,-78.73648,-73.813416,-75.47408,-70.41203,-72.77654,-90.299484,-78.64461
12511.935725191655,1.1936432500370655,2.690314988515654,0.0,-68.77444,-70.62049,-76.83408,-78.143295,-79.25969,-78.33181,-73.37941,-75.55063,-71.81282,-73.10485,-93.88909,-81.367485
12515.255421589954,1.0847257332514386,1.6609040247283602,0.0,-70.5574,-71.71162,-75.304016,-76.87587,-78.19917,-78.53199,-72.57639,-86.948975,-72.99533,-76.248634,-93.15819,-81.905685
12518.575117988254,1.6956948855442675,2.31803894407987,0.0,-68.324974,-70.102806,-75.2946,-77.766655,-78.50038,-78.706,-73.28164,-75.3002,-72.276436,-73.27435,-96.18692,-80.811325
12521.894814386553,2.35917867536854,3.031656587591009,0.0,-66.78584,-69.7298,-74.77882,-78.64163,-80.326256,-79.85672,-71.99635,-74.693855,-70.480934,-74.22256,-93.287025,-78.616844
12525.214510784852,2.869286710616153,3.5803091690593707,0.0,-65.82733,-67.82893,-75.26492,-79.64196,-81.327446,-80.739136,-69.956314,-74.989136,-68.87898,-74.68027,-87.649254,-75.21704
12528.534207183153,3.49897925920986,4.257582253278928,0.0,-65.04851,-67.388855,-74.43771,-79.394,-81.67649,-80.502846,-70.448715,-75.40421,-66.969505,-76.27672,-83.76571,-75.08015
12531.85390358145,4.003073285916667,4.799766398488911,0.0,-66.11699,-69.9619,-73.28504,-78.00714,-80.6347,-78.81107,-72.124535,-76.780594,-65.62537,-77.5498,-83.573166,-75.45963
12535.17359997975,4.523279998807404,5.359280729185802,0.0,-67.51954,-72.731636,-73.57784,-78.08716,-78.34115,-76.97295,-73.42106,-77.614525,-64.75245,-69.11858,-85.28931,-74.679115
12538.493296378048,5.191044756486454,6.077502817054628,0.0,-68.91216,-71.15641,-75.997894,-78.14448,-78.69059,-76.15103,-72.68752,-76.85062,-62.729897,-64.44301,-89.001305,-73.07397
12541.812992776348,6.013568838623067,6.962178081511284,0.0,-69.49388,-69.1066,-79.0488,-74.50078,-71.891815,-78.053505,-71.74248,-75.62542,-61.37338,-63.871353,-89.49863,-73.35424
12545.132689174648,6.6995919693067245,7.700038173077753,0.0,-69.79267,-69.540474,-77.54507,-69.7687,-70.18617,-76.86637,-72.18475,-74.24466,-61.72097,-66.83468,-87.54301,-75.07391
12548.452385572946,7.312003932338297,8.358724924162313,0.0,-68.158165,-71.6903,-75.62326,-67.989006,-72.26277,-74.39553,-72.99185,-73.59732,-65.85013,-69.60842,-89.427666,-77.94899
12551.772081971243,8.149755468914382,9.25977825289187,0.0,-69.259964,-72.50883,-74.777534,-67.326035,-73.34046,-71.89645,-72.947205,-74.25331,-68.75681,-70.87454,-85.881195,-79.12727
12555.091778369544,8.964043767470754,10.13559542531804,0.0,-70.89072,-71.92928,-74.09303,-66.0385,-72.71136,-70.50155,-71.80503,-72.02937,-69.76901,-71.12314,-77.109215,-75.67401
12558.411474767843,9.536438678452456,10.751241374468837,0.0,-73.44606,-71.98206,-73.78426,-66.27263,-71.80935,-70.15924,-69.77651,-70.320854,-70.720604,-70.279175,-74.53314,-73.86496
12561.731171166142,10.116628796268516,11.375271548248977,0.0,-76.41137,-72.20434,-73.491356,-67.30344,-71.08082,-70.46084,-67.259575,-68.04211,-71.68824,-70.25219,-72.22987,-73.468445
12565.05086756444,10.752707657819014,12.059413505036105,0.0,-77.53924,-73.12701,-73.2873,-68.74403,-68.652504,-71.21504,-64.30307,-69.020035,-72.36758,-70.17968,-69.18684,-74.60809
12568.37056396274,11.300123847464423,12.64819330232108,0.0,-78.73922,-74.63135,-73.2096,-69.401474,-66.16734,-71.55992,-64.09602,-71.51239,-73.00373,-70.062164,-65.88502,-75.80198
12571.69026036104,12.039338373844098,13.443264013097574,0.0,-79.090546,-75.974174,-73.11704,-70.56617,-66.05057,-70.38856,-65.947105,-78.54997,-72.878174,-70.24157,-62.487206,-76.40495
12575.00995675934,12.551224011255885,13.993828515078468,0.0,-78.810905,-76.463036,-73.20526,-72.31023,-65.71813,-68.87059,-67.5751,-80.98477,-73.60685,-70.676544,-61.367123,-76.1521
12578.329653157638,13.227354609612382,14.721048579388906,0.0,-78.551186,-78.74413,-73.322975,-76.26229,-65.02178,-66.21357,-71.32251,-82.227104,-77.879105,-71.18908,-62.737503,-76.16368
12581.649349555935,13.943630166905788,15.491447017360889,0.0,-79.66649,-79.59478,-73.68852,-79.219055,-63.98232,-65.31109,-73.60371,-82.36019,-81.29168,-70.71935,-66.83829,-78.311264
12584.969045954236,14.470489091434914,16.058116211019513,0.0,-81.589355,-77.73615,-75.148346,-80.300385,-63.885548,-68.96954,-75.285995,-82.90742,-81.185555,-70.53092,-72.06573,-81.20262
12588.288742352535,15.403849115278408,15.478484851749112,0.0,-79.57596,-78.48135,-78.87147,-76.66884,-65.74286,-65.3213,-72.10275,-81.85119,-82.861,-71.350586,-72.76787,-75.76431
12591.608438750834,16.23373173944651,14.963114596763663,0.0,-79.255035,-77.80564,-79.5508,-77.334465,-69.35695,-64.72813,-70.22522,-79.67575,-82.50091,-75.60899,-70.665695,-72.12846
12594.928135149134,17.08747856487939,14.4329242947828,0.0,-78.392075,-77.66771,-80.23853,-80.93824,-73.67077,-72.22806,-72.63552,-79.06342,-79.237854,-78.940216,-68.53189,-71.72541
12598.247831547433,17.910486180260666,13.921823529154413,0.0,-77.98795,-77.72792,-83.11582,-81.7391,-72.68304,-72.65938,-77.59547,-79.137314,-79.53572,-77.6101,-70.02628,-74.97239
12601.567527945732,18.899734627980774,13.307484573381554,0.0,-78.25012,-77.767136,-85.07791,-82.56613,-71.55981,-70.26375,-76.29884,-79.112335,-81.75248,-76.89828,-72.47167,-77.01415
12604.887224344033,17.775715731062057,13.420958173034828,0.0,-77.814384,-78.00241,-85.07755,-80.80891,-70.77974,-70.84753,-77.07155,-78.14291,-80.39801,-76.81107,-70.4454,-74.46997
12608.20692074233,16.610050608150875,13.538636103405578,0.0,-76.496414,-80.02125,-83.46563,-79.80417,-70.82369,-67.499855,-68.4331,-77.36171,-77.48289,-77.5101,-66.67218,-72.119125
12611.52661714063,15.375070145912703,13.66331165729154,0.0,-77.37638,-81.19228,-78.47395,-79.768234,-67.8824,-62.832687,-66.04218,-79.471344,-73.001686,-76.29595,-65.28984,-71.70195
12614.846313538928,14.141720472826528,13.787822577365866,0.0,-80.0845,-77.754776,-75.00381,-76.77212,-64.10557,-65.07316,-66.93502,-82.023125,-72.69236,-73.468605,-64.31975,-75.55236
12618.166009937227,13.333408700154232,13.869424449664171,0.0,-81.58029,-76.06096,-73.8797,-72.74441,-63.583866,-67.13847,-67.04446,-82.44153,-73.17035,-72.40577,-61.92633,-76.88537
12621.485706335528,12.419464220972554,13.96169030944667,0.0,-78.53045,-76.46511,-73.12587,-72.162285,-65.98533,-69.284706,-67.50656,-80.58807,-73.534004,-70.44875,-61.587936,-76.34514
12624.805402733826,11.54365512825059,14.0501062699191,0.0,-76.33773,-77.05275,-75.208786,-71.09464,-66.213684,-71.13817,-67.8881,-78.02256,-73.79691,-68.90549,-66.24367,-79.29357
12628.125099132125,10.729351889397648,14.132313001474294,0.0,-76.284,-77.77909,-76.09003,-69.334885,-65.50184,-72.721214,-70.505226,-78.63226,-73.78015,-68.82146,-71.00573,-81.516815
12631.444795530424,9.553632901911143,14.251005904286268,0.0,-77.348564,-80.36416,-70.99099,-66.33168,-65.106575,-72.674126,-74.53759,-81.564354,-72.244125,-64.38722,-74.91772,-82.39043
12634.764491928723,8.377096778382247,14.369781299811123,0.0,-78.37787,-81.392296,-70.280525,-63.495438,-66.371735,-72.4834,-74.878555,-77.85011,-70.94947,-64.151726,-73.92293,-79.205894
12638.084188327022,7.331512926253733,14.475336610104932,0.0,-78.5801,-79.62131,-69.86604,-62.429863,-71.43464,-72.764626,-72.722626,-73.588806,-71.71559,-66.12765,-73.23594,-77.53512
12641.40388472532,6.311574000170076,14.578302976316811,0.0,-77.43248,-78.5039,-69.52316,-63.236427,-76.38888,-73.95304,-72.57131,-75.0984,-73.26,-72.86815,-74.206856,-79.93803
12644.72358112362,5.3823581781909855,14.672110531033011,0.0,-74.79468,-77.87257,-69.97624,-63.947342,-77.431625,-75.16625,-72.074745,-78.8876,-75.42067,-71.38547,-75.84411,-81.672195
12648.04327752192,4.527465322344876,14.758414924968609,0.0,-75.9174,-77.79728,-69.79784,-63.810875,-77.1542,-74.89685,-72.25982,-81.940544,-75.28055,-72.06402,-78.55961,-82.31058
12651.36297392022,3.582505321870199,14.853811909019468,0.0,-76.86409,-78.25646,-69.76724,-63.008064,-76.680725,-74.664024,-72.34914,-81.123726,-73.93119,-77.37806,-84.348404,-83.34867
12654.682670318518,2.4445674946985214,14.968690672877235,0.0,-72.68678,-79.22572,-71.809845,-62.730785,-76.32917,-75.82669,-73.62508,-79.96078,-73.01558,-82.35656,-88.53806,-84.933846
12658.002366716815,1.4246660294902986,15.071653257284032,0.0,-74.28154,-78.88729,-69.08447,-69.64115,-77.80552,-78.054565,-77.30885,-79.51371,-73.08916,-81.82153,-81.5075,-85.65645
12661.322063115116,2.0791374289563027,15.417431599945546,0.0,-72.52084,-79.41482,-72.23589,-67.67714,-77.436035,-76.77264,-73.55748,-79.3803,-73.304146,-82.61207,-87.62701,-85.68429
12664.641759513415,2.9904382841224217,15.898901225084954,0.0,-72.962395,-78.2417,-73.372536,-61.68739,-77.21667,-74.98376,-70.9702,-80.12553,-73.809364,-81.06439,-85.75938,-84.17321
12667.961455911714,3.864973138697182,16.360946186654427,0.0,-75.49745,-77.45516,-72.11759,-60.286472,-77.98339,-75.0377,-70.8155,-80.32566,-74.062256,-78.47742,-79.15119,-82.35783
12671.281152310014,2.729580641880164,16.14712360453515,0.0,-72.904205,-77.7151,-73.57062,-64.86609,-77.6837,-75.748146,-71.043625,-79.801956,-75.040474,-80.93137,-86.22818,-84.69644
12674.600848708313,1.8720383274363288,15.985627106658898,0.0,-72.40401,-78.05396,-72.03294,-70.95287,-78.46055,-77.68534,-73.23687,-78.96907,-73.84599,-82.28579,-86.92208,-85.96048
12677.920545106612,2.586703021963077,16.528462181709298,0.0,-73.450645,-76.482574,-73.010056,-68.75663,-78.34518,-76.31668,-70.73438,-79.63648,-77.108696,-80.21415,-83.00037,-85.11221
12681.240241504913,2.554526464536086,15.415386807550972,0.0,-71.97118,-79.15132,-73.43713,-63.01492,-76.7806,-75.57442,-72.63534,-79.655106,-73.23544,-82.28276,-89.479095,-84.78159
12684.55993790321,2.52467029794941,14.382580116847585,0.0,-75.50708,-78.51767,-68.474976,-63.521454,-76.21027,-75.51678,-75.92834,-81.25373,-72.86291,-81.067024,-85.089775,-85.263054
12687.87963430151,2.4885428594189363,13.13283292897852,0.0,-81.99707,-78.48179,-63.425816,-66.38708,-76.04053,-75.61379,-80.372665,-83.782745,-72.91777,-78.79589,-79.169785,-84.26942
12691.199330699808,2.4624843081637997,12.23139616856222,0.0,-79.44367,-72.91065,-64.2734,-67.73641,-75.010056,-77.474236,-79.29842,-84.15018,-70.5623,-80.42323,-81.31478,-81.0486
12694.519027098107,2.4305773890353133,11.127648322703852,0.0,-78.54206,-67.95213,-66.1588,-69.89332,-71.86083,-80.280716,-70.85126,-80.85854,-69.28365,-82.66401,-85.438194,-78.434395
12697.838723496408,2.400658067021103,10.09265691254151,0.0,-72.14668,-66.084816,-70.39339,-72.982925,-74.34339,-80.204,-68.36303,-77.80597,-69.482574,-75.39295,-83.25481,-80.41464
12701.158419894706,2.368991421765881,8.997220798974313,0.0,-66.3199,-64.22329,-75.84033,-76.74717,-78.053024,-79.93168,-67.56047,-74.911385,-69.81773,-66.8175,-81.39978,-82.61667
12704.478116293005,2.3465032394172685,8.219292891720134,0.0,-63.904682,-62.20754,-74.02645,-76.28854,-77.591385,-78.6239,-70.37268,-76.3465,-68.814026,-63.898483,-81.31694,-82.570175
12707.797812691304,2.3113422449365,7.002977654259977,0.0,-65.97872,-59.0517,-72.18275,-74.73564,-76.39983,-75.10459,-79.578896,-76.76087,-67.64538,-64.42851,-81.800186,-80.162056
12711.117509089603,2.27689509030964,5.811356095242012,0.0,-65.72432,-59.91848,-72.28004,-75.46425,-79.52126,-75.54494,-79.61083,-76.76762,-67.46051,-67.79921,-83.608795,-77.6977
12714.437205487902,2.2524780814711427,4.96670478938356,0.0,-65.884865,-62.23969,-72.77287,-77.800766,-82.0364,-78.799736,-75.20897,-76.00076,-68.06493,-74.000534,-85.307365,-74.883865
12717.7569018862,2.2248360700363743,4.0104917982935095,0.0,-66.052505,-65.465996,-74.35476,-79.82582,-81.81971,-80.20599,-71.815765,-75.355934,-68.058395,-74.48102,-87.81515,-75.12943
12721.0765982845,2.203070797561848,3.257571326356413,0.0,-66.74796,-69.632805,-75.21185,-78.93847,-80.8001,-79.76968,-72.25235,-74.88781,-70.15463,-74.329796,-92.43073,-78.22222
12724.3962946828,2.177708639784375,2.38022472637667,0.0,-67.90166,-69.995705,-74.0078,-77.74155,-78.7616,-79.3236,-72.89148,-74.585396,-72.04786,-73.68164,-96.294266,-80.065445
12727.7159910811,2.153168282933964,1.531306474471401,0.0,-67.90266,-71.61615,-74.440414,-76.67566,-77.743454,-78.71029,-73.40507,-76.57493,-73.33523,-74.79933,-95.92362,-80.3354
12731.035687479398,1.1265247248900168,1.3348312457606828,0.0,-70.54028,-73.014984,-75.13263,-76.46781,-78.79637,-78.7183,-72.38334,-86.05125,-73.032455,-78.14818,-93.68957,-81.579155
12734.355383877695,1.883961433496797,1.9543340304023908,0.0,-68.20132,-70.3914,-74.64647,-77.29059,-77.99166,-78.66871,-73.30825,-76.131035,-72.60301,-73.62713,-96.3065,-80.76798
12737.675080275996,2.76928003044119,2.678430618104045,0.0,-66.777084,-69.984436,-74.20446,-78.35195,-79.65115,-80.17986,-71.41017,-74.40729,-71.370674,-74.14902,-93.7347,-78.78483
12740.994776674295,3.5891818228570336,3.3490232072441,0.0,-65.38938,-69.64095,-75.899445,-80.10584,-80.79788,-81.33105,-67.97406,-74.648994,-69.479805,-74.70249,-85.9752,-75.24545
12744.314473072594,4.338516295084879,3.961899223019788,0.0,-65.47734,-72.48874,-75.24099,-80.05892,-80.29805,-80.57606,-69.750084,-76.125206,-66.617096,-78.097496,-83.13272,-75.95168
12747.634169470894,5.177127572223682,4.647794183636406,0.0,-67.05953,-76.13165,-74.72648,-79.12617,-79.2358,-78.2838,-71.23394,-77.29306,-64.80744,-80.17354,-82.25608,-76.52085
12750.953865869193,5.763468685288172,5.127358942204166,0.0,-69.01798,-75.3015,-76.43681,-79.71064,-77.32519,-77.58572,-70.365555,-77.22288,-63.475674,-72.11812,-82.74182,-74.82425
12754.273562267492,6.673455029327666,5.871631127209999,0.0,-71.32077,-72.06969,-82.21084,-77.90239,-75.47988,-78.62682,-67.392715,-75.961655,-61.382706,-69.394165,-81.10585,-72.56765
12757.593258665793,7.639373515187579,6.66164986399368,0.0,-72.5057,-68.609604,-82.542564,-72.03139,-70.12307,-78.15532,-67.76994,-71.86261,-60.64497,-68.94909,-80.843,-72.207436
12760.91295506409,8.350749490741402,7.243479860843743,0.0,-71.808586,-69.63565,-80.794914,-71.55362,-71.70939,-75.51824,-67.97461,-71.395294,-61.211285,-70.37349,-82.926025,-72.92718
12764.23265146239,8.97261805622925,7.75210230232732,0.0,-70.60015,-71.75887,-79.567665,-71.790985,-73.02188,-72.505135,-67.763275,-70.16748,-64.03389,-72.516556,-82.83589,-73.74887
12767.552347860688,9.65011437481968,8.306222337944936,0.0,-70.3697,-73.33095,-77.530396,-70.92589,-73.82994,-70.311424,-69.00087,-69.516266,-66.28876,-75.53631,-75.99596,-75.63831
12770.872044258987,10.572959317057732,9.061011490639393,0.0,-70.60053,-73.43128,-74.870186,-70.38948,-74.232735,-68.71136,-67.02425,-70.784004,-66.86044,-77.29053,-72.136955,-77.536476
12774.191740657288,11.144686495841372,9.528623603027368,0.0,-72.11988,-73.36995,-73.620514,-71.60129,-74.641754,-68.66715,-66.79313,-71.953384,-67.62317,-76.391914,-71.96539,-75.63003
12777.511437055586,11.812363005802696,10.074712078091796,0.0,-73.10016,-73.409744,-73.90449,-74.77759,-74.99539,-70.05273,-65.208435,-74.8494,-69.13393,-75.33298,-71.56699,-73.61094
12780.831133453885,12.383939512696273,10.542200956875696,0.0,-73.74985,-74.87861,-74.93471,-78.62135,-75.28084,-71.69312,-62.797203,-77.241425,-69.85818,-74.9709,-71.66246,-72.28842
12784.150829852184,12.968662047853336,11.020441890615038,0.0,-74.53768,-76.60928,-76.098564,-81.45569,-75.2444,-73.14699,-61.24635,-80.41686,-70.8919,-75.207184,-70.9332,-71.872795
12787.470526250485,13.8911414105719,11.774932038088652,0.0,-74.76109,-78.46157,-77.13783,-81.6741,-72.96644,-71.12006,-62.924255,-78.9034,-71.91635,-76.12075,-66.58187,-71.57839
12790.790222648782,14.78699095555735,12.507641822856437,0.0,-76.729965,-79.867615,-78.21043,-81.44486,-70.079666,-66.451,-64.139854,-77.7361,-72.60093,-76.641846,-64.44521,-70.81436
12794.10991904708,15.70133806223769,13.255480648570948,0.0,-75.9781,-81.05615,-80.422844,-80.96587,-69.571304,-63.3291,-65.79324,-77.65366,-74.002106,-77.26842,-65.16988,-70.97267
12797.42961544538,16.282802599962583,13.73105688642395,0.0,-76.38498,-79.9865,-82.38419,-80.66023,-70.60769,-66.5429,-67.38447,-78.14106,-76.20811,-77.698494,-66.62458,-71.1644
12800.74931184368,17.020834399108754,14.33468851601076,0.0,-78.01553,-77.9986,-80.672424,-80.94184,-73.1794,-71.51581,-71.886536,-78.90802,-79.04987,-78.750725,-68.30347,-71.7103
12804.06900824198,17.822204767471277,14.99012436839122,0.0,-80.26901,-76.456024,-78.26738,-81.231255,-78.2939,-77.5956,-77.153946,-79.64345,-77.76528,-79.989555,-70.69306,-74.30446
12807.388704640278,18.473389174359877,15.52272405467362,0.0,-80.968025,-75.61878,-76.99491,-81.77364,-78.89775,-78.98988,-77.51513,-80.22108,-76.71954,-80.30235,-72.01886,-76.21596
12810.708401038575,19.245044126114447,16.153855852172352,0.0,-81.60629,-74.62255,-75.860985,-82.52811,-75.51422,-79.81827,-77.03671,-80.522675,-76.77411,-79.27099,-72.63816,-78.43204
12814.028097436876,18.44603936750759,15.474711337555116,0.0,-80.896576,-75.709305,-77.09254,-81.76531,-78.98864,-78.994644,-77.5839,-80.202705,-76.6827,-80.311676,-71.99943,-76.14953
12817.347793835175,17.865654111639707,14.981390792662914,0.0,-80.17715,-76.499344,-78.28241,-81.29173,-78.31836,-77.75182,-77.2767,-79.70361,-77.666565,-79.93988,-70.72449,-74.45471
12820.667490233474,16.922460548103547,14.17968751368025,0.0,-77.42401,-78.48679,-81.36044,-80.8121,-72.43114,-70.48424,-71.05147,-78.68896,-78.78364,-78.44449,-67.94724,-71.70613
12823.987186631774,15.989577795565928,13.386748301063252,0.0,-75.89666,-80.8354,-81.72223,-80.5024,-70.00949,-64.71842,-66.43932,-77.54203,-75.02186,-77.382576,-65.685356,-71.09943
12827.306883030073,15.26048017896306,12.767024023325904,0.0,-76.6416,-80.7464,-79.059456,-80.94986,-69.78012,-63.5869,-64.90559,-77.13419,-73.24136,-76.9245,-64.49998,-70.49532
12830.626579428372,14.508095274843974,12.12750582896091,0.0,-77.1464,-79.19967,-77.998405,-81.03576,-71.71746,-68.41004,-63.71753,-77.70687,-72.62235,-76.23695,-65.175415,-70.773674
12833.94627582667,13.860984471125963,11.577469364270865,0.0,-74.79178,-78.10984,-77.12603,-81.35056,-74.16917,-71.39071,-62.655804,-78.48846,-72.14602,-75.96498,-67.61751,-71.3188
12837.26597222497,13.027114002419848,10.86868941193304,0.0,-74.26487,-76.553024,-75.66244,-81.58587,-75.33972,-72.94695,-61.265907,-80.06484,-70.93592,-75.20699,-71.47643,-71.66778
12840.58566862327,12.290416905887453,10.242505666899046,0.0,-73.499176,-74.489075,-74.42623,-77.889465,-75.14024,-70.77399,-63.951138,-76.53994,-69.63244,-75.142685,-71.78657,-72.34288
12843.905365021568,11.683988976488145,9.727049160131385,0.0,-72.67375,-73.62766,-73.57249,-74.1364,-75.0029,-68.94261,-65.82777,-74.16936,-68.61851,-75.57067,-71.740364,-73.929955
12847.225061419867,10.865156639806994,9.031051440646154,0.0,-70.73093,-73.59454,-74.64384,-71.07994,-74.60319,-68.5948,-66.77036,-71.41539,-67.24405,-77.00034,-72.31866,-77.04537
12850.544757818168,10.184240732354048,8.45228104099472,0.0,-70.824005,-73.55735,-76.18626,-70.99395,-74.28144,-69.237274,-67.74666,-69.463356,-66.50729,-77.298996,-73.71273,-76.86916
12853.864454216466,9.584512510683274,7.942519205884965,0.0,-70.57348,-73.398186,-79.22034,-71.79901,-73.75209,-71.11333,-67.8155,-69.373764,-65.94128,-74.10976,-78.56207,-73.928764
12857.184150614765,8.86597558566519,7.3317713900311166,0.0,-71.14236,-71.252266,-80.535446,-72.22598,-72.47647,-74.07773,-67.21811,-70.45142,-62.306465,-71.5824,-82.461235,-72.47481
12860.503847013064,8.061290189043572,6.647798400857634,0.0,-72.52407,-68.96006,-82.36627,-72.14606,-70.92365,-77.56114,-67.372025,-71.827644,-60.897724,-69.154076,-80.767105,-72.009674
12863.823543411365,7.2985992233453665,5.999520177076834,0.0,-72.03085,-70.72145,-83.16628,-75.1935,-73.359955,-78.80668,-67.12685,-72.97547,-60.828987,-69.33651,-79.29876,-72.30672
12867.143239809662,6.562256160960521,5.373637356845486,0.0,-70.57504,-74.433365,-81.53283,-79.63927,-76.79253,-78.57336,-67.245346,-76.2227,-63.27171,-71.5303,-80.10316,-73.79688
12870.46293620796,5.926698501050092,4.833420926590759,0.0,-68.96162,-75.85043,-76.60503,-79.9899,-77.82081,-78.04879,-69.93056,-76.86257,-63.87941,-75.98897,-81.77308,-76.18622
12873.78263260626,5.199609328665811,4.215403802483315,0.0,-66.57425,-76.00589,-75.147896,-79.54246,-79.575714,-78.95253,-70.57869,-77.13482,-65.43002,-80.706894,-82.23476,-77.32401
12877.10232900456,4.596612815899985,3.702863958925593,0.0,-65.481285,-73.49454,-76.10579,-80.556046,-80.18236,-80.92343,-68.72673,-76.10348,-67.46943,-77.90413,-83.2689,-76.18492
12880.42202540286,3.7518791797482383,2.984850443830353,0.0,-65.4529,-70.57649,-75.79111,-80.05989,-80.626854,-81.85969,-67.18444,-74.33875,-70.89982,-74.557884,-86.613014,-75.47342
12883.741721801158,3.1764778357406787,2.495766164573387,0.0,-66.51343,-70.41021,-74.50753,-78.49813,-79.73757,-80.59946,-70.07381,-74.32472,-71.893486,-74.22246,-92.70086,-77.9123
12887.061418199455,2.4112777199712374,1.8453551931601413,0.0,-67.76223,-70.654564,-73.75217,-77.16962,-77.9945,-79.1327,-73.17641,-74.74463,-72.32827,-73.83433,-96.41627,-80.37216
12890.381114597756,1.57503868636833,1.134561988911306,0.0,-69.05045,-73.51314,-75.130264,-76.09394,-78.915,-78.9039,-72.997116,-81.50564,-73.889854,-77.844666,-94.61972,-80.82464
12893.700810996055,2.6144181001112416,1.5014177862897786,0.0,-67.58829,-71.51657,-73.92089,-76.81374,-77.880135,-79.22837,-73.26895,-75.71514,-73.36065,-74.55872,-95.58584,-80.5041
12897.020507394354,3.5707378122052686,1.8389571159034237,0.0,-65.10895,-71.34661,-74.99134,-77.895096,-79.1842,-81.526955,-70.46626,-74.00855,-73.79311,-74.14003,-93.33007,-77.111374
12900.340203792652,4.435937801587821,2.144335140328382,0.0,-61.83897,-72.10575,-76.59255,-79.9313,-80.090866,-84.21913,-65.16941,-72.419464,-74.402534,-74.41516,-87.64024,-75.374916
12903.659900190953,5.244432830011776,2.429698775981805,0.0,-60.60719,-71.92561,-77.67973,-80.47985,-79.77172,-84.76941,-65.27228,-70.956276,-74.559074,-74.818504,-86.24112,-75.24141
12906.979596589252,5.958439608498283,2.681712162616084,0.0,-60.14409,-71.47135,-77.897415,-79.8804,-79.506744,-80.874626,-68.29586,-70.75789,-71.52862,-76.69392,-87.163025,-75.40622
12910.29929298755,6.693452264442269,2.941139711800058,0.0,-59.618935,-71.71264,-77.98689,-79.75498,-79.14974,-76.68416,-71.59444,-69.44039,-69.36937,-78.306946,-86.0376,-75.299965
12913.61898938585,7.6402872683472385,3.2753313513020927,0.0,-60.8247,-71.95251,-81.46683,-78.89954,-77.81988,-74.619934,-68.46926,-68.553085,-69.2363,-77.36233,-81.78758,-73.81351
12916.93868578415,8.787059273954592,3.680092070021172,0.0,-64.42774,-72.80051,-82.61431,-76.95663,-77.50928,-73.98783,-65.49481,-68.99636,-71.720505,-76.02606,-81.96572,-72.50637
12920.258382182448,9.74264475242073,4.017372247048707,0.0,-68.93292,-73.589874,-80.48762,-76.21917,-78.3997,-72.865,-65.292145,-70.61536,-73.91304,-72.88121,-82.50939,-70.46089
12923.578078580747,10.563371604317853,4.307053185213906,0.0,-71.46122,-73.90106,-77.2746,-76.14396,-79.27521,-72.66622,-65.51702,-71.653076,-74.94194,-72.36143,-82.58794,-68.60735
12926.897774979048,11.677318944151574,4.700228222345641,0.0,-73.264984,-73.4877,-75.80588,-78.473976,-78.87935,-72.36216,-66.08511,-72.944214,-73.90897,-73.78405,-83.65186,-64.793846
12930.217471377346,12.577593363228113,5.017985997324486,0.0,-73.39921,-72.99404,-74.64927,-79.51472,-78.3606,-72.090355,-66.82125,-73.7949,-72.477745,-76.31937,-82.12089,-61.00109
12933.537167775645,13.400430690899768,5.308411841789424,0.0,-77.41881,-75.31619,-74.654434,-79.799706,-76.87072,-72.22754,-68.3034,-74.08752,-72.24548,-78.781334,-75.56253,-59.201504
12936.856864173944,14.247228947496318,5.607294853647177,0.0,-80.493805,-80.38813,-75.087654,-79.9561,-75.348595,-70.85787,-70.29845,-75.54726,-74.02816,-80.55992,-73.22783,-62.99784
12940.176560572245,15.304632585922231,5.980512419626012,0.0,-79.78109,-80.95953,-76.71552,-80.18,-75.01308,-67.25255,-65.22326,-74.64614,-76.57634,-80.094154,-73.71899,-67.645485
12943.496256970542,16.148308158947668,6.2782932597875645,0.0,-79.72617,-82.4569,-78.00232,-80.13776,-74.90853,-68.14862,-59.423492,-73.094666,-78.73754,-78.44186,-76.21954,-68.9747
12946.81595336884,17.096836061540536,6.613082419011289,0.0,-81.224724,-82.53761,-78.007576,-78.816734,-75.36652,-71.69132,-45.591976,-71.569954,-81.29195,-76.83727,-78.287224,-69.905754
12950.13564976714,18.253346732821612,7.021280463805811,0.0,-81.39968,-81.31683,-77.63122,-77.92892,-76.35666,-73.25352,-49.157444,-71.6143,-81.90069,-75.269455,-79.623604,-72.01227
12953.45534616544,19.1037537688809,7.321437218100503,0.0,-81.01317,-78.91598,-77.21202,-78.07719,-78.39082,-73.855156,-62.380318,-73.775085,-81.71853,-75.40618,-79.57499,-74.8384
12956.77504256374,19.51801266984741,6.430741565815802,0.0,-82.08079,-79.444435,-78.28952,-80.63991,-80.99839,-79.94031,-63.237,-71.751236,-84.714325,-74.66826,-83.78848,-77.02077
12960.094738962038,19.2375889696863,5.409328508188837,0.0,-80.671036,-77.5646,-78.314,-80.37968,-78.19985,-80.66399,-64.63215,-68.52902,-81.68185,-76.82854,-83.05764,-75.16506
12963.414435360335,18.924972965476844,4.270658458049519,0.0,-77.72973,-75.29788,-79.13885,-78.91188,-77.11386,-79.48644,-68.24564,-66.23141,-80.98267,-81.57479,-80.233765,-72.90111
12966.734131758636,18.610976840949927,3.126961468630319,0.0,-79.11583,-74.28229,-81.659805,-81.030556,-77.31585,-77.44909,-68.65452,-67.96033,-86.33055,-83.63683,-78.80253,-71.376816
12970.053828156935,18.290182344990104,1.9585021451138973,0.0,-84.12064,-74.96852,-81.88625,-82.8794,-76.86287,-77.39533,-69.702126,-70.274956,-85.670616,-79.72509,-77.752975,-71.607864
12973.373524555234,18.05083891449344,1.086719535348475,0.0,-84.52217,-75.989685,-76.85626,-76.410774,-76.27036,-77.597946,-72.10224,-71.378395,-81.59121,-77.48353,-77.57268,-73.33574
12976.693220953532,18.785179795457196,2.1048507006941524,0.0,-84.15143,-74.87976,-82.135315,-83.40392,-77.448975,-77.95232,-71.06442,-71.7197,-85.26272,-79.5633,-79.22989,-71.504524
12980.012917351833,19.44694003736311,3.022352018865166,0.0,-80.96831,-74.34263,-82.36037,-82.29516,-78.28168,-78.632645,-71.7617,-71.326096,-86.231964,-82.48261,-80.04395,-71.471756
12983.332613750132,18.513584906899684,3.65836201429932,0.0,-77.34108,-74.67935,-80.26733,-79.24273,-76.821785,-77.95035,-67.738594,-66.603615,-83.63116,-82.948845,-79.5596,-71.784454
12986.65231014843,17.89819887631406,4.077700435151706,0.0,-78.40249,-75.3205,-79.62477,-78.25763,-76.53512,-78.75636,-66.2972,-66.14908,-79.51565,-81.783165,-79.463234,-72.36027
12989.97200654673,17.04634587248885,4.65817297704949,0.0,-79.93734,-78.32727,-79.70988,-79.05212,-77.10201,-75.98089,-61.524796,-65.686745,-78.91645,-79.80062,-79.010574,-73.156586
12993.29170294503,16.263812911272268,5.191409222125163,0.0,-78.58413,-81.1757,-80.124756,-78.77223,-76.50685,-72.7113,-64.683235,-67.96926,-78.549355,-79.4342,-77.48771,-71.886536
12996.611399343328,15.554559072644937,5.674711360768844,0.0,-79.33758,-82.10112,-77.92841,-79.271706,-75.52552,-68.3825,-65.59613,-72.50493,-77.145134,-79.70651,-75.532845,-68.50809
12999.931095741627,14.557760297722195,6.353953338013459,0.0,-81.06963,-80.0187,-75.48453,-81.80614,-74.84527,-69.4674,-66.668625,-77.53063,-75.95207,-81.516304,-72.840034,-65.56199
13003.250792139926,13.64331848362822,6.977075357729511,0.0,-82.23034,-78.97575,-75.74467,-82.3409,-75.56007,-72.458206,-68.29191,-78.922264,-77.007355,-81.150314,-72.957184,-65.736275
13006.570488538226,12.925412958370517,7.466272957805487,0.0,-79.5118,-76.4962,-77.72965,-79.292206,-75.208244,-72.22402,-68.11916,-77.793076,-77.28736,-76.52316,-73.876114,-68.30727
13009.890184936525,12.212971197373829,7.951747421243239,0.0,-74.74586,-73.95987,-75.073105,-78.08121,-74.59229,-69.05109,-67.541725,-75.53415,-72.33885,-74.41876,-73.61628,-69.32081
13013.209881334824,11.350502591507764,8.539453682424467,0.0,-71.77171,-73.50814,-74.8869,-74.56959,-74.889915,-68.21798,-66.8146,-72.807045,-68.05402,-76.41221,-72.54348,-73.66644
13016.529577733125,10.67648557163431,8.998744629397041,0.0,-70.614876,-73.514984,-74.887375,-70.755905,-74.38118,-68.64181,-66.911674,-71.0173,-66.97301,-77.23097,-72.27075,-77.45302
13019.849274131422,9.97103767354708,9.479453311223988,0.0,-70.977425,-72.37413,-74.08174,-67.878365,-73.58869,-68.62671,-69.08505,-69.94016,-67.50916,-75.15972,-73.14597,-76.585365
13023.16897052972,9.063313964762452,10.09799745700153,0.0,-70.77892,-71.9455,-74.087395,-66.06348,-72.8081,-70.20661,-71.682434,-71.69888,-69.70689,-71.57191,-76.799644,-75.58757
13026.48866692802,8.051540745964605,10.787443370207695,0.0,-73.19258,-72.01321,-70.826294,-65.85762,-71.35753,-73.34509,-71.189224,-78.03131,-69.40711,-57.241337,-79.791214,-74.57053
13029.80836332632,7.377261939323501,11.246912704800872,0.0,-73.47609,-72.74219,-68.82525,-67.65429,-71.067276,-75.08308,-71.141106,-80.41547,-67.87297,-56.369858,-80.78387,-77.08842
13033.12805972462,6.744307488757735,11.67822265754574,0.0,-74.39134,-73.67326,-68.69465,-69.6755,-71.04955,-76.4227,-74.11123,-79.95703,-66.60747,-59.831905,-79.785225,-81.466286
13036.447756122918,5.994781174790721,12.18896740192535,0.0,-75.619896,-72.46377,-69.210014,-67.80808,-75.249756,-77.56134,-75.83935,-75.716194,-66.80861,-63.27027,-78.75153,-83.4155
13039.767452521215,5.295534901816067,12.665450151488365,0.0,-77.42491,-70.798676,-69.878075,-65.36992,-78.15067,-78.27297,-78.79192,-72.84908,-68.17718,-72.79896,-78.67113,-84.16098
13043.087148919516,4.307845343270354,13.338484895840304,0.0,-77.65114,-72.141594,-69.341934,-64.91461,-77.29101,-76.72639,-77.826256,-76.50742,-71.07438,-74.1824,-81.27727,-84.11271
13046.406845317815,3.58246096384884,13.832778761900498,0.0,-78.97444,-78.22409,-67.35217,-64.405365,-76.69643,-75.72504,-76.33043,-81.63315,-72.793045,-76.123116,-84.179016,-84.428955
13049.726541716114,2.7140792204896846,14.424514373140706,0.0,-75.4905,-78.38732,-68.38791,-63.448574,-76.252304,-75.25959,-75.314415,-81.11851,-73.05659,-80.64243,-85.86759,-85.035995
13053.046238114412,1.9025965768237807,14.977477608299214,0.0,-73.63754,-79.43,-70.8511,-66.88381,-77.067406,-76.96083,-75.33019,-80.01374,-73.00454,-82.77362,-84.090256,-85.76831
13056.365934512713,1.056682217701742,15.553903418929048,0.0,-73.87854,-77.461334,-67.94202,-71.80656,-78.78529,-79.05743,-76.75181,-77.878456,-73.34966,-80.60821,-81.615524,-84.856285
13059.685630911012,1.730611961078997,16.505061018798507,0.0,-72.62451,-76.81107,-72.11545,-72.30734,-79.1672,-78.14807,-72.546005,-79.25006,-74.73418,-81.42109,-84.965546,-85.71044
13063.00532730931,1.598558244425808,15.358556883132517,0.0,-73.646255,-79.20481,-70.13269,-70.003174,-78.013275,-77.79042,-75.48256,-79.18715,-73.28483,-82.729805,-82.67156,-85.832756
13066.32502370761,1.5013692715213425,14.514752087628423,0.0,-75.17973,-77.97447,-68.42449,-67.46266,-76.5651,-77.77736,-78.86625,-80.56985,-72.70481,-80.88177,-80.78369,-86.18133
13069.644720105907,1.4127948306893057,13.74573955771278,0.0,-77.395294,-75.82279,-66.08522,-65.827415,-75.33455,-77.849144,-80.98863,-82.44141,-72.40806,-79.63891,-80.148834,-83.95766
13072.964416504208,1.2742922554469032,12.54324575942884,0.0,-76.51189,-69.74013,-65.13907,-65.14773,-72.98834,-79.086555,-81.62685,-85.57004,-71.87776,-78.62657,-86.26181,-79.980194
13076.284112902507,1.1654900231235157,11.598613434872124,0.0,-78.68329,-69.06838,-66.18345,-65.821,-74.1596,-79.92664,-72.94956,-85.14282,-72.913,-77.24589,-86.176346,-80.541046
13079.603809300806,1.0243376107397404,10.373113474259531,0.0,-80.603226,-66.12844,-73.04383,-69.70329,-79.53204,-79.16483,-68.31314,-80.67573,-73.999054,-73.65668,-84.750244,-82.589485
13082.923505699106,1.672903075773045,11.27330371079356,0.0,-79.27843,-68.57885,-65.66233,-69.1154,-73.10663,-79.72183,-70.686966,-82.8509,-71.36012,-79.65221,-85.48578,-79.85459
13086.243202097405,2.1502299289029634,11.93581967254154,0.0,-78.69567,-71.46425,-64.60459,-68.212074,-73.18842,-78.21945,-75.39415,-84.14746,-70.62052,-81.27483,-85.963165,-79.16674
13089.562898495704,2.694446941771308,12.69117725470118,0.0,-81.77166,-77.77089,-63.808266,-67.032394,-76.08971,-76.41281,-80.962296,-83.54687,-71.87555,-78.68317,-78.4173,-83.4725
13092.882594894005,3.284623290732554,13.51032507525455,0.0,-80.06889,-78.27329,-65.59851,-65.19819,-76.72085,-75.913345,-78.26389,-82.31136,-72.633095,-76.75685,-82.02965,-84.922745
13096.202291292302,3.729434132906132,14.127709747761854,0.0,-78.41997,-78.16435,-68.59197,-64.19861,-76.662605,-75.44293,-74.87522,-81.4192,-73.09563,-75.5998,-84.22195,-83.9383
13099.5219876906,4.301352532971055,14.921516059675437,0.0,-76.58309,-77.87216,-69.66429,-63.388096,-77.16667,-74.706505,-71.79987,-81.99962,-74.76639,-73.28144,-78.94919,-82.179214
13102.8416840889,4.9542697922422185,15.827746461613778,0.0,-75.91934,-77.12143,-69.08774,-61.988525,-77.3769,-75.03089,-71.54945,-81.64807,-75.94342,-72.2801,-76.96259,-80.36319
13106.1613804872,5.494922348509451,16.578156680393985,0.0,-78.499306,-77.599144,-68.78511,-60.55674,-77.68412,-76.50993,-74.79242,-79.41136,-73.1695,-73.48905,-76.8218,-78.91781
13109.4810768855,5.8732937353996295,15.939243777686476,0.0,-77.300385,-78.17659,-68.56337,-62.34876,-77.01819,-75.30894,-73.29165,-80.81203,-76.5713,-71.34422,-75.23532,-79.07666
13112.800773283798,6.455354973298841,14.956382895640838,0.0,-78.08395,-78.59646,-69.16322,-62.805927,-76.10505,-73.837685,-71.78749,-75.61552,-74.00757,-72.67325,-74.092865,-78.52743
13116.120469682097,6.895242763523126,14.213594210619672,0.0,-77.8743,-78.3371,-69.83469,-63.126713,-72.95989,-73.184364,-73.964775,-73.50305,-71.61924,-66.38043,-73.43345,-79.372475
13119.440166080396,7.371044531116839,13.410161660010615,0.0,-76.386116,-78.05687,-69.81566,-65.973946,-67.61479,-72.89828,-77.70349,-77.2094,-70.1627,-62.311394,-73.40848,-83.25718
13122.759862478695,7.901389123127929,12.514628819903484,0.0,-74.95379,-76.10789,-70.624725,-68.61675,-66.20911,-72.397484,-74.65135,-80.16976,-69.64494,-59.372643,-74.57055,-82.74513
13126.079558876994,8.376755870646537,11.711930838420292,0.0,-74.52811,-72.49085,-71.092834,-66.49627,-69.12587,-72.08519,-69.86498,-81.221596,-70.48263,-56.987057,-76.29961,-76.148285
13129.399255275292,8.925566135656393,10.785217107937028,0.0,-73.53533,-71.97241,-73.49807,-65.70678,-71.679375,-70.97709,-71.13332,-72.69271,-70.57154,-67.5037,-76.73814,-74.36534
13132.718951673593,9.381271695294076,10.015718747394851,0.0,-70.973976,-72.02835,-74.04358,-66.28533,-73.00734,-69.44672,-70.79792,-70.58758,-69.58814,-72.72986,-75.428734,-75.34148
13136.038648071892,9.80101874927625,9.306939442313526,0.0,-70.891136,-72.469315,-74.12094,-67.76098,-73.55282,-68.774025,-69.31286,-70.01532,-67.54255,-75.48742,-73.57777,-76.69259
13139.35834447019,10.4135200280902,8.272677911135256,0.0,-70.85924,-73.757614,-76.94715,-71.63061,-74.551445,-69.24781,-67.908485,-69.919785,-66.99566,-76.768745,-73.7881,-75.20827
13142.67804086849,10.91239527849805,7.43028378364398,0.0,-71.567856,-74.94819,-78.228096,-75.90494,-75.25053,-71.29012,-68.409966,-70.91331,-73.08068,-73.0577,-75.95821,-70.73897
13145.997737266787,11.409461050384389,6.590945117571364,0.0,-74.78819,-74.522354,-76.36785,-79.558014,-77.044655,-71.96768,-67.646225,-72.42831,-77.79591,-74.508644,-78.74409,-69.24568
13149.317433665088,11.95985576211928,5.661555911374672,0.0,-75.51594,-74.17417,-75.18479,-80.27067,-78.31642,-72.13912,-67.20349,-74.64705,-75.58206,-75.97365,-80.673744,-66.49922
13152.637130063387,12.530113209700106,4.698626753017909,0.0,-73.07271,-72.73974,-74.55162,-78.96442,-78.50656,-72.125916,-66.48494,-72.85118,-72.334,-75.45314,-83.3462,-58.97344
13155.956826461686,13.133393482174784,3.679935690776335,0.0,-72.34613,-72.662766,-74.758385,-76.90483,-80.08026,-74.23559,-66.08075,-67.944466,-73.38124,-76.00306,-83.905624,-59.301136
13159.276522859986,13.619652609434532,2.858844981410092,0.0,-73.6009,-73.16294,-75.2477,-75.96897,-81.29772,-76.85537,-66.29581,-66.35852,-74.60786,-78.072426,-82.63576,-64.00015
13162.596219258285,14.166198809250576,1.9359543213677088,0.0,-75.158066,-72.83121,-75.69523,-75.57682,-81.59538,-76.901566,-66.74513,-65.80788,-77.10481,-82.07751,-80.4173,-67.488525
13165.915915656584,13.3818039864686,2.8266587748286844,0.0,-73.59117,-72.98731,-75.23692,-75.6594,-81.4018,-77.349106,-65.82542,-65.97899,-74.17516,-77.54467,-82.922745,-62.51944
13169.235612054885,12.707837834256392,3.591968075479466,0.0,-72.45068,-72.69084,-74.77257,-76.71678,-79.82638,-74.101494,-65.5688,-67.17791,-73.525276,-75.074486,-84.17739,-58.09431
13172.555308453182,12.151558076017212,4.22364085510916,0.0,-72.69764,-73.03654,-74.9898,-77.58655,-78.812325,-72.59297,-65.7422,-70.551674,-73.19754,-74.13691,-83.80595,-58.352295
13175.87500485148,11.522668235526725,4.937764617010805,0.0,-73.314354,-73.6585,-75.917625,-78.83059,-78.93179,-72.38433,-66.34237,-73.791824,-74.457565,-73.88559,-83.38266,-66.47176
13179.19470124978,10.926621378874582,5.614594160337662,0.0,-72.90588,-73.47471,-76.322365,-79.082436,-79.10144,-72.68818,-66.50609,-72.630554,-77.321556,-74.08037,-83.705635,-68.90277
13182.51439764808,10.224390459243711,6.411998973968187,0.0,-71.67551,-72.85664,-79.456245,-77.257195,-77.27626,-73.41521,-66.56474,-69.03736,-76.899376,-71.09652,-83.980995,-70.36251
13185.83409404638,9.417096569196216,7.328706022807294,0.0,-70.424805,-72.68087,-80.339554,-73.40508,-73.03901,-73.02362,-66.75397,-69.48353,-65.89564,-72.118996,-82.73306,-71.6674
13189.153790444678,8.707543677034865,8.134425161509327,0.0,-70.25099,-72.52783,-77.35095,-70.332565,-73.23791,-72.03532,-69.62638,-70.93874,-65.41007,-72.499374,-84.80218,-75.55824
13192.473486842977,7.88319349066866,9.070500159561488,0.0,-68.379395,-72.6394,-74.910706,-67.52439,-73.252594,-72.39791,-73.44239,-74.51839,-68.718925,-70.480545,-89.83585,-79.98105
13195.793183241276,7.304511391332443,9.727611486723037,0.0,-69.98827,-72.341255,-71.120705,-66.96082,-72.51493,-74.07844,-73.02203,-75.827576,-66.459274,-60.430958,-88.89747,-77.87165
13199.112879639575,6.488263595106665,10.65448597149776,0.0,-72.03868,-72.75947,-67.753,-69.72865,-72.18745,-77.114624,-72.51739,-77.68145,-64.91921,-58.206707,-88.83966,-79.00333
13202.432576037874,5.699156541932423,11.550541307542632,0.0,-73.353714,-72.57201,-67.48931,-71.8318,-79.093735,-81.29992,-75.2005,-78.80247,-64.69997,-63.36638,-86.956566,-82.30341
13205.752272436172,5.091330429202719,12.24074655853866,0.0,-76.36385,-70.860054,-68.53445,-66.72156,-78.422935,-79.66617,-78.154526,-74.370865,-66.62213,-72.13693,-82.72402,-83.623764
13209.071968834473,4.545539775368911,12.86050863741494,0.0,-78.241104,-70.97761,-68.98416,-65.4166,-77.838684,-77.65719,-78.972,-74.15674,-69.24685,-75.53722,-81.05583,-84.26043
13212.391665232772,3.853766967155419,13.64603794378343,0.0,-78.43995,-77.61782,-68.13598,-64.64292,-76.772675,-75.99776,-76.79104,-79.76989,-72.23604,-74.90266,-83.148506,-84.18229
13215.71136163107,3.196765918210972,14.392082847736097,0.0,-77.09943,-78.27464,-68.21371,-63.458084,-76.382805,-75.0856,-74.495384,-81.043495,-73.33683,-78.96033,-87.03291,-84.37447
13219.03105802937,2.6628676353786176,14.998340773467106,0.0,-72.68927,-79.06402,-72.04118,-62.540165,-76.23953,-75.36081,-73.16137,-79.96694,-73.01474,-81.980965,-88.92944,-84.52612
13222.350754427667,2.134591997212232,15.5982140131972,0.0,-72.24258,-79.12082,-72.709305,-68.160995,-77.61366,-76.719475,-73.19565,-79.27568,-73.446304,-82.55681,-88.60822,-85.65938
13225.670450825968,1.557799702267991,16.253179409331143,0.0,-72.524765,-77.22211,-71.33997,-72.168686,-79.15965,-78.58819,-73.39494,-78.81548,-74.072495,-81.97314,-84.6692,-85.63852
13228.990147224267,1.9026096868061084,15.531001008235588,0.0,-72.81312,-79.1262,-71.49951,-69.4511,-77.841225,-77.2666,-73.75667,-79.22697,-73.38633,-82.716675,-86.35748,-86.04798
13232.309843622566,2.235808116472967,14.83314212950651,0.0,-73.437996,-79.261375,-71.2272,-63.50298,-76.47196,-76.247574,-74.6884,-80.31324,-72.97731,-82.54735,-86.57439,-85.34619
13235.629540020866,2.5794379775031246,14.113435407730844,0.0,-77.037964,-78.38356,-66.85991,-64.11007,-76.28998,-75.332886,-76.96749,-81.92824,-73.03834,-80.21993,-83.44535,-85.423904
13238.949236419165,2.9412403222906667,13.355667794877958,0.0,-81.21023,-78.335625,-64.31513,-65.85265,-76.4515,-75.74214,-79.25367,-83.17713,-72.86109,-77.48655,-79.66617,-85.09494
13242.268932817464,3.459627129963234,12.26994588222662,0.0,-81.00627,-71.272224,-65.14503,-67.812904,-76.60065,-78.125626,-79.59578,-80.29761,-70.00224,-78.350426,-78.500656,-83.01577
13245.588629215765,3.8929620285513575,11.362358752403583,0.0,-74.27511,-68.29103,-66.383224,-70.9313,-77.20846,-81.53501,-74.49676,-79.28507,-66.318886,-75.61894,-83.40558,-79.921745
13248.908325614062,4.299244525875605,10.511430828423183,0.0,-66.995705,-67.02663,-67.87705,-73.622734,-78.70415,-82.646965,-73.29339,-78.787285,-63.796177,-69.22448,-83.822365,-80.2498
13252.22802201236,4.630934945140404,9.816730363283709,0.0,-65.95074,-67.82212,-69.862854,-73.85119,-76.42421,-81.22731,-72.37012,-77.15377,-62.401722,-64.01407,-82.1511,-81.54129
13255.54771841066,4.95168493937404,9.144943789883456,0.0,-65.3992,-68.21506,-72.09329,-71.31236,-70.840034,-78.13082,-72.640114,-75.26951,-61.66278,-62.028587,-81.631874,-82.55919
13258.86741480896,5.383306249454714,8.240945641423892,0.0,-66.75163,-68.787186,-74.578354,-70.308014,-69.01418,-76.73351,-73.88651,-74.911804,-61.305172,-62.07011,-83.10914,-80.017456
13262.18711120726,5.817150228184528,7.332292281795336,0.0,-69.05044,-69.11393,-78.23174,-72.984184,-70.9268,-77.836555,-73.06222,-75.49372,-61.050743,-63.20725,-89.82054,-74.4265
13265.506807605558,6.140370938229976,6.655330981227813,0.0,-69.84208,-69.0615,-79.99119,-75.884026,-73.00117,-77.92428,-70.35895,-75.78212,-61.673626,-64.57322,-87.77144,-72.885704
13268.826504003857,6.627797525276197,5.634452906145305,0.0,-71.04229,-73.41501,-81.98073,-79.19439,-76.31845,-78.67849,-67.13544,-76.13301,-62.309235,-70.26445,-80.30921,-72.830536
13272.146200402156,7.048316490148844,4.753707778973636,0.0,-69.73829,-75.95918,-82.65091,-79.90896,-77.64413,-78.43634,-66.01502,-73.87565,-63.94384,-78.58777,-79.899475,-75.26603
13275.465896800457,7.562169388506545,3.677481796041702,0.0,-62.875908,-73.39517,-81.9352,-79.42136,-77.820915,-76.59865,-66.184105,-70.62341,-67.55267,-78.6817,-80.99893,-75.200516
13278.785593198754,7.992500830713991,2.776185178164436,0.0,-59.013798,-70.49494,-82.022064,-77.05539,-77.61609,-73.8613,-69.94435,-66.61313,-70.807655,-77.17621,-85.58744,-72.74233
13282.105289597052,8.325085504328287,2.0796117650093806,0.0,-60.42369,-70.19868,-82.3569,-74.80367,-76.45248,-74.71119,-71.91546,-65.336426,-71.83585,-77.679825,-88.267845,-72.455475
13285.424985995352,9.072081999194252,1.0881579567850506,0.0,-67.02098,-73.04449,-83.13183,-74.7357,-73.3141,-81.17906,-69.59485,-65.43926,-74.86348,-78.38512,-84.815865,-68.85258
13288.744682393652,9.69969822335819,2.029674783514773,0.0,-71.26821,-71.81457,-83.398,-74.72483,-74.702126,-81.62383,-66.00484,-64.348335,-74.54971,-77.522934,-81.60403,-67.181046
13292.06437879195,10.310717897740057,2.946294339772728,0.0,-71.746315,-72.7978,-80.81168,-75.76026,-76.89216,-77.581696,-64.97674,-65.16005,-73.99295,-74.10332,-79.442055,-66.81911
13295.38407519025,10.943987394401336,3.896291908359346,0.0,-72.40141,-73.584625,-77.16769,-75.67637,-79.0767,-72.774345,-65.34726,-69.62533,-74.29935,-72.81997,-82.00853,-65.24555
13298.703771588547,11.442861158990056,4.64467607322057,0.0,-72.88884,-73.55515,-76.13339,-78.141754,-79.014046,-72.53595,-65.96252,-72.703964,-74.210236,-73.27756,-83.47156,-66.016
13302.023467986848,11.859873602177478,5.2702561922489695,0.0,-74.34673,-73.640396,-75.61582,-80.03802,-78.65391,-72.07289,-66.81587,-74.59655,-74.50002,-75.19703,-82.5607,-65.98506
13305.343164385147,12.431206467256995,6.127339685991729,0.0,-79.59147,-76.8035,-74.70537,-80.91164,-77.15323,-72.71198,-68.60392,-76.31697,-76.74666,-77.90074,-75.02472,-66.62432
13308.662860783446,12.90170295547379,6.833153754395486,0.0,-82.52457,-78.61056,-75.5145,-80.97842,-76.013794,-73.312195,-71.0565,-77.965,-77.94082,-78.99736,-73.87643,-67.502304
13311.982557181746,13.458384872489804,7.668258666963569,0.0,-79.67816,-76.45537,-77.931496,-80.337074,-75.38345,-72.168106,-65.801155,-79.02737,-76.90762,-77.42976,-73.3291,-67.633644
13315.302253580045,13.950158722301056,8.405991913359072,0.0,-78.35023,-75.18733,-77.58369,-79.63673,-75.078804,-70.26808,-62.887783,-79.60444,-74.273315,-76.43031,-72.91239,-67.59656
13318.621949978344,14.429560089726358,9.125164612868923,0.0,-78.67135,-75.30461,-77.115616,-78.82724,-74.97931,-68.6276,-58.88883,-78.78461,-72.20636,-75.8186,-72.87223,-68.36458
13321.941646376645,14.90251502026371,9.834666707048994,0.0,-78.90513,-77.787506,-76.74116,-77.340645,-74.4683,-68.815506,-59.68936,-77.33955,-73.28197,-76.829414,-72.8224,-69.27944
13325.261342774942,15.566784022635405,10.831168102533235,0.0,-82.525314,-80.15896,-77.358376,-74.987915,-73.34133,-65.15956,-64.339584,-72.88219,-76.58613,-78.474556,-70.923355,-70.39012
13328.58103917324,15.979374813956571,11.45011509215271,0.0,-82.007,-80.89093,-79.79752,-75.34123,-72.355354,-65.10057,-65.90798,-72.762054,-77.00177,-77.8282,-70.25713,-70.75273
13331.90073557154,16.610031732879726,12.396193409122052,0.0,-79.696396,-80.26608,-85.59619,-77.6716,-69.86788,-66.02866,-68.986534,-75.14834,-77.99322,-76.68988,-69.70739,-71.84299
13335.22043196984,17.302109824066545,13.434412535995948,0.0,-77.80605,-78.804726,-84.52198,-80.21717,-70.78034,-70.162224,-74.36052,-77.77848,-80.15016,-77.16752,-68.85468,-73.56765
13338.54012836814,17.995090149944247,14.473985147866602,0.0,-78.40824,-77.6839,-80.64802,-82.195984,-75.26843,-75.54539,-77.5334,-79.74047,-78.11192,-78.65507,-69.972565,-74.49049
13341.859824766438,18.43455953981129,15.133253996347454,0.0,-79.71201,-76.47177,-78.07569,-82.150276,-78.51083,-78.499146,-78.22524,-80.19023,-76.99425,-79.68073,-71.70245,-76.28929
13345.179521164737,18.88665409865215,15.811462458833663,0.0,-81.16368,-75.21741,-76.41654,-82.25943,-77.18447,-79.46501,-77.55555,-80.4355,-76.626785,-79.82295,-72.14865,-77.6211
13348.499217563036,19.425006934115736,16.619071047954876,0.0,-82.50739,-73.7335,-75.32221,-82.170784,-75.053345,-79.89748,-75.588005,-80.26973,-78.48031,-78.91134,-73.58968,-77.73953
13351.818913961337,18.45185593337953,16.25511801784243,0.0,-82.472435,-73.91902,-75.77935,-79.23653,-76.36434,-76.671104,-74.83469,-79.3774,-79.66461,-80.072174,-73.283585,-75.27468
13355.138610359634,17.483717382447203,15.89303961591516,0.0,-82.06491,-73.924225,-76.621,-76.90776,-74.44069,-71.55141,-73.636765,-78.37198,-82.015656,-78.84771,-73.594284,-73.79278
13358.458306757931,16.31243376047166,15.45498609388561,0.0,-79.805855,-76.920364,-79.07593,-76.0371,-68.952324,-65.91782,-71.631805,-79.431656,-83.62037,-74.25008,-72.54648,-73.476875
13361.778003156232,15.596648904199412,15.187286562002273,0.0,-78.64563,-78.99341,-80.15822,-76.05018,-66.52054,-63.913773,-70.35433,-80.65483,-83.38671,-71.99923,-71.535965,-73.944244
13365.097699554532,14.446451780271865,14.757119272277084,0.0,-79.11929,-79.48552,-74.68318,-76.360664,-63.955536,-63.73711,-70.2212,-83.04,-79.9615,-71.76893,-67.539215,-76.12908
13368.41739595283,13.66384563074048,14.464428950537602,0.0,-79.56162,-77.62291,-73.78592,-75.24091,-63.725243,-65.42636,-69.62575,-82.91362,-76.13868,-71.76078,-64.02614,-76.541985
13371.73709235113,12.88426839598469,14.172871425979334,0.0,-79.10633,-76.59694,-73.30208,-72.849365,-65.15536,-67.71317,-68.34097,-81.818436,-74.23152,-71.08666,-61.29258,-75.99397
13375.056788749427,12.104353158384685,13.88118749024824,0.0,-77.35922,-76.47819,-73.431046,-71.59617,-66.53766,-70.033325,-67.36506,-79.40875,-73.410835,-69.97908,-62.653263,-76.977196
13378.376485147728,11.29915970780963,13.580049644280056,0.0,-75.39253,-76.52098,-74.86699,-69.835754,-66.44871,-71.49277,-66.45856,-74.196144,-73.46714,-68.406395,-66.142624,-79.575356
13381.696181546027,10.338817024478995,13.22088685322288,0.0,-74.41091,-76.27523,-75.87903,-68.30806,-66.37614,-72.55289,-67.074875,-71.44186,-73.618484,-67.54624,-70.298035,-81.65342
13385.015877944326,9.434231148188577,12.882576796074757,0.0,-74.810585,-75.48942,-73.59945,-67.56694,-66.12318,-71.83626,-68.52569,-74.47463,-72.11505,-62.730965,-73.231514,-80.38318
13388.335574342624,8.455958140479037,12.51670816400867,0.0,-75.04495,-75.24708,-71.12518,-68.04892,-66.55767,-72.16017,-71.02237,-80.4167,-70.565605,-59.392857,-74.35211,-80.97712
13391.655270740925,7.744365811172768,12.250576613756076,0.0,-75.02536,-75.14527,-70.72409,-68.89118,-66.91886,-72.674164,-73.53134,-80.79745,-69.30515,-58.546883,-75.591255,-82.10827
13394.974967139224,7.007350362500327,11.97493695908677,0.0,-75.267784,-74.18948,-69.60162,-69.58681,-68.92133,-74.76645,-74.45945,-79.49373,-67.624374,-59.477257,-78.25103,-82.178085
13398.294663537525,5.9638383322425454,11.58466929755861,0.0,-73.54341,-72.8633,-67.76157,-71.41862,-76.97036,-79.94766,-75.04682,-79.11796,-65.372696,-62.460102,-84.31421,-82.54772
13401.614359935822,5.021727229772656,11.232325015749216,0.0,-72.299644,-71.621315,-66.73989,-72.6001,-81.80477,-84.03121,-74.921684,-78.78155,-63.82787,-67.33217,-88.326126,-82.145386
13404.93405633412,3.89099022190356,10.809435700562876,0.0,-69.43543,-66.780045,-67.1116,-72.53578,-77.71849,-82.22181,-73.19967,-79.57188,-65.469505,-73.649994,-82.48411,-79.39023
13408.25375273242,2.890156492788148,10.435129484903923,0.0,-71.457504,-66.01741,-67.8718,-72.396996,-73.00995,-80.78403,-69.92456,-78.48653,-67.53835,-76.606155,-83.96986,-79.27241
13411.57344913072,1.8374993142231717,10.041441589070182,0.0,-77.22493,-66.2002,-72.43093,-72.70407,-76.598915,-79.95143,-67.9122,-78.87201,-71.280106,-75.86017,-83.4818,-81.61855
13414.89314552902,1.026741274592167,9.73822261792542,0.0,-80.50008,-65.24462,-72.756,-73.92141,-79.42645,-78.788734,-67.78889,-78.809616,-72.89128,-72.56699,-84.587204,-82.937325
13418.212841927318,1.1835412308327369,8.495334811136441,0.0,-72.32956,-62.228336,-69.00801,-74.49281,-77.40398,-77.9815,-71.50275,-76.90218,-71.463585,-69.93839,-84.44562,-82.53793
13421.532538325617,1.3399429640082514,7.255603552370855,0.0,-67.130844,-56.77815,-71.11784,-73.57692,-76.656975,-76.2968,-76.69405,-75.826355,-70.14135,-66.24407,-84.96034,-81.08368
13424.852234723916,1.479086835574642,6.152668159366372,0.0,-66.52314,-56.668877,-71.5463,-73.75494,-78.39083,-75.91966,-80.92764,-76.04839,-68.480896,-68.64431,-85.653595,-78.93611
13428.171931122217,1.5967796555945837,5.219766298571418,0.0,-66.615036,-59.185013,-72.38229,-77.03081,-81.85541,-78.33294,-78.84126,-76.39488,-68.11279,-73.3242,-86.329735,-77.68064
13431.491627520514,1.7473873208796091,4.025962197602659,0.0,-66.810905,-66.2296,-74.64579,-79.62636,-81.66421,-79.48229,-73.387436,-75.38998,-68.262566,-73.55799,-88.983604,-77.145294
13434.811323918811,1.8998573104762224,2.8173962291266927,0.0,-67.961815,-70.002655,-74.92731,-78.26154,-79.491394,-79.207306,-72.78639,-75.038864,-71.81011,-73.70433,-95.10775,-79.701225
13438.131020317112,2.0393200853074207,1.711933023048294,0.0,-68.03072,-70.89151,-74.50089,-76.93345,-77.70879,-78.642876,-73.34174,-76.42102,-73.05786,-74.20704,-96.098274,-80.38432
13441.450716715412,1.0765045498311665,2.006234538431066,0.0,-70.52601,-70.33113,-76.0316,-77.336555,-78.2716,-78.36514,-72.84003,-85.31059,-72.76496,-74.55053,-92.86081,-82.17766
13444.77041311371,1.6045169214637662,3.108849259877573,0.0,-68.065704,-70.21214,-76.04668,-78.61098,-80.080574,-79.03615,-72.93574,-75.32505,-71.56883,-73.46891,-93.51318,-79.37531
13448.09010951201,1.92919093870094,3.786845402221717,0.0,-66.64189,-67.80715,-75.156105,-79.50002,-81.44099,-79.69464,-72.74881,-75.2401,-68.951416,-73.98105,-89.543915,-77.178764
13451.409805910307,2.266815868771338,4.4918861138094375,0.0,-65.945244,-63.099785,-73.62296,-79.61567,-82.21063,-79.7347,-72.66816,-75.65554,-67.90632,-74.29086,-85.99869,-74.88574
13454.729502308608,2.622229797754694,5.234074462715913,0.0,-65.73259,-62.487064,-72.71637,-76.61435,-81.35032,-77.57578,-75.71726,-76.48676,-67.414986,-71.842896,-84.25359,-74.945786
13458.049198706907,3.122413586000326,6.27857651982352,0.0,-66.17509,-60.92628,-72.47331,-76.274185,-77.32454,-74.59862,-78.553925,-77.73112,-66.5567,-65.45282,-83.0353,-77.38725
13461.368895105206,3.613112371798034,7.303271648355379,0.0,-64.549355,-63.167336,-75.88349,-76.58241,-77.44414,-76.047386,-75.94919,-77.37227,-63.94339,-62.24474,-82.629715,-80.370834
13464.688591503504,4.01371539176701,8.139825507705236,0.0,-64.93871,-65.49932,-76.2595,-75.31542,-78.320465,-77.59782,-72.70924,-76.758255,-62.875813,-62.148098,-80.60708,-82.25671
13468.008287901805,4.408990460092811,8.965253343816743,0.0,-64.93778,-67.2188,-72.82935,-72.48967,-73.81301,-78.34551,-72.45294,-76.13894,-62.304802,-63.75364,-80.1663,-82.77633
13471.327984300104,4.942759777810506,10.079889930365336,0.0,-66.80004,-69.09379,-68.66516,-73.56035,-77.186615,-82.19825,-72.70724,-77.33802,-62.326862,-62.80579,-84.85566,-81.02743
13474.647680698405,5.402820647534229,11.0406058434232,0.0,-72.235756,-72.606316,-66.640495,-74.33167,-80.678734,-84.34728,-74.53417,-79.3864,-63.083805,-63.61137,-89.544846,-81.09479
13477.967377096702,5.769127103183346,11.805540364390534,0.0,-73.9524,-72.46611,-67.96027,-69.951904,-77.76668,-79.86414,-75.35515,-77.481,-65.45736,-63.629993,-83.063385,-82.99562
13481.287073495,6.239767164211598,12.788348131162554,0.0,-76.246025,-72.772064,-70.18284,-65.91422,-73.63648,-75.88678,-77.84572,-73.79562,-68.798706,-63.63028,-76.80523,-83.91925
13484.6067698933,6.567210005247549,13.47212623250168,0.0,-76.73532,-74.15076,-70.2351,-64.53595,-73.06604,-74.06258,-77.3749,-73.32961,-70.71738,-64.51805,-74.59648,-82.93382
13487.9264662916,6.930180473425697,14.230094422576654,0.0,-77.933914,-78.424576,-69.84212,-63.07635,-72.79688,-73.145,-73.87173,-73.50283,-71.59868,-66.33761,-73.38984,-79.245285
13491.246162689898,7.288598938795237,14.97855695411314,0.0,-79.215576,-79.57689,-69.644966,-61.876907,-73.22444,-72.6673,-72.25235,-73.49102,-72.437675,-67.0208,-73.312996,-76.40393
13494.565859088198,7.646382938465421,15.725694571200748,0.0,-80.42263,-79.58744,-69.22782,-61.41771,-74.262375,-72.741646,-72.70942,-74.661644,-74.403206,-69.21516,-74.16073,-76.53177
13497.885555486497,8.074343711546605,16.619377889911473,0.0,-82.017265,-78.94318,-68.79943,-63.728954,-75.390976,-75.0782,-73.498825,-78.42565,-75.398094,-71.77569,-75.56301,-77.98383
13501.205251884796,8.915694456610314,15.911813600239332,0.0,-80.495575,-80.873344,-70.65029,-63.740585,-71.35077,-72.32302,-73.61635,-77.939224,-74.980354,-66.88974,-74.59542,-78.57082
13504.524948283097,9.495542903770213,15.4241691106619,0.0,-80.094955,-81.56674,-71.041794,-65.869194,-67.31643,-72.63356,-75.159294,-81.437706,-73.250305,-66.5971,-74.95715,-80.27741
13507.844644681394,10.418784932191116,14.647735389211238,0.0,-78.05586,-80.72711,-72.25692,-67.98799,-64.87871,-73.20629,-74.48266,-82.45237,-73.60382,-67.46448,-74.0114,-81.22787
13511.164341079691,11.017176791251982,14.144496147805524,0.0,-76.45473,-77.61193,-76.16152,-70.0681,-65.69114,-72.24517,-69.639915,-78.10945,-73.903336,-69.14952,-69.58525,-81.04327
13514.484037477992,11.885429862976654,13.414307375102885,0.0,-78.40765,-75.95149,-73.04498,-70.29037,-66.32686,-70.5868,-65.91425,-77.42059,-73.02769,-69.92155,-63.119106,-76.660095
13517.803733876292,12.738322445784812,12.697036560211536,0.0,-82.04927,-75.44601,-73.95347,-71.56514,-63.253613,-70.41207,-63.80768,-81.10411,-71.29258,-73.12435,-61.021633,-76.732796
13521.12343027459,13.598728208146822,11.973447265678502,0.0,-75.0713,-78.12048,-76.66526,-81.01581,-71.154076,-72.05262,-63.0011,-79.63706,-71.42347,-75.49648,-65.93021,-73.46153
13524.44312667289,14.30784275807389,11.37709177926679,0.0,-76.41252,-78.06264,-76.679565,-79.151375,-74.57222,-69.33885,-62.74111,-76.69715,-72.85325,-76.20325,-69.04317,-69.581184
13527.762823071189,15.000643224573412,10.794456210404077,0.0,-80.40679,-79.07759,-75.92286,-74.79216,-73.7738,-66.32917,-63.073154,-73.75518,-74.7136,-77.98228,-71.09407,-69.57034
13531.082519469488,15.763666742997438,10.15276403031817,0.0,-81.89013,-79.81477,-79.864334,-79.29922,-74.30021,-66.812775,-63.0225,-74.48526,-74.770065,-77.38906,-72.505104,-70.40425
13534.402215867787,16.70645285291591,9.359894007808462,0.0,-80.175385,-78.312744,-84.63234,-82.76565,-74.09989,-70.450165,-62.345463,-75.197136,-73.17722,-76.97455,-74.43696,-70.4378
13537.721912266086,17.619322804127002,8.59218305921614,0.0,-77.34028,-76.788376,-75.03696,-80.82244,-71.30232,-71.10321,-61.786926,-74.0219,-75.0618,-81.56842,-74.89383,-70.86512
13541.041608664384,18.23658149980902,8.073077070285061,0.0,-79.012596,-76.79843,-75.42519,-79.655,-72.81413,-71.291176,-61.34529,-74.68597,-76.83014,-81.08224,-74.57742,-72.28045
13544.361305062685,18.83085056550802,7.573305040828313,0.0,-80.48734,-78.22048,-76.781006,-78.13003,-76.79378,-72.40692,-62.221157,-74.282104,-80.239174,-76.58861,-77.2632,-72.98432
13547.681001460984,17.82168753921015,6.894014172112664,0.0,-81.65949,-81.94476,-77.806625,-78.09591,-76.24664,-72.83565,-44.30721,-70.815315,-81.915504,-75.69669,-79.16593,-71.05026
13551.000697859285,16.931321522554498,6.294688305857248,0.0,-80.515015,-82.75601,-78.589096,-78.77114,-75.67948,-72.20196,-49.534775,-69.90863,-81.57372,-77.0806,-79.05911,-69.957596
13554.320394257582,16.267769239354767,5.84803598591786,0.0,-79.13674,-82.53876,-79.26392,-79.11043,-75.67188,-70.78319,-61.285362,-70.52063,-79.302216,-78.329666,-77.55631,-69.815605
13557.64009065588,15.575299701033051,5.3819187957436325,0.0,-79.02841,-81.948875,-78.54234,-78.87928,-75.91002,-69.48883,-66.73955,-71.12442,-76.95623,-79.94736,-75.73058,-69.296814
13560.95978705418,14.677302105033185,4.777455937716506,0.0,-77.858444,-78.562965,-77.28486,-78.28156,-76.83892,-72.72555,-69.848015,-71.848946,-74.44051,-80.60525,-74.7645,-66.8648
13564.27948345248,13.740024766699124,4.1465529807184485,0.0,-72.913445,-72.673225,-75.37556,-77.97576,-79.12631,-74.04811,-67.33959,-70.521996,-73.099365,-78.01888,-81.88752,-62.37195
13567.599179850778,13.052212513885372,3.683570716652413,0.0,-72.34175,-72.64656,-74.731255,-76.912605,-79.975655,-74.12008,-65.97963,-67.85799,-73.360176,-75.821945,-84.00304,-58.95685
13570.918876249078,12.149215015601246,3.07574230927631,0.0,-73.60023,-73.32243,-76.49287,-75.35258,-80.08565,-76.455315,-64.817444,-64.91673,-74.20216,-74.32359,-83.03083,-58.35531
13574.238572647377,11.449929172960916,2.6050369077216007,0.0,-75.054985,-73.53989,-79.39529,-75.06294,-78.779884,-79.610146,-64.47404,-64.10429,-74.309845,-74.766106,-79.78367,-60.6504
13577.558269045676,10.76616144051826,2.1447771034413723,0.0,-76.1211,-73.41675,-82.50932,-74.827736,-76.55815,-81.7718,-65.066734,-63.50645,-74.28092,-76.44465,-77.53928,-64.57888
13580.877965443977,9.851185209091632,1.5288855349798565,0.0,-70.73624,-72.701164,-84.18678,-75.482254,-74.89986,-81.2335,-67.02882,-64.24674,-74.30874,-78.14083,-83.01213,-66.46931
13584.197661842274,9.118484469931383,1.0356877972083447,0.0,-67.21454,-73.264725,-83.1919,-74.8042,-73.48953,-81.182816,-69.09703,-65.50874,-75.06351,-78.291046,-84.72833,-68.76211
13587.517358240571,9.48669279000944,2.002744326741353,0.0,-69.81817,-71.45448,-83.41158,-74.61802,-74.47269,-81.216866,-66.20992,-64.47292,-74.20905,-77.88414,-83.19933,-68.20053
13590.837054638872,9.819936708615597,2.877970903226468,0.0,-69.00693,-71.88434,-81.931885,-75.79932,-76.37582,-76.949425,-65.33991,-65.475426,-73.70031,-74.90223,-79.72819,-69.15677
13594.156751037171,10.116972064521883,3.658099881220359,0.0,-70.1439,-73.21156,-79.877014,-75.97041,-78.26621,-73.113686,-65.13659,-68.912,-74.17736,-72.816696,-81.783775,-69.646255
13597.47644743547,10.530169540117605,4.743315219854451,0.0,-71.71005,-74.05305,-76.99751,-76.471565,-79.3694,-72.482445,-65.86946,-72.43879,-75.20299,-72.412964,-83.20952,-68.96213
13600.79614383377,10.923869952270016,5.777323778300712,0.0,-72.76665,-73.22135,-76.43984,-78.97294,-79.03989,-72.6527,-66.58441,-72.2145,-77.662766,-74.35065,-83.801865,-68.90774
13604.115840232069,11.300048881384326,6.76531418980367,0.0,-73.897316,-74.38887,-77.134415,-79.01376,-76.460075,-72.0525,-67.794785,-71.95336,-77.06382,-73.46442,-78.0652,-69.406525
13607.435536630368,11.634612260503612,7.644006176588076,0.0,-74.41199,-74.63575,-75.76704,-77.09158,-74.87707,-70.42347,-69.33354,-73.126366,-73.26563,-73.90508,-74.04379,-69.976494
13610.755233028667,11.96870500971628,8.521462108402043,0.0,-72.63667,-72.72752,-74.32061,-77.210625,-74.758194,-67.45989,-66.26612,-75.45166,-68.920006,-75.0115,-72.75527,-71.27951
13614.074929426966,12.25594676461315,9.27586932703484,0.0,-72.80329,-73.12077,-72.861855,-77.87728,-74.726654,-67.33803,-65.24812,-76.27021,-69.52847,-74.87813,-72.31377,-72.26467
13617.394625825264,12.576571021316228,10.11795182236154,0.0,-73.582054,-74.43244,-73.83694,-79.61276,-75.023315,-70.63148,-63.59713,-77.30621,-69.9498,-75.358665,-72.129906,-71.605316
13620.714322223565,12.867451909583234,10.88191680353128,0.0,-74.36689,-76.213745,-75.76103,-81.2313,-75.312775,-72.91477,-61.236465,-80.03538,-70.681366,-75.1153,-71.39707,-71.834236
13624.034018621864,13.24149695266594,11.864302810387146,0.0,-75.32155,-77.29363,-75.97025,-79.3788,-71.26555,-72.62343,-62.600903,-79.83848,-71.12209,-74.79964,-66.48895,-73.546906
13627.353715020165,13.626818714719578,12.876305814246876,0.0,-80.70399,-77.2102,-75.086716,-76.71426,-64.438515,-68.03412,-64.7397,-81.099785,-70.95551,-74.65301,-62.119236,-75.35992
13630.673411418462,13.901119853087634,13.596726001549907,0.0,-80.885254,-77.23367,-74.73201,-75.865105,-63.753807,-66.0477,-66.40093,-82.00968,-71.856155,-73.58434,-63.104286,-75.80334
13633.99310781676,14.277972458066357,14.5864857447272,0.0,-79.46872,-78.88059,-74.57958,-76.211494,-63.809025,-64.02095,-69.59251,-83.05211,-78.58775,-72.016846,-66.43746,-75.672775
13637.31280421506,14.595162942660512,15.419549835097278,0.0,-79.84499,-79.08334,-74.59412,-78.15649,-63.77598,-65.64077,-73.05849,-83.12854,-81.51358,-71.01634,-70.489914,-78.15313
13640.63250061336,14.867314158782255,16.13432350049162,0.0,-82.05971,-77.26896,-75.9525,-79.79634,-64.33195,-70.17461,-75.739876,-83.35495,-80.75471,-70.63619,-75.265594,-81.671616
13643.952197011658,15.947539116264558,16.11542499360021,0.0,-81.797455,-76.79297,-78.22113,-77.552444,-67.79753,-68.86389,-74.472916,-81.90837,-81.46881,-71.85258,-76.41613,-76.73565
13647.271893409958,16.81300136234846,16.100283754630883,0.0,-81.945755,-75.212975,-77.12831,-76.07512,-71.26335,-70.09006,-73.72155,-78.90654,-82.707726,-74.92542,-75.31513,-74.523125
13650.591589808257,17.952348375425622,16.080350908949804,0.0,-82.30985,-73.83154,-76.15617,-77.62857,-76.19472,-74.20079,-74.24791,-78.860176,-80.9062,-79.73867,-73.29619,-74.30544
13653.911286206556,19.018422531870986,16.061699969946048,0.0,-81.69355,-74.72636,-75.97099,-82.234,-76.45855,-79.45833,-76.91919,-80.33321,-76.88083,-79.60276,-72.48827,-77.631805
13657.230982604857,18.616431661328622,15.376123885325685,0.0,-80.241554,-76.04066,-77.33081,-82.21754,-78.31928,-78.905914,-78.12176,-80.31397,-76.66644,-79.94772,-71.97135,-76.77583
13660.550679003154,18.05181993398719,14.413205755271546,0.0,-78.28839,-77.76685,-80.971466,-82.32924,-74.9926,-75.29759,-77.71945,-79.709694,-78.19144,-78.48475,-70.09695,-74.61209
13663.870375401451,17.42805487994241,13.349404473172608,0.0,-77.919876,-78.56079,-84.89798,-80.250595,-70.57244,-70.167404,-75.2895,-77.69382,-80.303085,-76.94161,-69.63151,-73.801186
13667.190071799752,16.975142460194842,12.57698413689098,0.0,-79.170395,-79.689735,-85.68608,-78.441696,-69.45875,-67.42946,-71.20744,-75.829155,-79.34932,-76.58361,-70.114136,-72.48238
13670.509768198051,16.531756504221242,11.820810726131873,0.0,-80.80183,-80.54144,-83.34675,-76.66083,-70.92239,-66.04405,-67.56912,-74.03018,-77.634056,-77.486496,-70.57634,-71.47211
13673.82946459635,15.961707251274609,10.848619157829232,0.0,-82.34235,-80.95741,-78.77658,-76.545425,-73.42368,-65.37522,-64.894775,-72.643486,-77.15542,-78.499886,-71.39187,-70.6015
13677.14916099465,15.538702902876654,10.127205597962083,0.0,-81.42616,-79.53726,-78.58306,-78.45176,-74.24843,-66.99559,-62.205345,-74.975555,-74.85964,-77.34229,-72.37626,-70.15017
13680.468857392949,15.126432926474957,9.424098992962143,0.0,-79.30909,-77.00693,-79.029686,-80.31629,-75.15974,-69.72506,-58.18491,-78.06142,-73.8705,-75.805435,-72.91094,-69.32833
13683.788553791248,14.606605092206507,8.537557637399459,0.0,-78.72847,-76.28355,-79.94757,-81.698975,-75.73889,-71.52259,-59.418495,-79.46809,-74.97196,-75.915955,-72.73708,-68.11182
13687.108250189547,14.17561063246994,7.802517327154078,0.0,-79.364395,-77.129005,-79.26306,-82.10367,-75.60504,-71.78564,-63.35887,-80.14223,-76.71791,-78.00187,-72.85837,-67.31661
13690.427946587846,13.682331958152869,6.961254286257758,0.0,-82.253044,-79.06738,-75.72713,-82.405876,-75.52534,-72.3585,-68.21998,-78.921486,-76.95199,-81.2644,-72.91072,-65.70243
13693.747642986144,13.296421518300187,6.303102602336757,0.0,-82.85729,-79.80376,-75.555664,-82.16168,-75.77152,-73.024796,-71.66499,-78.18939,-76.32422,-80.73743,-73.23758,-65.49139
13697.067339384444,12.900327187336195,5.627582782206907,0.0,-77.83064,-75.54431,-75.00312,-80.719025,-77.25056,-72.6226,-68.21576,-75.63977,-73.33741,-78.323006,-75.97191,-62.98896
13700.387035782744,12.357364095988254,4.701585359037894,0.0,-73.14221,-72.8827,-74.65655,-79.03111,-78.6206,-72.22917,-66.34601,-72.848946,-72.63453,-75.02096,-83.477715,-60.116074
13703.706732181045,11.834896771085653,3.810542479219408,0.0,-73.18722,-73.40472,-76.11412,-76.1988,-79.00776,-73.298546,-65.29537,-68.25213,-73.722435,-73.60011,-83.09881,-58.109413
13707.026428579342,11.29975518894157,2.897884263601477,0.0,-74.9809,-73.50497,-78.6976,-75.1849,-78.60356,-77.61975,-64.69023,-64.66941,-74.333786,-73.654755,-80.13666,-60.108955
13710.34612497764,10.688915548405216,1.8561266522288151,0.0,-74.299644,-73.4789,-83.416145,-74.92763,-76.54519,-81.59354,-65.29109,-63.616787,-74.5597,-77.252686,-79.117,-64.93258
13713.66582137594,10.310151719540608,1.2101631694301318,0.0,-69.630356,-73.30745,-84.970474,-75.99624,-77.23042,-80.61475,-65.64638,-64.070625,-74.39117,-78.30314,-82.687935,-66.00701
13716.98551777424,11.106596998697936,1.1299839202847162,0.0,-70.395035,-73.851395,-84.05101,-76.009895,-80.59903,-79.333015,-65.83984,-63.380993,-74.90297,-79.34609,-83.23283,-64.853004
13720.305214172538,12.273778215296511,1.012482170933496,0.0,-74.32225,-72.51942,-78.99882,-76.65727,-80.82538,-77.96999,-66.74122,-62.704098,-74.762596,-80.641914,-81.99662,-62.920033
13723.624910570838,11.91440593049341,1.7730272888685523,0.0,-73.26932,-73.84072,-79.0973,-74.523926,-81.18476,-80.14176,-64.47026,-63.08549,-74.24808,-77.63644,-81.18263,-62.05079
13726.944606969137,11.517115731237086,2.6138186749193544,0.0,-74.91381,-73.55451,-79.22041,-75.07397,-78.9428,-79.524765,-64.46903,-64.09287,-74.307846,-74.69582,-79.96071,-60.469563
13730.264303367436,11.184776757345254,3.3171527793605544,0.0,-74.362434,-73.53863,-77.56439,-75.43339,-78.72669,-75.03398,-64.98689,-66.30594,-74.13454,-73.07917,-80.78873,-59.970837
13733.583999765737,10.687325209877043,4.369917173931142,0.0,-71.505974,-73.974304,-77.12741,-76.223785,-79.276436,-72.66718,-65.57553,-71.85862,-74.88847,-72.463615,-82.66532,-68.3973
13736.903696164034,10.362173731459473,5.05804027066727,0.0,-71.88555,-74.14991,-77.13129,-77.080315,-79.423256,-72.802574,-65.94779,-72.69783,-76.055046,-72.53432,-83.33131,-69.178795
13740.223392562331,9.978696058423791,5.869599994100524,0.0,-71.72327,-73.01272,-78.999214,-77.16767,-78.540306,-73.30552,-66.14366,-71.04601,-76.32454,-72.073006,-83.66649,-70.09547
13743.543088960632,9.617171923682967,6.634699105300699,0.0,-71.15574,-72.10817,-80.464966,-75.43494,-75.44074,-74.33612,-66.56785,-69.38821,-71.605705,-71.17167,-83.76342,-70.72342
13746.862785358931,9.101456176777944,7.726116307285944,0.0,-70.54727,-72.068146,-79.754974,-71.98999,-73.12396,-72.21968,-67.56668,-69.92416,-64.326324,-72.73323,-81.98909,-73.524475
13750.18248175723,8.634317658892549,8.714728769072783,0.0,-69.50092,-72.84381,-75.3699,-68.741425,-73.56944,-71.18454,-72.72407,-71.79784,-67.88092,-73.02181,-82.963486,-78.69023
13753.50217815553,8.286827680272152,9.450127178874748,0.0,-69.879524,-72.393555,-74.61474,-66.868225,-73.28152,-71.777756,-72.668915,-74.04801,-68.65927,-70.84634,-83.07094,-78.23057
13756.821874553829,7.840352490296482,10.39500952059781,0.0,-72.10141,-71.95972,-70.48435,-65.86123,-71.95213,-73.3273,-71.78749,-77.10186,-68.501205,-58.586277,-81.2786,-75.27714
13760.141570952128,7.320902484913065,11.494329591487949,0.0,-73.799324,-73.233406,-68.85869,-68.3134,-70.38054,-74.64188,-71.867645,-80.95857,-67.96085,-57.0638,-80.008026,-79.29713
13763.461267350429,6.933584057788689,12.314017562131324,0.0,-75.69207,-74.767746,-69.94446,-69.097916,-68.679016,-74.67527,-76.4275,-77.93946,-68.33465,-60.512253,-77.015144,-83.4268
13766.780963748726,6.571290548730325,13.08074491208505,0.0,-76.42393,-73.90418,-70.210526,-65.46531,-72.27334,-74.550964,-78.22407,-74.03791,-69.83327,-63.00689,-75.32258,-83.96508
13770.100660147024,6.160667389122059,13.949753048097094,0.0,-77.43668,-75.35604,-70.21379,-63.915443,-76.38837,-74.44787,-75.07685,-72.89397,-72.32851,-71.16783,-74.83457,-82.03585
13773.420356545324,5.659691722047589,15.009975591431232,0.0,-74.94145,-78.13589,-69.4474,-63.55476,-77.16372,-75.00179,-71.19589,-79.64281,-76.25964,-71.21751,-74.77061,-80.5485
13776.740052943624,5.176964537150139,16.031578590030414,0.0,-76.61527,-77.32984,-68.80596,-61.70571,-77.43687,-75.20483,-72.644394,-81.02168,-75.13501,-72.21326,-76.69604,-79.80457
13780.059749341925,5.918306629427907,15.700287781834046,0.0,-76.987236,-78.26895,-68.794,-62.768867,-76.99694,-75.012115,-72.632256,-80.486336,-77.289024,-71.32319,-74.77333,-79.2867
13783.379445740222,6.716603117514911,15.343545204455108,0.0,-79.40114,-78.605446,-69.06581,-62.25859,-76.03415,-73.66598,-72.19107,-75.72439,-74.715866,-72.69117,-73.97512,-77.42236
13786.69914213852,7.421378472536284,15.028595332602384,0.0,-79.30975,-79.66933,-69.690735,-61.707146,-72.83837,-72.5932,-72.39913,-73.39807,-72.434326,-66.82939,-73.37151,-76.26821
13790.01883853682,8.528389087688033,14.533894646919247,0.0,-78.72385,-81.79217,-70.36895,-63.38973,-66.43255,-72.35824,-74.85152,-78.12799,-70.981415,-64.6122,-74.04748,-79.05232
13793.33853493512,9.344286259501263,14.169286679463031,0.0,-77.20834,-80.323845,-70.866554,-66.03997,-65.2017,-72.41199,-74.59258,-81.034805,-72.03063,-64.01873,-74.8906,-82.46021
13796.658231333418,10.310074648157268,13.737695354543856,0.0,-75.23231,-77.28888,-75.17195,-68.56262,-65.748604,-72.83646,-69.2775,-76.508934,-73.53522,-67.591995,-71.73987,-82.74025
13799.977927731718,11.352101971921757,13.27203438931798,0.0,-75.72283,-75.96384,-73.86886,-69.69401,-66.54033,-71.36769,-65.65713,-73.14325,-73.52256,-68.69319,-65.26637,-78.33936
13803.297624130017,12.0700930026108,12.951178698925595,0.0,-81.07624,-75.12195,-73.12033,-70.283035,-64.4472,-70.702896,-64.64048,-77.5204,-72.69701,-71.28367,-62.227943,-76.45138
13806.617320528316,12.9637867564864,12.551805010198692,0.0,-81.021965,-75.95686,-74.32194,-72.94592,-64.54151,-70.3421,-63.461056,-81.101166,-71.02044,-73.72407,-61.642277,-75.923645
13809.937016926617,13.949058107981958,12.111507142682774,0.0,-75.34889,-78.923134,-76.98774,-81.363205,-70.87892,-70.568634,-63.56534,-79.339745,-71.42934,-76.27278,-65.05101,-72.854485
13813.256713324914,14.834860038406603,11.715660150465409,0.0,-78.80429,-79.006615,-78.026436,-78.39356,-73.35765,-66.64707,-63.588028,-75.72796,-74.08452,-76.4329,-67.54614,-69.721016
13816.576409723211,15.645130543248806,11.35356662683708,0.0,-82.27539,-80.577576,-78.62322,-74.94307,-72.97325,-64.96241,-65.21132,-73.016975,-76.59849,-77.78576,-69.91877,-70.528755
13819.896106121512,16.380330923449268,11.025020425724264,0.0,-82.185524,-81.16924,-80.99284,-77.73322,-73.29578,-66.087814,-65.851036,-72.64427,-77.475296,-78.461205,-71.92361,-70.88246
13823.215802519811,17.455449983009768,10.54457143212299,0.0,-82.015526,-80.06897,-83.30317,-82.469444,-73.35122,-70.25826,-66.63116,-73.94021,-71.47614,-78.387436,-77.498024,-72.2214
13826.53549891811,18.522972384236905,10.067517231701633,0.0,-80.800316,-76.26756,-81.45262,-80.15208,-72.215004,-72.80008,-67.2195,-74.0011,-73.03654,-81.01762,-78.48231,-72.241
13829.85519531641,19.23265622991677,9.750373854510126,0.0,-79.53398,-74.15056,-78.00111,-79.12959,-72.75822,-75.64241,-68.304146,-75.187675,-73.22207,-83.298485,-77.86787,-72.429695
13833.174891714709,18.97741894883136,8.665623338714578,0.0,-78.26734,-74.65002,-74.58261,-79.15087,-73.75185,-71.82169,-67.34605,-76.05293,-74.7147,-83.87303,-74.37201,-73.678345
13836.494588113008,18.689849642403104,7.443462719590004,0.0,-80.64791,-79.00431,-76.96494,-78.07468,-76.62765,-72.605064,-58.780243,-73.570526,-80.67505,-76.16166,-77.78099,-72.45226
13839.814284511309,18.45146184663003,6.43032199295111,0.0,-82.010864,-81.39085,-78.53816,-79.39514,-77.96716,-76.716675,-48.255207,-69.9083,-83.80503,-75.09981,-82.63357,-74.83761
13843.133980909606,18.26702986987669,5.646491821035791,0.0,-81.11858,-79.0471,-78.832596,-80.32011,-78.901634,-78.4095,-51.83427,-67.01926,-84.06142,-76.62896,-82.354225,-74.809746
13846.453677307903,17.997235227503708,4.499872971985152,0.0,-79.71034,-76.04911,-78.98804,-78.883835,-76.42976,-79.423325,-65.244064,-65.69813,-79.049255,-79.74162,-80.29325,-73.22548
13849.773373706204,17.74285709039599,3.418773791405925,0.0,-77.31596,-74.80069,-80.8162,-79.00112,-76.5621,-77.42592,-66.03524,-67.1201,-83.20842,-83.40126,-78.40267,-71.93497
13853.093070104504,17.49749136929608,2.375977098893708,0.0,-81.178566,-74.71498,-82.08127,-81.60316,-76.63156,-77.06844,-64.995575,-68.14548,-85.999435,-83.73342,-76.599724,-71.944534
13856.412766502805,17.270597465289747,1.4116850552115363,0.0,-82.916534,-74.44097,-78.45237,-78.84748,-76.42576,-76.82904,-67.97237,-69.7553,-83.75184,-78.80722,-77.645226,-73.55157
13859.732462901102,16.094893173784982,1.5133311042839204,0.0,-77.72781,-73.88301,-78.01594,-79.08091,-78.60254,-76.87577,-62.84105,-69.292366,-81.75895,-81.82875,-78.72321,-74.560165
13863.0521592994,14.92310259462055,1.614638791576497,0.0,-76.48431,-73.01714,-76.382614,-77.779144,-81.050674,-76.359276,-62.793983,-67.36782,-78.96093,-83.270065,-80.29906,-72.45581
13866.3718556977,13.820934325093084,1.7099272504346563,0.0,-75.85668,-72.27179,-75.89389,-75.03673,-81.343056,-77.16275,-66.547844,-64.69957,-76.59849,-81.5717,-80.068565,-64.92296
13869.691552096,12.755222088923976,1.802063886353576,0.0,-74.60296,-72.91745,-76.31752,-74.45982,-81.56277,-79.72357,-64.5738,-63.317135,-74.74923,-78.46325,-81.280685,-62.213257
13873.011248494298,11.68172305413344,1.894873733487687,0.0,-72.84465,-73.90186,-79.81284,-74.343216,-80.41817,-80.5871,-64.48551,-63.20256,-74.21427,-77.000626,-80.19674,-62.18874
13876.330944892596,10.71722068874416,1.9782602240118576,0.0,-75.73153,-73.47993,-83.02996,-74.86549,-76.49334,-81.72578,-65.20934,-63.575577,-74.456184,-76.91816,-78.21908,-64.78428
13879.650641290897,9.826996408529872,2.0552249689106583,0.0,-72.10044,-72.03307,-83.37643,-74.78678,-74.93302,-81.69712,-65.87444,-64.283714,-74.627525,-77.29557,-80.559494,-66.61814
13882.970337689196,8.705927201850873,2.152147516883828,0.0,-62.92659,-70.4118,-83.200905,-74.97335,-75.680046,-76.65424,-69.36409,-65.13474,-72.548355,-77.93883,-86.8645,-71.89771
13886.290034087497,7.964796267663857,2.216222328764473,0.0,-58.639545,-69.93744,-81.74798,-75.57086,-77.08074,-73.899635,-73.1045,-65.75123,-71.490074,-77.39022,-88.75424,-72.71993
13889.609730485794,6.744358004996345,2.321735873652656,0.0,-58.04518,-70.73796,-78.492775,-78.34512,-78.443115,-76.29596,-70.69789,-66.35481,-72.41422,-77.59394,-88.83094,-74.17956
13892.929426884091,5.4950539121335895,2.4297450270146204,0.0,-60.191727,-71.82789,-77.84612,-80.21098,-79.64236,-83.7903,-65.9653,-70.97743,-74.42593,-74.98871,-86.557434,-75.22344
13896.249123282392,4.589275575669008,2.5080545049184084,0.0,-62.114445,-71.97713,-76.96044,-80.4693,-80.15419,-84.24264,-65.11097,-72.25307,-73.64118,-74.54113,-86.43779,-75.22623
13899.568819680691,3.7239212898599514,2.5828691031434152,0.0,-65.51014,-71.02766,-75.51569,-79.6672,-80.1245,-82.05829,-67.48109,-74.06318,-72.393074,-74.39166,-88.582184,-75.69338
13902.88851607899,2.5992996951366,2.6800987744401024,0.0,-67.061554,-69.83589,-74.160095,-78.2894,-79.56639,-79.99857,-71.89054,-74.44057,-71.31943,-74.07746,-94.394264,-79.214195
13906.20821247729,1.5584302984495952,2.770087611376453,0.0,-68.4431,-70.31265,-75.893074,-78.237755,-79.32494,-78.76075,-73.31462,-75.30288,-71.994514,-73.23864,-95.04967,-80.334335
13909.527908875589,1.738948833056963,3.684717283247869,0.0,-67.07934,-68.56687,-76.07876,-79.313354,-81.21768,-79.36625,-73.03492,-75.27981,-69.91556,-73.62346,-90.22338,-77.96766
13912.847605273888,1.901731059932844,4.509482757207733,0.0,-66.32586,-62.519714,-73.74168,-79.37632,-82.18207,-79.450165,-73.971245,-75.766,-67.98402,-73.73514,-86.92936,-75.550644
13916.167301672189,2.142857002453476,5.731190778309354,0.0,-65.76246,-59.694885,-72.183136,-75.36898,-79.89317,-75.94632,-79.72174,-76.66327,-67.72454,-69.3907,-84.06611,-77.62662
13919.486998070486,2.352946167051333,6.795645373499911,0.0,-66.04834,-59.152668,-72.43666,-74.89471,-76.77951,-74.67465,-80.52946,-76.88777,-67.32256,-64.80952,-82.02976,-79.77261
13922.806694468783,2.5724050637186555,7.907573403963238,0.0,-64.24677,-61.636486,-73.98276,-76.18177,-77.54243,-77.882065,-73.087105,-76.40708,-67.83048,-63.45433,-81.05835,-81.72148
13926.126390867084,2.8086933234748344,9.10477043394091,0.0,-65.017494,-64.42296,-75.46706,-76.5428,-78.415016,-80.05047,-68.249794,-74.87611,-68.858215,-65.50979,-81.18366,-82.44049
13929.446087265384,2.981805838866812,9.981876175432664,0.0,-68.09474,-65.38972,-70.30006,-73.927,-74.678406,-80.66728,-69.29974,-76.94831,-67.16334,-72.40718,-82.49935,-80.488686
13932.765783663684,3.211588700401811,11.146112433524102,0.0,-74.820175,-67.32273,-66.527664,-70.76095,-75.11193,-81.17298,-72.83703,-80.941895,-67.63509,-80.01792,-83.742775,-78.50388
13936.085480061982,3.408520895095299,12.143904870767116,0.0,-81.13842,-71.10969,-64.98971,-68.26289,-76.46675,-78.373665,-79.25585,-80.602905,-69.467445,-78.81974,-78.34769,-82.3572
13939.40517646028,3.575521630808634,12.990044179619774,0.0,-80.10696,-73.41648,-65.84099,-66.107666,-76.949295,-76.79414,-79.306145,-79.893654,-71.42091,-76.3495,-80.704865,-84.639496
13942.72487285858,3.8169707470120353,14.21338961839749,0.0,-78.21291,-78.164085,-69.13392,-64.14595,-76.72735,-75.368706,-74.58712,-81.38082,-73.25539,-75.19372,-83.270065,-83.78919
13946.04456925688,4.011925400193723,15.201162485362117,0.0,-76.71979,-77.83158,-70.05481,-62.68392,-77.24328,-74.405525,-71.15682,-81.55344,-74.06655,-75.34303,-79.76107,-82.37422
13949.364265655178,4.194274744442499,16.125068284060188,0.0,-76.90902,-77.22208,-71.08285,-60.711666,-77.863495,-74.962975,-70.90585,-80.87583,-73.98273,-76.43453,-78.445786,-81.64322
13952.683962053476,5.375470138566766,15.778576148798257,0.0,-75.55902,-77.64197,-68.98629,-62.50118,-76.9783,-75.10736,-72.17563,-81.655205,-76.78005,-71.25381,-76.285965,-79.96271
13956.003658451777,6.478631345447782,15.454974580411069,0.0,-78.599205,-78.30834,-68.842804,-62.443413,-76.90627,-74.14815,-72.325195,-77.0137,-75.64936,-72.68018,-74.185905,-78.02607
13959.323354850076,7.439813567896071,15.173021160774825,0.0,-79.48137,-79.641174,-69.60516,-61.622868,-73.27482,-72.56253,-72.38646,-73.59066,-72.89575,-67.0966,-73.48373,-76.20598
13962.643051248377,8.211918767514298,14.94653163957168,0.0,-79.48998,-80.77488,-70.190346,-61.530582,-69.87268,-72.30414,-73.4324,-75.26255,-71.91912,-65.86902,-73.86052,-76.75779
13965.962747646674,9.13078929301246,14.676989943089568,0.0,-78.679436,-81.92244,-70.71079,-64.83275,-65.70164,-72.27136,-75.29248,-80.66349,-71.465324,-65.115265,-74.627945,-80.51868
13969.282444044971,10.226625024600033,14.355537231351214,0.0,-77.268684,-79.9625,-72.13738,-67.63928,-65.0937,-73.12324,-73.83216,-81.63652,-73.24261,-66.47505,-73.760086,-81.82651
13972.602140443272,11.263502218776663,14.051379430870606,0.0,-76.22389,-77.25681,-75.77982,-70.4916,-65.99377,-71.76702,-68.21082,-77.73474,-73.7324,-68.84564,-67.88881,-80.37796
13975.921836841571,12.189171484957498,13.77984339019451,0.0,-78.377495,-76.31799,-73.1236,-71.46022,-66.28139,-69.972,-66.98554,-79.823135,-72.98971,-70.12842,-62.179768,-76.62922
13979.24153323987,13.177820448402557,13.489832870281717,0.0,-82.65268,-75.72463,-73.88271,-71.971405,-62.89254,-68.23107,-65.85256,-81.909874,-71.60195,-72.72927,-61.013508,-77.51188
13982.56122963817,14.108777863120268,13.216745602867658,0.0,-79.88128,-78.212875,-75.767845,-78.449234,-64.834435,-66.06537,-65.53825,-80.69841,-71.29934,-74.81917,-63.661034,-74.881294
13985.880926036469,15.287949474137282,12.870847124619312,0.0,-76.36564,-80.96053,-78.98279,-81.21396,-69.489105,-63.42795,-65.0897,-77.40171,-73.161476,-77.00063,-64.37307,-70.61573
13989.200622434768,16.473523608780933,12.523070528581568,0.0,-79.20892,-80.5126,-85.371925,-77.69355,-69.836235,-65.53146,-68.26439,-75.29806,-77.36719,-76.65847,-68.94506,-71.82442
13992.520318833069,17.30724390345396,12.278506820875412,0.0,-79.5075,-79.62793,-84.928474,-78.83767,-69.63729,-68.21905,-72.30854,-75.44537,-80.46147,-76.9955,-71.680756,-72.90611
13995.840015231366,18.32762407796131,11.979188260032124,0.0,-79.97161,-79.28876,-82.84529,-81.490425,-72.1078,-70.00548,-71.59182,-75.995415,-79.64845,-78.38395,-75.25305,-74.86343
13999.159711629663,19.462371164176748,11.646321282357745,0.0,-81.67467,-78.29171,-82.39769,-82.14829,-74.16277,-71.54214,-69.13135,-76.932884,-75.35021,-80.30802,-78.4124,-75.89824
14002.479408027964,18.677814604258,11.784148986916598,0.0,-80.55339,-79.41358,-82.42461,-81.775986,-72.4215,-70.03286,-70.55794,-76.47213,-77.47138,-79.1189,-77.41453,-75.37631
14005.799104426264,17.938802310515893,11.913975660085702,0.0,-79.935486,-79.51733,-83.08242,-81.28549,-71.45186,-69.664154,-71.090836,-75.452446,-79.87069,-78.076225,-74.42165,-74.128075
14009.118800824564,17.11192032392375,12.059238923405893,0.0,-79.97439,-80.03606,-84.5303,-78.37432,-70.07323,-67.60023,-70.32196,-74.87379,-79.37926,-77.32202,-71.647995,-72.47821
14012.438497222862,16.0343450874695,12.248542956942156,0.0,-79.507645,-80.90506,-83.05918,-76.80014,-70.72882,-64.38357,-66.17528,-74.48595,-76.50449,-76.64307,-68.32219,-71.21203
14015.75819362116,15.243480330175574,12.38747885995163,0.0,-77.75093,-80.09868,-79.589455,-79.552345,-71.12101,-64.07594,-64.25674,-76.01675,-73.899536,-76.620674,-65.32509,-70.075455
14019.07789001946,14.142697401825872,12.580859926381978,0.0,-77.167145,-79.0081,-76.95022,-80.46859,-68.288185,-68.83912,-64.20253,-79.54699,-71.40061,-76.245445,-63.775997,-73.3081
14022.39758641776,13.002297624264424,12.781200719704769,0.0,-82.09389,-75.845505,-74.18035,-72.187225,-63.14103,-70.07887,-64.248695,-81.37068,-70.97275,-73.45828,-61.04811,-76.47588
14025.717282816058,11.869679064229096,12.980174540389656,0.0,-80.34786,-75.24496,-73.10065,-70.1192,-65.06181,-70.90135,-64.77032,-76.33459,-73.06439,-70.697495,-63.028873,-76.40599
14029.036979214356,10.73892527961774,13.178820764914704,0.0,-74.55405,-76.09216,-75.10025,-68.760475,-66.648224,-72.04562,-66.01927,-71.46875,-73.78658,-67.92591,-68.43112,-80.54518
14032.356675612657,9.866524755896569,13.332080539650237,0.0,-74.93802,-76.800415,-74.25168,-68.01234,-65.996994,-72.32462,-68.7442,-74.42438,-72.84845,-65.17587,-72.377785,-82.865616
14035.676372010956,8.676084394570074,13.541212259143904,0.0,-76.119774,-78.97745,-70.538704,-66.89681,-65.39792,-72.346,-74.50229,-81.08092,-71.045166,-62.20694,-74.23631,-82.2099
14038.996068409257,7.516870307588904,13.74485827380147,0.0,-76.992004,-78.99033,-69.85575,-64.781555,-68.07318,-72.90066,-76.54081,-76.55443,-70.503525,-63.016212,-73.40458,-81.37973
14042.315764807554,6.744046478251481,13.880624819985204,0.0,-77.33144,-76.62861,-70.00938,-63.619415,-73.03073,-73.46784,-75.792175,-73.54353,-71.23431,-65.549065,-73.70091,-81.035614
14045.635461205851,5.524736023937081,14.094828319959982,0.0,-76.59225,-74.672745,-70.25192,-64.14684,-77.80014,-75.48231,-74.56654,-75.17544,-73.37538,-73.71628,-76.44404,-82.64092
14048.955157604152,4.5047815177872845,14.274009778020371,0.0,-76.35021,-77.75916,-69.85057,-64.243286,-77.264786,-75.37545,-74.39528,-79.68483,-73.2997,-72.00069,-78.87959,-83.22102
14052.274854002451,3.333734041102224,14.47973463443819,0.0,-77.15678,-78.29123,-68.78883,-63.420227,-76.40883,-75.01092,-73.93163,-80.98801,-73.403206,-78.332184,-86.73324,-84.07157
14055.59455040075,2.1343165265387496,14.690443423689905,0.0,-74.167816,-79.14591,-70.59624,-63.802395,-76.498344,-76.38552,-75.5381,-80.65338,-72.940414,-82.56848,-85.06119,-85.508484
14058.91424679905,2.253368008674614,15.875092315498424,0.0,-72.25327,-78.3718,-73.11238,-68.500046,-77.85108,-76.66096,-72.56062,-79.27896,-73.87586,-82.156204,-88.66447,-85.47707
14062.233943197349,3.036107889901947,16.424505426356866,0.0,-74.11723,-77.087326,-73.6351,-63.225315,-77.97089,-75.48388,-70.26275,-79.82937,-76.20679,-79.94156,-82.144424,-84.272194
14065.553639595648,2.2553056274951024,16.144186591532492,0.0,-72.42568,-77.629684,-72.98375,-69.834145,-78.20285,-76.90608,-72.14387,-79.31945,-74.29903,-81.60597,-87.05808,-85.567726
14068.873335993949,1.5422941867099995,15.88820560131197,0.0,-72.97358,-77.99235,-70.53807,-71.56861,-78.72916,-78.39117,-74.17478,-78.60532,-73.644844,-82.468,-84.16735,-85.60911
14072.193032392246,2.6256032726899914,16.31967707656134,0.0,-73.07183,-77.14881,-73.24336,-67.00512,-78.045425,-76.113365,-70.99379,-79.668816,-75.902374,-80.66533,-84.87574,-84.95563
14075.512728790543,1.691271405254784,15.645056899119073,0.0,-73.10656,-78.6922,-70.8191,-70.561104,-78.25494,-77.819,-74.12491,-78.85745,-73.4709,-82.82113,-84.76249,-85.89779
14078.832425188844,1.9370019700687071,16.620778014388712,0.0,-72.70948,-76.55293,-72.650215,-72.19997,-79.014336,-77.67303,-71.8447,-79.52787,-75.99092,-81.014534,-84.55791,-85.77039
14082.152121587143,1.2250570919891732,15.716919018773966,0.0,-73.70667,-77.60131,-69.03552,-71.80396,-78.88122,-78.89122,-75.841675,-78.481964,-73.49504,-82.051605,-82.262764,-85.12164
14085.471817985444,1.0331949034262755,14.607874758657196,0.0,-75.11799,-77.07796,-66.70871,-69.532234,-76.83294,-78.784584,-79.648026,-80.11694,-72.8723,-78.225945,-80.218254,-84.4571
14088.791514383742,1.8352118393066037,15.36279805237296,0.0,-73.22382,-79.42918,-71.08966,-69.09146,-77.700134,-77.290665,-74.288055,-79.350815,-73.27516,-82.77358,-84.9924,-86.03037
14092.11121078204,2.55800430603219,16.043148859497116,0.0,-72.34023,-77.91064,-73.44461,-66.05196,-77.711266,-76.02865,-71.64078,-79.67301,-74.25437,-81.420044,-87.424866,-84.96807
14095.43090718034,2.103456531637641,15.005005211965264,0.0,-73.08523,-79.49802,-71.58106,-65.13857,-76.8235,-76.57851,-74.36927,-80.020615,-73.01044,-82.68695,-86.09722,-85.49507
14098.75060357864,1.7180773018050592,14.12483590550609,0.0,-76.86706,-77.363075,-67.70392,-65.15868,-76.162186,-77.12872,-79.285255,-81.580475,-72.721954,-81.08266,-80.65012,-85.454544
14102.070299976938,1.3006728476294338,13.171524049274678,0.0,-76.06787,-70.113335,-65.38811,-65.44231,-74.35219,-78.54138,-82.428055,-84.40869,-71.471375,-78.87562,-81.28525,-82.310455
14105.389996375236,2.383232634244305,13.04028040558852,0.0,-81.56415,-78.494484,-63.364403,-66.5335,-75.86099,-75.66828,-80.781296,-83.96285,-72.63547,-79.09472,-79.03583,-83.9003
14108.709692773537,3.175163366923747,12.94427104315977,0.0,-81.47496,-76.42482,-64.664795,-66.482605,-76.53393,-76.38121,-80.00705,-81.7627,-71.94077,-77.071594,-79.00153,-84.62241
14112.029389171836,4.095484464374129,12.832696333213889,0.0,-78.50284,-71.49265,-67.6718,-66.02848,-77.3206,-77.49037,-79.19438,-76.68266,-70.22566,-75.68585,-81.72377,-84.37765
14115.349085570137,5.016466373482945,12.721041510066945,0.0,-77.78946,-70.53923,-69.65509,-65.12547,-78.2674,-78.01697,-79.02039,-72.86185,-68.25334,-75.61197,-79.5634,-84.140945
14118.668781968434,5.759221851317817,12.630993887308184,0.0,-76.472496,-71.36058,-70.13365,-65.84883,-75.96935,-77.35118,-78.079765,-73.320076,-68.273125,-67.3705,-77.52025,-83.9629
14121.988478366731,6.81420670087536,12.503093278582837,0.0,-75.87004,-74.56385,-69.87837,-68.39757,-69.5002,-74.779915,-77.320206,-76.7332,-68.6621,-61.214478,-76.21219,-83.95319
14125.308174765032,7.664208427250452,12.400043705627768,0.0,-75.05085,-75.85265,-70.53863,-68.91006,-66.4342,-72.62734,-74.79355,-80.30726,-69.252205,-59.112453,-75.16763,-82.94756
14128.627871163331,8.624794671396435,12.28358746892352,0.0,-74.79446,-73.90121,-71.41126,-67.46893,-67.4023,-71.99176,-69.56216,-80.398895,-70.85266,-58.828075,-74.50486,-79.15054
14131.94756756163,9.693680991679644,12.15400152171323,0.0,-74.69437,-73.19046,-74.63487,-67.23717,-68.561325,-71.36085,-66.65381,-71.39388,-72.55889,-66.28968,-72.596886,-73.33281
14135.26726395993,10.635477727852034,12.039823222467971,0.0,-76.95177,-73.05995,-73.29363,-68.562126,-68.76786,-71.12344,-64.499565,-68.73665,-72.36671,-69.94024,-69.51961,-74.348495
14138.586960358229,11.807918848032076,11.897682856159822,0.0,-79.74431,-73.842926,-73.13362,-70.96895,-67.57414,-71.55088,-62.921272,-73.98565,-71.04377,-72.544365,-65.033646,-75.335144
14141.906656756528,12.588834218212748,11.803008936196916,0.0,-77.32233,-75.84912,-74.57561,-74.62089,-69.64865,-71.58622,-62.176304,-79.82862,-70.52189,-73.6451,-65.39736,-74.32871
14145.226353154829,13.696496698324092,11.668721978874366,0.0,-74.640564,-78.28396,-76.95018,-81.92839,-73.37149,-71.94339,-62.68931,-79.07881,-71.81499,-75.86549,-67.32686,-71.93979
14148.546049553126,14.87040034060124,11.52640430436452,0.0,-79.26483,-78.98591,-77.59806,-77.570595,-73.867165,-66.60548,-63.518627,-75.20122,-74.17312,-76.68188,-68.61024,-69.75262
14151.865745951423,15.642147868365257,11.432841843610037,0.0,-81.9952,-80.62182,-78.83556,-75.06153,-72.85895,-64.969635,-65.17145,-73.11487,-76.59525,-77.65053,-69.654175,-70.54355
14155.185442349724,16.858603327691736,11.285365418900827,0.0,-81.54091,-80.7517,-82.90579,-78.86544,-72.601875,-67.43148,-67.4379,-73.6831,-78.120125,-78.44767,-72.72799,-71.73294
14158.505138748023,18.079181841140134,11.137389137599154,0.0,-81.45886,-80.16749,-82.830284,-82.07935,-73.233116,-70.507286,-68.448204,-75.51829,-73.93451,-79.21507,-78.3642,-74.08335
14161.824835146324,18.99934964708064,11.025833011879795,0.0,-82.176285,-78.11486,-82.9658,-82.43714,-72.99352,-72.14497,-68.78329,-75.72961,-72.7511,-80.73931,-79.10046,-74.70272
14165.144531544622,18.58198279588185,9.932758494116207,0.0,-80.15501,-75.78655,-80.69866,-79.92736,-72.095314,-73.50764,-67.14561,-73.85099,-73.217354,-81.41723,-78.369995,-72.08061
14168.46422794292,18.231772637601427,9.015565864230163,0.0,-77.137115,-75.37879,-75.06764,-80.15134,-71.06065,-71.632454,-64.94092,-73.39896,-74.44152,-82.26728,-75.97788,-71.248055
14171.78392434122,17.798479433607845,7.880780582061382,0.0,-79.26496,-78.07685,-75.589485,-80.09119,-72.59062,-70.94214,-55.699738,-74.32032,-77.366295,-80.48807,-74.439445,-71.50533
14175.10362073952,17.374673093090266,6.770841184728287,0.0,-81.65166,-82.22988,-77.836784,-78.47284,-75.599724,-71.97791,-44.36024,-70.97574,-81.81025,-76.46316,-78.252785,-70.20446
14178.423317137818,16.978436665022688,5.73310677605088,0.0,-80.22682,-81.516716,-79.467285,-79.40523,-76.881744,-73.716324,-53.268852,-67.06025,-81.479225,-77.51082,-79.84509,-71.39656
14181.743013536116,16.551051041650307,4.613793316380981,0.0,-79.040375,-79.08897,-80.23946,-78.815544,-77.551834,-74.92541,-64.707466,-66.518394,-78.58497,-80.26901,-77.68571,-73.23797
14185.062709934416,16.122610759756665,3.491717729457269,0.0,-77.240944,-77.16635,-80.04732,-77.709656,-77.665054,-75.8283,-66.179276,-67.848816,-77.63371,-82.52368,-75.65985,-72.512024
14188.382406332716,15.818607001674408,2.695538635910133,0.0,-72.5479,-75.07671,-78.735725,-78.421,-80.138885,-76.20868,-62.926903,-68.22562,-79.63589,-84.71526,-79.287766,-72.35724
14191.702102731017,15.499851548558787,1.8607251805576055,0.0,-75.46727,-74.27586,-77.46086,-78.99595,-81.22956,-76.451004,-62.675,-68.58374,-80.28042,-84.70137,-81.27671,-72.88803
14195.021799129314,15.810199925823074,2.832185835043899,0.0,-72.69781,-75.35698,-78.828445,-78.226494,-79.95163,-76.13506,-63.36767,-68.036804,-79.30886,-84.21124,-78.479675,-72.384575
14198.341495527611,16.13463179669745,3.84773101170658,0.0,-78.063034,-78.10294,-80.32248,-78.323364,-77.29687,-75.42416,-68.10456,-67.68937,-76.972206,-81.54768,-75.9465,-72.779686
14201.661191925912,16.475920634968066,4.916042311149589,0.0,-78.878494,-80.0756,-80.249214,-78.6979,-77.29749,-73.92264,-64.13772,-66.963875,-78.81848,-79.69166,-77.855644,-73.36755
14204.980888324211,16.809154538972052,5.959139843459406,0.0,-79.83114,-82.35937,-79.268486,-78.95774,-75.97527,-72.78185,-53.75911,-68.7814,-81.29167,-77.34335,-79.17823,-70.42508
14208.30058472251,17.15278818998399,7.034790937427557,0.0,-80.78567,-81.3045,-77.138954,-79.46802,-74.498924,-69.91587,-45.489586,-73.337395,-79.64045,-77.641045,-75.74104,-70.01033
14211.62028112081,17.39026243848374,7.778139077040193,0.0,-79.606476,-79.008026,-75.73501,-80.67292,-72.50895,-70.62987,-52.556328,-75.27113,-76.974205,-80.757805,-74.31438,-70.9087
14214.939977519109,17.688280269377316,8.711002330911546,0.0,-77.13877,-76.46342,-75.046265,-80.7651,-71.20299,-71.23723,-62.804142,-73.61969,-74.8973,-81.54403,-75.17413,-70.83944
14218.259673917408,17.94141778409786,9.50338003848383,0.0,-79.03956,-76.11089,-80.19207,-80.71522,-71.60807,-71.922134,-65.12357,-72.80325,-73.77912,-80.328835,-77.45216,-71.22502
14221.579370315709,18.3159657741014,10.675800009591024,0.0,-82.23805,-78.839485,-83.1407,-82.57508,-72.71633,-71.19269,-67.8497,-74.92005,-72.43643,-79.54352,-78.83074,-73.47553
14224.899066714006,18.58505051629576,11.518096148107007,0.0,-80.98327,-79.79124,-82.5197,-81.99397,-72.52801,-70.37802,-69.66113,-76.29558,-75.59534,-79.48636,-78.23374,-75.053474
14228.218763112303,18.858227696595858,12.37320254403658,0.0,-79.39618,-78.545395,-82.904884,-81.76949,-72.643265,-69.81697,-71.509964,-76.949326,-80.72825,-78.20781,-74.87013,-76.08626
14231.538459510604,19.18779016168358,13.404807641670446,0.0,-78.42838,-77.86198,-84.89528,-83.078224,-72.599785,-70.059784,-75.86253,-79.78643,-81.88798,-77.15315,-72.642006,-77.76517
14234.858155908903,19.47155523546744,14.293056540306274,0.0,-78.32803,-78.00542,-82.92556,-83.50338,-72.89885,-71.7929,-78.90197,-81.19953,-79.91453,-77.674446,-71.85389,-80.22471
14238.177852307204,18.39042019343196,14.07883294519386,0.0,-78.03487,-77.59983,-82.85694,-82.515396,-73.471565,-73.15167,-78.67039,-79.71385,-79.65124,-77.56544,-71.033775,-76.56139
14241.497548705502,17.47205529672349,13.89686175551941,0.0,-77.64836,-78.39061,-82.93328,-81.07151,-72.208115,-71.67246,-75.60373,-78.82014,-79.80804,-77.91982,-68.4843,-73.810295
14244.8172451038,16.4286464596833,13.69011349230339,0.0,-76.12441,-80.056206,-82.73971,-80.231064,-70.82787,-67.20943,-67.79671,-77.748146,-76.74291,-77.68143,-66.72961,-71.55823
14248.1369415021,15.554891612928758,13.516981647306256,0.0,-76.71369,-81.00028,-79.18742,-80.43835,-68.75771,-63.556583,-65.92133,-78.7853,-73.39267,-77.32809,-65.26343,-71.50014
14251.4566379004,14.339574940671508,13.276170373405783,0.0,-79.31344,-78.80727,-76.506714,-78.99765,-65.44172,-65.44598,-65.60375,-80.37864,-71.422424,-75.08507,-63.972008,-74.30568
14254.776334298698,13.303327317330758,13.07084108273659,0.0,-82.075096,-76.25797,-74.25061,-73.0493,-63.026352,-68.70316,-64.94791,-81.76523,-70.73598,-73.56638,-61.222744,-76.647865
14258.096030696996,12.285065210731538,12.86907556708765,0.0,-81.96927,-75.112045,-73.225784,-70.61769,-63.69299,-70.579216,-64.31511,-78.74006,-72.24423,-72.00755,-61.23198,-76.43615
14261.415727095296,11.22487053788755,12.659001241952405,0.0,-78.22326,-74.68206,-73.226654,-69.30847,-66.23845,-71.58981,-64.15243,-71.190315,-73.03285,-69.83283,-66.23101,-75.82668
14264.735423493596,10.084839901201509,12.433107665263428,0.0,-74.54129,-73.92038,-74.67211,-67.73303,-67.6631,-71.53912,-65.613945,-69.237274,-73.00594,-67.17408,-71.04511,-74.6974
14268.055119891897,9.06380339431166,12.230792410699893,0.0,-74.72134,-73.16285,-73.29782,-67.32671,-67.84148,-71.687775,-68.18952,-76.960304,-71.55445,-60.991203,-73.903465,-74.881004
14271.374816290194,7.973904110726157,12.01483220798502,0.0,-74.97509,-73.74542,-71.03104,-68.09264,-67.73161,-72.632774,-70.9958,-81.610435,-69.62878,-57.608562,-76.108444,-80.27862
14274.694512688491,6.772269956914917,11.776732083180388,0.0,-75.03631,-73.738754,-68.94457,-69.74092,-70.75448,-76.0472,-74.38357,-79.61195,-66.83672,-59.923992,-79.15057,-81.800644
14278.014209086792,5.560171638626502,11.536558516255216,0.0,-73.18461,-72.46962,-67.351746,-71.72804,-79.786766,-81.89312,-75.261734,-78.664635,-64.441864,-64.183,-87.60316,-82.339584
14281.333905485091,4.537133221759992,11.333846589365267,0.0,-73.484055,-70.13736,-66.6181,-71.645836,-79.87766,-82.5184,-75.121826,-78.54868,-65.04694,-71.47579,-86.05685,-81.573166
14284.65360188339,3.352542125470185,11.099123494174878,0.0,-73.13891,-67.00511,-66.636925,-71.06905,-75.55026,-81.45595,-73.02805,-80.47168,-67.23352,-78.228775,-83.36553,-78.65101
14287.97329828169,2.178513045871437,10.86649323022131,0.0,-78.26191,-67.50354,-66.51684,-70.30266,-72.28021,-80.09871,-69.70259,-80.11825,-69.7763,-81.83043,-84.87034,-79.371864
14291.292994679989,1.2534733521430947,10.68319944997432,0.0,-80.09922,-66.97768,-69.79892,-69.5998,-77.524155,-79.590454,-68.729706,-81.77079,-73.43025,-74.92498,-84.85648,-81.899185
14294.612691078288,2.1347114364389905,11.26847173525857,0.0,-79.0073,-68.205536,-65.833664,-69.33676,-71.62239,-79.76539,-70.99161,-81.54153,-69.96597,-82.4584,-85.539566,-78.81678
14297.932387476589,3.0809198814822736,11.8968939390359,0.0,-79.45748,-70.26604,-65.12701,-68.64017,-75.6902,-78.66796,-77.07688,-82.271484,-69.156746,-80.123055,-78.96331,-80.45932
14301.252083874886,3.9907562965044874,12.501159741143564,0.0,-79.164894,-70.974335,-66.713684,-66.752106,-77.295944,-78.11381,-79.763016,-77.28431,-69.46318,-76.42377,-81.70057,-84.11494
14304.571780273183,4.708984833376428,12.978169603316362,0.0,-78.09416,-70.81042,-69.581474,-64.974205,-78.05517,-77.52365,-78.66797,-73.50685,-69.31378,-75.32457,-79.55563,-84.10654
14307.891476671484,5.656755543634739,13.607629382011202,0.0,-77.68988,-72.06683,-70.38755,-64.329666,-77.99684,-76.0103,-76.34914,-72.5956,-71.833595,-74.34505,-76.923256,-83.40848
14311.211173069783,6.33219517678539,14.056221090325186,0.0,-77.47936,-76.55678,-70.10893,-63.725018,-75.729065,-74.03729,-74.76941,-72.96555,-72.23355,-69.738434,-74.22983,-81.35732
14314.530869468084,7.198802690306309,14.631776515041246,0.0,-78.62907,-79.61912,-69.80679,-62.35585,-72.61842,-72.78731,-72.39699,-73.33193,-71.965965,-66.568474,-73.19968,-77.327866
14317.850565866382,7.976571592165413,15.14832997627506,0.0,-79.57584,-80.05559,-70.00417,-61.36236,-71.423805,-72.37713,-73.04393,-73.970085,-72.55634,-66.33306,-73.74593,-76.225006
14321.17026226468,8.907301473305715,15.766472126761622,0.0,-80.34202,-80.94254,-70.567764,-63.47808,-70.92282,-72.16983,-73.672646,-77.91215,-74.43358,-66.709305,-74.543884,-78.4303
14324.48995866298,9.608353042481111,16.232073944596387,0.0,-81.12205,-81.10222,-72.200134,-66.30427,-70.03917,-73.40015,-74.00598,-80.895584,-76.54973,-67.72055,-75.11264,-79.15063
14327.80965506128,9.488623725506532,15.280641941128613,0.0,-79.812935,-81.65144,-70.96273,-65.85097,-66.80141,-72.647484,-75.28322,-81.574265,-72.88567,-66.46409,-74.94858,-80.55198
14331.129351459578,9.340307019830409,14.102039540355433,0.0,-77.022415,-80.09227,-70.86663,-66.220276,-65.27549,-72.39961,-74.44652,-80.91034,-72.043365,-63.87834,-74.87642,-82.462425
14334.449047857875,9.238413931560336,13.292343573135511,0.0,-75.47039,-77.536,-71.49479,-67.58821,-65.78896,-72.08066,-71.18827,-78.99925,-71.86537,-61.94886,-74.01434,-82.39303
14337.768744256176,9.1021085243558,12.209189255236607,0.0,-74.73408,-73.140114,-73.565155,-67.28168,-67.94012,-71.6554,-68.10896,-76.4928,-71.613884,-61.34544,-73.82415,-74.492165
14341.088440654476,9.00826247552333,11.463439287606144,0.0,-74.56609,-72.18006,-73.6688,-66.15486,-70.340034,-71.297356,-69.44607,-74.31644,-71.47069,-62.91144,-74.794685,-73.35106
14344.408137052777,8.884160510611549,10.477259928248657,0.0,-72.26925,-71.934395,-73.82045,-65.80776,-72.13099,-70.84174,-71.69373,-72.537346,-70.16432,-69.450615,-77.30541,-75.01124
14347.727833451074,8.777805752658915,9.632109191619236,0.0,-70.11478,-72.27849,-74.34559,-66.339455,-73.31281,-70.88409,-72.17158,-72.108826,-69.24422,-71.93445,-78.580124,-77.18528
14351.047529849371,8.665685227447476,8.741140641665618,0.0,-69.582596,-72.836494,-75.30163,-68.67183,-73.58176,-71.122574,-72.63608,-71.72554,-67.95373,-73.098946,-82.451546,-78.70651
14354.367226247672,8.523575609119934,7.611863015316858,0.0,-71.23902,-70.48485,-79.889,-71.190544,-72.45585,-73.877655,-68.31024,-70.93884,-62.367336,-71.40397,-84.300415,-73.764046
14357.686922645971,8.418908200125777,6.780120839269593,0.0,-72.217224,-69.37621,-81.6692,-72.361824,-71.54707,-76.59447,-67.09945,-71.79971,-61.575947,-70.08161,-81.50045,-71.88207
14361.00661904427,8.265033109253046,5.557348591901729,0.0,-72.2034,-73.542,-83.66955,-75.67496,-75.82908,-77.23839,-66.32129,-71.450836,-63.99815,-71.72872,-79.74346,-72.695
14364.32631544257,8.130555258167348,4.488716994281658,0.0,-68.271706,-75.71548,-83.19962,-79.07413,-78.240974,-77.2875,-65.57453,-71.85425,-66.19407,-77.3992,-80.051186,-74.92798
14367.646011840869,7.981287945297896,3.302560569737914,0.0,-61.15973,-71.831696,-82.612335,-78.29082,-77.89629,-74.36694,-66.53793,-68.117256,-69.5414,-77.36921,-82.02827,-73.013824
14370.965708239168,7.878138739656334,2.482882834497045,0.0,-58.384766,-70.08247,-81.408646,-76.370964,-77.302635,-73.82964,-72.18448,-66.148056,-71.16173,-77.13404,-88.019875,-72.79096
14374.285404637469,7.747199778028564,1.442373110216671,0.0,-60.183975,-71.57186,-80.554306,-74.00626,-74.74512,-78.34233,-71.98546,-66.08534,-73.74597,-76.95011,-88.411354,-72.19956
14377.605101035766,8.110408972414655,2.198807511362624,0.0,-59.08313,-70.00843,-82.01189,-75.253624,-77.10642,-74.08189,-72.56549,-65.62346,-71.58984,-77.52199,-88.51253,-72.629715
14380.924797434063,8.460970007143112,2.928900335191429,0.0,-60.77777,-70.781525,-83.0562,-76.47231,-77.76292,-73.87547,-66.54651,-66.98815,-71.79169,-77.29461,-83.08214,-72.74055
14384.244493832364,8.815024356228017,3.666268479122469,0.0,-64.42783,-72.77091,-82.58211,-76.8886,-77.47286,-73.8812,-65.49612,-68.93148,-71.84265,-75.999756,-82.00821,-72.47338
14387.564190230663,9.148773113002935,4.361347361668262,0.0,-68.2003,-74.47721,-82.131386,-76.74708,-77.760056,-74.24131,-65.41478,-71.08421,-72.2252,-73.473495,-81.80776,-72.07162
14390.883886628964,9.642110112008083,5.388791278765016,0.0,-71.69665,-73.76121,-78.9641,-76.85204,-79.00358,-73.289024,-65.882744,-72.26623,-74.90593,-73.405525,-82.065636,-70.37859
14394.203583027262,10.125624272695124,6.395777748926075,0.0,-71.617874,-72.71944,-79.61409,-77.128716,-77.26953,-73.49703,-66.5091,-69.06122,-76.63903,-71.03,-84.05984,-70.447495
14397.52327942556,10.646515999935856,7.480608275926393,0.0,-71.02127,-74.82333,-78.99708,-75.118385,-75.35306,-71.22871,-67.888084,-70.20199,-71.46568,-73.23404,-76.73659,-71.26444
14400.84297582386,10.990466746786598,8.196934242446883,0.0,-71.63165,-73.627304,-76.303764,-73.78319,-74.83092,-68.909485,-67.81337,-71.51081,-68.16377,-76.557785,-73.09903,-73.522995
14404.16267222216,11.397755774752053,9.045171117295563,0.0,-71.70469,-73.9822,-74.31826,-73.493256,-74.99364,-68.281456,-66.31667,-72.70623,-68.00307,-76.276596,-72.44774,-74.70918
14407.482368620458,11.875521277969137,10.04018519706042,0.0,-73.101585,-73.53661,-73.9593,-75.09616,-75.03984,-70.00058,-65.149414,-75.224434,-69.2149,-75.3311,-71.660835,-73.44713
14410.802065018755,12.251818588774109,10.823877447562806,0.0,-74.332054,-74.84982,-74.983536,-77.17343,-75.00397,-72.341095,-62.48471,-77.15138,-69.9062,-74.38064,-70.74066,-72.80497
14414.121761417056,12.625795739439518,11.602737637167886,0.0,-76.060486,-76.08851,-75.0269,-76.21067,-71.52542,-72.32567,-61.832096,-80.03061,-70.47558,-73.815056,-67.02438,-73.58591
14417.441457815356,12.983313383309634,12.347318581207883,0.0,-79.91157,-76.21668,-74.63511,-74.15301,-66.217766,-70.56633,-63.069805,-80.792435,-70.93359,-73.83125,-62.666874,-75.50309
14420.761154213656,13.484637530233329,13.391396860941963,0.0,-82.01065,-76.377785,-74.24844,-73.51815,-63.178482,-67.56456,-65.704056,-82.07599,-71.213844,-73.44665,-61.68532,-76.7546
14424.080850611954,13.907327728667996,14.271708846610789,0.0,-80.41205,-77.262405,-74.31814,-75.44028,-63.65745,-65.078316,-68.456726,-83.07198,-75.43936,-72.23358,-64.41933,-76.056076
14427.400547010251,14.235663123503048,14.955513639016628,0.0,-79.10695,-79.592354,-74.09503,-76.93008,-63.672386,-64.06839,-71.25558,-83.1379,-80.11367,-71.45921,-67.1356,-76.99875
14430.720243408552,14.603723517749444,15.72205134844301,0.0,-80.68519,-78.37843,-74.70783,-79.0751,-63.877766,-66.94059,-74.55281,-83.10202,-81.51456,-70.83381,-71.83923,-79.65128
14434.039939806851,14.990728913928027,16.528044697794776,0.0,-83.17009,-76.758224,-76.521194,-80.51086,-64.79078,-72.765884,-76.592674,-83.64933,-79.88783,-70.601944,-77.963615,-83.30583
14437.35963620515,14.8933872175369,15.79659470682477,0.0,-81.070885,-77.9629,-75.69464,-78.7076,-64.2386,-67.70701,-74.84436,-83.35924,-81.583015,-70.8914,-73.97946,-79.91971
14440.67933260345,14.734910808979864,14.60576311146984,0.0,-78.58565,-79.87624,-76.031456,-76.51591,-64.7107,-63.489372,-68.82165,-82.24029,-80.1659,-72.191574,-68.078285,-74.70233
14443.999029001749,14.573261027010268,13.391085990096576,0.0,-78.54906,-79.571526,-77.116005,-79.09052,-65.95154,-64.65312,-65.82032,-80.1818,-71.59117,-75.18715,-64.192696,-73.52015
14447.318725400048,14.42821621345153,12.301182777998296,0.0,-76.611626,-79.447205,-77.70558,-81.52553,-70.59196,-68.589516,-63.849213,-78.3196,-72.12041,-76.58902,-64.643654,-71.18896
14450.638421798349,14.28387058040703,11.21653338414838,0.0,-76.41434,-77.86706,-76.0933,-78.72093,-74.78041,-69.362976,-62.50155,-76.57401,-72.72172,-76.39244,-70.03017,-69.35447
14453.958118196646,14.148801828204038,10.201592806348737,0.0,-76.687706,-76.39717,-73.22126,-76.42547,-74.47074,-68.40578,-61.080284,-77.32512,-72.220146,-77.317184,-72.79372,-68.80826
14457.277814594943,13.98639399686676,8.981219511355125,0.0,-77.29723,-74.04146,-75.60698,-77.82242,-74.60281,-67.75983,-61.334934,-78.94858,-71.35243,-75.93673,-72.84202,-68.08661
14460.597510993244,13.858120739382151,8.017341990135332,0.0,-78.599686,-76.01342,-78.37442,-80.58838,-75.32772,-71.707306,-63.837887,-79.8988,-75.88729,-77.31865,-72.908264,-67.54095
14463.917207391543,13.708452584452791,6.892697828072468,0.0,-82.42522,-79.258194,-75.69544,-82.51249,-75.46813,-72.27629,-68.446884,-78.873024,-76.93044,-81.53984,-72.84033,-65.62688
14467.236903789842,13.545508041862094,5.668291549722031,0.0,-79.661736,-77.91848,-74.78798,-80.56778,-75.91687,-72.01459,-70.0859,-76.07251,-73.17526,-79.71871,-74.15204,-60.341667
14470.556600188142,13.448113713576603,4.936446069459322,0.0,-75.6742,-74.199554,-74.63616,-79.03653,-77.42368,-72.64969,-67.77263,-72.99776,-71.87273,-78.23719,-78.072975,-58.442535
14473.87629658644,13.282564936165064,3.692470915623772,0.0,-72.32123,-72.68305,-74.8444,-76.95835,-80.23114,-74.39887,-66.286255,-68.19916,-73.38649,-76.36281,-83.715355,-60.018253
14477.19599298474,13.17659786389539,2.896207680767767,0.0,-73.64619,-72.917366,-75.26743,-75.59357,-81.37374,-77.17537,-65.542625,-65.95193,-73.93009,-77.06338,-83.29513,-60.975426
14480.51568938304,13.02019246118103,1.720938144233297,0.0,-75.12193,-72.534485,-76.106636,-74.642944,-81.42475,-79.13803,-65.16199,-63.383034,-75.06348,-79.31276,-81.11194,-62.45701
14483.835385781338,13.362010138037514,2.6723543992647603,0.0,-73.49678,-73.01467,-75.36311,-75.37184,-81.45999,-77.92021,-65.66735,-65.45371,-74.25622,-77.663864,-82.64867,-62.522995
14487.155082179635,13.722747566370384,3.676431942212439,0.0,-72.56919,-72.87227,-75.675995,-77.27212,-80.35489,-75.00192,-67.03627,-68.73252,-74.00971,-77.484566,-83.02838,-63.546703
14490.474778577936,13.978386936007638,4.387979261636174,0.0,-74.70696,-74.15079,-75.87261,-78.1789,-78.15068,-73.77679,-68.19797,-71.10003,-73.18562,-78.85173,-79.35335,-63.212513
14493.794474976236,14.37884775698729,5.50262300413418,0.0,-80.25918,-80.46332,-75.39217,-79.62151,-75.55896,-70.79867,-70.11243,-74.89206,-74.27158,-80.56137,-73.37127,-63.418133
14497.114171374536,14.747972301958786,6.530045270433257,0.0,-80.94376,-79.937035,-75.8656,-82.10581,-74.622604,-68.82234,-65.342606,-77.706474,-76.07043,-81.850914,-72.77409,-66.23312
14500.433867772834,15.15207510682241,7.654826120817667,0.0,-79.27237,-78.85602,-77.144936,-83.30866,-74.80841,-70.12353,-59.93841,-79.7334,-75.9397,-79.79524,-72.36597,-68.055916
14503.753564171133,15.537005615168145,8.726242748727815,0.0,-78.2916,-78.1103,-84.831116,-83.76741,-75.68909,-71.19447,-56.52345,-78.94716,-75.046074,-75.81684,-72.71968,-69.27426
14507.073260569432,15.853784324669048,9.607965473657543,0.0,-81.43183,-78.672134,-83.00637,-82.45159,-75.193115,-68.9943,-60.174828,-76.41155,-73.701935,-76.11553,-73.18862,-70.26095
14510.392956967731,16.256274430816397,10.728257534031906,0.0,-82.3988,-81.33088,-81.152336,-78.51165,-73.671036,-66.14343,-65.10042,-72.76895,-76.52749,-78.571495,-72.30165,-70.766884
14513.71265336603,16.652737849647444,11.831774896475329,0.0,-80.68127,-80.468994,-83.85679,-76.95838,-70.81195,-66.30852,-68.07451,-74.15308,-77.906944,-77.511246,-70.86761,-71.58816
14517.03234976433,17.00176346029864,12.80325373411091,0.0,-78.784744,-79.526474,-85.68516,-78.83739,-69.66607,-67.741104,-71.54466,-76.33137,-79.36454,-76.64311,-69.689,-72.678505
14520.352046162629,17.384993835541284,13.869938206900027,0.0,-77.51842,-78.57557,-83.00123,-80.90347,-72.01737,-71.42539,-74.923225,-78.73889,-79.82969,-77.93757,-68.223495,-73.61005
14523.671742560928,17.75865235748875,14.909980357093186,0.0,-80.02694,-76.61147,-78.510216,-81.23274,-77.77081,-77.21617,-76.930176,-79.56618,-77.894646,-79.85551,-70.368546,-74.12883
14526.991438959229,18.11947654905935,15.914299397073648,0.0,-82.05332,-74.41421,-76.37961,-79.082565,-77.36215,-76.25089,-75.33414,-79.305084,-79.37862,-80.17055,-72.66135,-74.78461
14530.311135357526,18.37311938752865,16.62028956619335,0.0,-82.99505,-73.20945,-75.359406,-77.72369,-75.25576,-73.90198,-73.71729,-78.82291,-82.41466,-79.62303,-74.21963,-74.694984
14533.630831755823,17.35421032821753,15.95489208959586,0.0,-82.16314,-73.784996,-76.59822,-76.586754,-73.568344,-70.92389,-73.46126,-78.14442,-82.68175,-77.95095,-73.98205,-73.82138
14536.950528154124,16.48663328553572,15.388321825371603,0.0,-79.95894,-76.45,-78.51278,-76.48647,-69.6009,-66.20681,-71.69459,-79.23856,-83.247826,-75.410034,-72.2441,-73.0534
14540.270224552423,15.50092439543336,14.74460568393572,0.0,-78.41282,-79.98401,-79.630585,-76.84361,-66.48992,-62.858585,-68.72261,-80.80858,-81.19841,-72.75816,-69.594376,-72.716675
14543.589920950722,14.758343321065704,14.259663903766096,0.0,-78.52109,-79.98109,-76.4134,-77.17257,-65.05573,-62.857468,-67.40954,-81.883224,-77.32584,-72.99205,-67.10099,-73.76104
14546.909617349022,13.963522366091643,13.740606925173608,0.0,-80.589226,-77.30225,-74.71055,-76.01545,-63.840973,-65.63862,-66.779854,-82.211945,-72.490425,-73.35059,-63.536774,-75.78061
14550.22931374732,12.934695411778415,13.068732577802171,0.0,-82.91041,-75.505585,-73.93122,-71.6401,-62.58642,-69.721344,-64.782455,-81.47094,-71.14118,-72.93428,-60.66309,-77.70466
14553.54901014562,12.24870517636118,12.620747384770564,0.0,-81.76716,-74.94494,-73.239204,-70.87704,-64.13544,-70.74193,-63.68485,-78.26523,-71.89672,-72.37855,-61.715275,-76.10701
14556.86870654392,11.410064372302283,12.0730739003776,0.0,-79.40044,-73.68009,-73.12695,-69.891754,-67.75638,-71.51354,-63.453793,-71.78178,-72.2159,-71.53004,-66.6067,-75.24395
14560.188402942218,10.394587009266855,11.409917489380057,0.0,-77.1263,-72.34737,-73.43374,-68.035706,-71.22137,-70.43567,-66.8672,-67.46758,-71.67706,-70.87347,-71.50305,-73.90556
14563.508099340515,9.577446688182864,10.8762848725075,0.0,-73.941826,-71.998245,-73.72776,-66.29623,-71.58596,-70.29809,-69.46734,-70.10352,-70.93746,-69.870964,-74.25592,-73.607376
14566.827795738816,8.557988227537873,10.21052860995374,0.0,-71.286156,-71.92289,-73.46733,-65.77797,-72.46823,-71.678566,-72.13907,-73.40833,-69.79104,-68.75828,-78.347115,-76.11406
14570.147492137115,7.535918016086901,9.543066746316237,0.0,-69.384125,-72.3791,-72.612045,-67.07476,-72.77775,-73.35777,-73.18761,-75.46434,-67.26299,-64.35733,-88.83037,-78.37201
14573.467188535416,6.754632182451337,9.032848864306285,0.0,-67.25755,-72.67011,-72.49303,-67.55576,-71.8432,-75.043594,-73.89711,-74.09042,-64.609474,-62.658993,-89.482025,-79.68439
14576.786884933714,5.9186508130084325,8.486912120858438,0.0,-66.78669,-69.6164,-73.43222,-69.21164,-69.78478,-76.253456,-73.83205,-73.99028,-61.70562,-62.728844,-85.45946,-79.45609
14580.106581332013,5.260532153049665,8.057128430511868,0.0,-67.36456,-68.560555,-75.38592,-71.164856,-69.66023,-76.76242,-74.17866,-75.209724,-61.148148,-61.921337,-84.06185,-79.71771
14583.426277730312,4.360500742066805,7.469363875614917,0.0,-66.39255,-66.30516,-77.04601,-76.97076,-78.29705,-76.69094,-74.47338,-76.629906,-61.920326,-62.23218,-84.80897,-79.16478
14586.745974128611,3.372885029066508,6.824402485515266,0.0,-65.088646,-61.823734,-72.708664,-76.39825,-76.624535,-75.363625,-78.49856,-77.4345,-65.7533,-63.387527,-82.74971,-78.70187
14590.06567052691,2.5484531336981764,6.286008113817893,0.0,-66.08838,-59.821056,-72.366905,-75.527824,-77.65509,-74.19077,-80.73163,-77.13342,-67.05561,-65.73921,-82.59563,-78.77449
14593.38536692521,1.6065151793870536,5.670876535408164,0.0,-66.483894,-57.51338,-71.75804,-75.02118,-80.35241,-76.94637,-80.50197,-76.29723,-68.23567,-72.46435,-85.65665,-78.02674
14596.705063323509,2.59090417596637,5.946846059290931,0.0,-65.90768,-60.32987,-72.41897,-75.70811,-78.91182,-74.84412,-79.04109,-77.04332,-67.04041,-66.108665,-83.14989,-77.587296
14600.024759721808,3.707655169042608,6.259922740283702,0.0,-66.03307,-63.760616,-72.119095,-76.99266,-77.475174,-75.30132,-76.673164,-77.1782,-65.711105,-64.78401,-84.22155,-74.88913
14603.344456120109,4.5455842992001045,6.494832825525023,0.0,-67.58124,-68.39452,-75.37045,-77.63014,-79.181915,-76.08614,-74.45424,-76.827614,-62.88877,-63.20169,-88.527,-73.478874
14606.664152518406,5.3364311637565445,6.716543585635328,0.0,-68.93821,-68.99808,-77.23808,-77.843704,-77.91515,-76.60796,-72.782036,-76.351944,-61.858547,-62.866413,-90.68207,-73.1666
14609.983848916703,6.111777877479321,6.933908940361641,0.0,-69.60281,-69.09145,-79.61964,-74.30082,-71.600296,-78.15865,-71.16901,-75.57518,-61.34283,-64.248474,-88.79253,-73.26462
14613.303545315004,7.00810857523374,7.185191671843152,0.0,-70.49099,-68.833275,-80.90555,-70.94407,-69.60062,-77.310555,-69.99461,-74.74326,-61.446686,-68.14619,-84.28806,-73.30523
14616.623241713303,8.1327812963305,7.500489177649842,0.0,-71.56051,-69.8258,-80.28719,-70.54286,-71.896126,-74.94123,-68.88525,-71.63558,-61.580635,-70.30183,-84.56706,-73.705315
14619.942938111602,8.97758414434562,7.737326282241303,0.0,-70.609535,-71.774445,-79.63069,-71.81372,-73.01186,-72.524414,-67.729645,-70.158905,-64.0218,-72.497246,-82.788895,-73.68505
14623.262634509902,9.897990666935362,7.995358575064903,0.0,-70.618126,-73.538315,-78.98439,-71.74591,-74.13464,-70.66642,-67.76477,-69.30068,-66.28748,-75.11266,-76.61714,-74.00507
14626.5823309082,10.909718540924722,8.278992444047582,0.0,-71.38356,-73.597916,-76.41048,-73.22093,-74.82817,-68.925026,-67.61766,-71.32595,-67.78845,-76.89612,-72.99392,-74.07254
14629.9020273065,12.110673122899886,8.615675264908235,0.0,-72.52287,-72.57556,-74.10605,-77.61176,-74.68373,-67.28241,-66.01861,-76.10688,-68.900894,-74.74492,-72.62248,-70.961006
14633.2217237048,13.26952339794561,8.940554311471221,0.0,-74.44345,-72.24447,-72.82561,-77.143135,-74.1416,-66.7184,-64.227,-78.41857,-69.61861,-74.470985,-72.74528,-68.60928
14636.541420103098,14.042998729525394,9.157395031687397,0.0,-77.25115,-74.22006,-75.28573,-77.40823,-74.506325,-67.60947,-60.598072,-78.722084,-70.836555,-76.041275,-72.84642,-68.22703
14639.861116501395,15.108562002967114,9.45612143990663,0.0,-79.28216,-77.00923,-78.84576,-80.09006,-75.10574,-69.64106,-58.29037,-78.01783,-73.81297,-75.87125,-72.91385,-69.31866
14643.180812899696,16.005790179768898,9.70765577605485,0.0,-81.784744,-79.069305,-83.5406,-82.59303,-75.098145,-68.430786,-61.419605,-75.7826,-73.48634,-76.327255,-73.36445,-70.334694
14646.500509297995,17.016837812389284,9.991098942086383,0.0,-82.1991,-79.669685,-83.68366,-82.98148,-73.852066,-70.22918,-65.053665,-73.0143,-72.2431,-77.09142,-75.54611,-71.1448
14649.820205696296,17.90030044565058,10.238774163077837,0.0,-82.04036,-78.281105,-83.459305,-82.127014,-72.687164,-71.19622,-66.62048,-73.65743,-72.5322,-79.066635,-78.22086,-72.14991
14653.139902094594,18.89104253496727,10.516524751137476,0.0,-82.4287,-76.97521,-83.35,-81.10906,-72.82214,-73.18248,-68.06303,-74.9391,-72.54868,-81.340385,-78.88262,-73.50885
14656.459598492893,19.211351704327093,9.673393022511137,0.0,-79.28199,-74.08911,-77.17177,-79.1161,-72.57374,-75.23649,-68.2081,-75.33947,-73.33235,-83.34884,-77.591095,-72.40775
14659.779294891192,19.513799365481745,8.877277132735118,0.0,-78.967834,-74.09106,-74.49414,-78.844,-74.91107,-72.46319,-70.12863,-79.02127,-74.57084,-84.23262,-74.152214,-75.00729
14663.098991289491,18.507340327352107,9.294272462806514,0.0,-77.79127,-74.95896,-76.28041,-79.868385,-71.34086,-72.316536,-65.8937,-73.526085,-74.1282,-82.4529,-76.8825,-71.42845
14666.41868768779,17.47028657618641,9.723943770714644,0.0,-80.60292,-77.67497,-83.803276,-81.71455,-72.72318,-71.23853,-64.79793,-72.81639,-72.67059,-78.63535,-77.27355,-71.177185
14669.73838408609,16.31435217164984,10.202869618960166,0.0,-82.52071,-80.61021,-83.10004,-81.3892,-74.48603,-67.12729,-64.63207,-73.55849,-73.232765,-77.432556,-73.692245,-70.75973
14673.058080484388,15.35086422694783,10.602061198845483,0.0,-81.62197,-79.77966,-76.87654,-75.302376,-73.510635,-65.81655,-63.177334,-73.54281,-76.339035,-78.63475,-71.30955,-69.99114
14676.377776882688,14.408783892580852,10.992383194177924,0.0,-77.281654,-77.787094,-75.34122,-77.50854,-74.572296,-68.946,-62.378036,-76.021515,-72.92156,-76.89067,-70.89891,-69.0749
14679.697473280989,13.263292602266857,11.466982259417644,0.0,-74.57577,-77.479645,-76.60154,-81.877914,-73.76552,-73.16486,-61.933685,-80.162254,-71.36621,-75.34377,-68.769936,-72.1477
14683.017169679286,12.3154622141236,11.859686612582376,0.0,-78.9061,-75.153984,-73.83952,-72.74241,-68.438446,-71.34964,-62.41591,-78.52969,-70.45773,-73.28275,-64.8517,-75.037636
14686.336866077583,11.616988526295906,12.149077690577124,0.0,-79.79908,-74.02226,-73.092064,-70.264565,-67.01904,-71.50435,-63.50037,-72.67225,-72.04016,-71.76688,-65.373375,-75.4375
14689.656562475884,10.86225474693965,12.461778406170636,0.0,-76.80386,-74.23573,-73.30549,-68.79634,-67.20756,-71.693855,-64.11223,-69.27448,-72.84379,-69.314224,-68.00283,-75.52333
14692.976258874183,10.005426555964265,12.816778799404958,0.0,-74.45435,-75.02779,-75.52306,-67.77046,-66.46697,-71.99665,-66.30683,-69.967674,-73.04463,-66.7958,-71.20208,-78.424194
14696.295955272482,9.127472174486124,13.180532179544954,0.0,-75.35551,-77.38499,-71.430504,-67.76592,-65.839966,-72.09416,-71.36024,-79.351814,-71.68968,-61.557247,-74.00377,-82.36169
14699.615651670782,8.30998121793148,13.51923440024574,0.0,-76.33056,-79.35265,-70.16124,-66.512566,-65.34209,-72.35551,-76.42805,-80.43379,-70.4171,-62.056896,-73.99303,-82.734825
14702.93534806908,7.621545538558911,13.804466538342862,0.0,-77.12286,-79.2734,-69.90108,-64.72009,-67.74182,-72.85709,-76.2698,-76.73631,-70.544716,-63.038948,-73.43152,-81.12185
14706.25504446738,6.927488918856144,14.09202754008918,0.0,-77.786194,-77.88943,-69.844734,-63.24297,-72.49376,-73.16173,-74.623764,-73.626144,-71.40669,-65.83357,-73.45747,-79.85432
14709.57474086568,6.035227473445586,14.461708611889572,0.0,-76.57158,-77.581505,-69.74591,-63.583603,-77.28486,-74.33485,-73.02614,-75.38041,-73.537704,-73.18485,-74.67747,-81.043076
14712.894437263978,4.95327384808718,14.909982800938243,0.0,-74.10248,-77.76807,-69.81956,-63.852222,-77.16598,-75.0143,-71.37364,-81.63725,-77.208405,-70.68132,-77.164154,-81.6411
14716.214133662275,3.941802839534113,15.329054686718168,0.0,-76.59038,-77.72128,-70.352585,-62.35367,-77.339836,-74.35028,-70.92905,-81.406265,-73.928566,-75.93231,-79.81266,-82.36569
14719.533830060576,2.946798828742604,15.74130397872455,0.0,-72.587074,-78.51646,-73.26493,-61.601814,-76.99344,-74.96425,-71.3336,-80.152336,-73.64414,-81.26211,-87.1691,-84.211365
14722.853526458875,2.2035535049482817,16.04924480629722,0.0,-72.37331,-77.90149,-73.00008,-69.76792,-78.14381,-76.95171,-72.409,-79.22267,-74.12102,-81.85367,-87.60052,-85.62467
14726.173222857176,1.492128068917085,16.34400204258805,0.0,-72.5013,-76.96122,-71.29628,-72.59325,-79.32721,-78.691605,-73.35577,-78.85578,-74.128746,-81.81865,-84.21099,-85.56657
14729.492919255474,2.325701674117908,16.34870117556198,0.0,-72.545494,-77.07098,-72.90825,-70.27635,-78.39564,-76.89032,-71.66035,-79.51874,-75.463524,-81.06069,-85.27114,-85.520874
14732.812615653773,3.2644270881622868,16.353993084421717,0.0,-74.51932,-77.33254,-73.31699,-61.54706,-77.93019,-75.23381,-70.37831,-79.97315,-75.39878,-79.80106,-81.30711,-83.74746
14736.132312052072,4.230328044308812,16.359438190893734,0.0,-77.05154,-77.29872,-71.50132,-60.291466,-78.02414,-75.159294,-71.408295,-80.38343,-73.77595,-76.93006,-78.485374,-81.49107
14739.452008450373,5.0984701516690825,16.36433219806635,0.0,-77.95511,-77.16538,-69.71137,-60.846874,-77.78965,-75.91312,-73.64633,-80.12782,-73.36633,-73.70137,-77.022705,-79.514145
14742.77170484867,6.181694728943892,16.370438696997564,0.0,-79.169075,-78.5281,-67.90207,-61.35198,-77.20788,-76.26061,-74.14027,-79.46018,-75.212494,-72.204796,-75.20272,-78.43452
14746.09140124697,6.966608743458546,16.374863519597866,0.0,-81.73654,-78.23222,-68.08101,-61.564274,-77.25817,-75.99874,-73.60348,-77.633835,-75.293686,-73.33291,-75.27908,-77.61046
14749.411097645268,7.718367268022016,16.3791014336215,0.0,-82.028145,-78.822365,-68.62934,-62.62271,-75.71694,-74.72243,-73.40983,-77.41926,-75.360634,-72.225075,-75.30433,-77.52371
14752.730794043568,8.613230453803297,16.384146076442754,0.0,-81.10322,-79.97594,-69.9639,-64.08267,-73.60759,-73.58584,-73.346146,-77.97245,-76.11985,-68.42636,-75.04248,-78.324
14756.050490441869,9.675613347226586,16.39013508383728,0.0,-81.2992,-80.920815,-72.47427,-66.44787,-70.20718,-73.44907,-73.907295,-81.15325,-77.590744,-68.06296,-75.20639,-79.08445
14759.370186840166,10.460067925178391,16.394557316440142,0.0,-81.293045,-80.599365,-73.813194,-69.611786,-67.90688,-73.54223,-74.97011,-82.69471,-78.74501,-68.65766,-75.23694,-79.78056
14762.689883238463,11.437579827186545,16.400067877694095,0.0,-82.2807,-79.731636,-75.43858,-72.70184,-63.90678,-73.97023,-74.42578,-83.09279,-80.89466,-70.443535,-74.54843,-80.18893
14766.009579636764,12.659523177275773,16.406956380704337,0.0,-83.672104,-78.37302,-77.541016,-75.757866,-61.977406,-74.50532,-72.05124,-81.96972,-82.2622,-69.4923,-72.12926,-79.902016
14769.329276035063,13.832663482193585,16.413569764640073,0.0,-82.78755,-77.63319,-75.90602,-79.651505,-63.726723,-70.96189,-73.94201,-82.1372,-81.42089,-69.862686,-68.7652,-80.57718
14772.648972433362,14.797958917027902,16.4190114575861,0.0,-82.77744,-76.90753,-76.574745,-80.58232,-64.41183,-71.95737,-76.18147,-83.380325,-80.23562,-70.45905,-75.86438,-82.85369
14775.96866883166,15.76404785995445,16.424457623802418,0.0,-83.336555,-76.592155,-76.813896,-78.85936,-67.250694,-71.50543,-76.03916,-83.18131,-80.218956,-71.44307,-78.97917,-80.43679
14779.28836522996,16.58175477157359,16.429067310922342,0.0,-82.94817,-76.12082,-77.14744,-77.328476,-70.797935,-70.978775,-74.68288,-80.719864,-81.63878,-73.59304,-76.733315,-76.06305
14782.60806162826,17.828617440752822,16.436096292461766,0.0,-82.857025,-73.24505,-75.673294,-76.61517,-74.898766,-72.62808,-73.189125,-78.28127,-83.49097,-78.96801,-74.46934,-74.42614
14785.92775802656,18.70566552054512,16.441040505577156,0.0,-82.67734,-73.73056,-75.506676,-79.65143,-75.73769,-77.295555,-74.70577,-79.554756,-79.67929,-79.75202,-73.58516,-75.58001
14789.247454424858,18.169743488631067,15.514324066949072,0.0,-81.34612,-75.44559,-77.050514,-81.07493,-79.024414,-78.4601,-76.99071,-79.89908,-77.55942,-80.42949,-72.029076,-75.1982
14792.567150823155,17.727227185878927,14.749124825826822,0.0,-79.37292,-76.98604,-79.18591,-81.344246,-76.80877,-76.6348,-76.78381,-79.550224,-78.04305,-79.503746,-69.84403,-73.896866
14795.886847221456,17.209745463331263,13.854295372255477,0.0,-77.19537,-78.93469,-82.97261,-80.62716,-71.88536,-70.95648,-73.21354,-78.57887,-79.74246,-78.01434,-67.833694,-73.12796
14799.206543619755,16.79332550593695,13.134221934498385,0.0,-77.85174,-79.86327,-84.97327,-79.089584,-70.18362,-67.33024,-69.76683,-76.76854,-78.37047,-77.10135,-68.156044,-72.36826
14802.526240018056,16.18599222287004,12.084021152242936,0.0,-80.38646,-80.80929,-83.01597,-76.612885,-70.87726,-64.956085,-66.54316,-74.23596,-77.034294,-76.990036,-69.23242,-71.259094
14805.845936416354,15.585567050418966,11.045765875651233,0.0,-82.77398,-80.243004,-77.67237,-74.5676,-73.37154,-64.9826,-64.91506,-72.7858,-76.51595,-78.208,-70.52773,-70.43096
14809.165632814653,15.00733011960014,10.045878509017284,0.0,-79.29757,-78.60933,-76.69213,-76.71749,-74.17283,-68.15919,-60.614346,-76.31777,-74.20281,-77.3687,-72.61051,-69.49895
14812.485329212952,14.595102389393672,9.333054270990916,0.0,-78.79669,-75.87755,-77.105354,-78.62658,-74.97867,-68.773224,-58.064144,-78.47442,-72.04285,-75.91978,-72.89902,-68.630775
14815.805025611253,14.215201891674557,8.676130287063797,0.0,-78.4142,-75.20943,-77.71724,-79.65678,-75.1482,-69.63875,-60.960945,-79.357315,-73.996925,-75.835976,-72.85385,-67.898994
14819.12472200955,13.695276199750372,7.777074721368204,0.0,-79.38207,-76.517876,-78.34818,-80.76753,-75.43049,-72.12619,-64.73274,-79.68825,-76.61777,-77.65429,-73.07568,-67.511345
14822.44441840785,13.079362083054528,6.712035960624229,0.0,-82.90579,-79.20638,-75.354416,-81.6282,-75.91371,-73.53177,-71.25591,-78.228874,-77.78205,-80.186195,-73.505035,-66.67644
14825.764114806148,12.519175002130217,5.74336039648378,0.0,-77.96309,-75.40632,-75.05294,-80.94413,-77.58689,-72.698555,-67.810295,-76.002396,-74.58144,-77.70907,-77.07802,-64.62237
14829.083811204448,11.939584400309212,4.741132261798686,0.0,-73.32351,-73.29499,-75.46808,-78.97605,-78.757034,-72.142555,-66.192764,-73.12059,-73.43674,-74.38859,-83.667915,-63.23749
14832.403507602749,11.427779228008204,3.8561186995604255,0.0,-73.664276,-73.72087,-76.60284,-75.82254,-79.08551,-73.28266,-65.29336,-68.96426,-73.80147,-73.21024,-82.70484,-61.7216
14835.723204001046,10.884509805131795,2.9166971516433597,0.0,-74.83204,-73.419655,-79.133194,-75.525116,-77.7435,-77.83409,-64.776344,-64.73498,-74.303535,-73.80407,-79.40847,-61.689957
14839.042900399343,10.512396557190996,2.273238880919884,0.0,-75.957985,-73.342186,-82.73214,-74.85428,-76.03282,-81.70151,-65.17911,-63.76226,-74.4517,-76.17377,-77.428246,-64.91144
14842.362596797644,10.08531801961321,1.5347346250955043,0.0,-70.90505,-72.92368,-84.152855,-75.4832,-75.559265,-81.29611,-66.10837,-64.11819,-74.31254,-78.07468,-82.063286,-66.05353
14845.682293195943,8.90825704073322,1.2626303466380917,0.0,-66.32367,-72.29352,-82.93191,-74.60422,-73.00448,-81.18797,-70.739334,-65.244316,-74.35665,-78.34802,-85.24383,-69.44468
14849.001989594242,7.949283487345709,1.0409419112160427,0.0,-62.45696,-72.72529,-80.08384,-73.65229,-71.79732,-80.915276,-70.64014,-66.529335,-74.28097,-76.95424,-86.48274,-72.089424
14852.32168599254,9.105600964319873,1.4042625748667183,0.0,-67.63145,-72.06294,-83.14678,-74.9456,-73.37867,-80.94086,-70.813225,-64.84299,-74.189865,-78.39188,-85.103355,-68.71276
14855.64138239084,10.241795661179328,1.761260561595738,0.0,-73.60646,-73.099144,-83.75909,-75.07349,-75.60665,-81.599144,-65.75896,-64.01733,-74.46747,-77.6744,-80.176895,-65.54697
14858.96107878914,11.26284987866687,2.0820808408945037,0.0,-74.81597,-73.561005,-81.06373,-74.62902,-78.172775,-81.083565,-64.726166,-63.36001,-74.18612,-76.504486,-78.6754,-63.14357
14862.28077518744,11.974326752006307,2.3056303893024515,0.0,-73.79885,-73.70728,-78.107124,-74.4879,-80.44411,-80.40444,-64.150665,-63.53951,-74.334564,-75.693474,-81.43647,-60.53172
14865.600471585738,13.027162845963131,2.6364366911952017,0.0,-73.55253,-72.933266,-75.541824,-75.27899,-81.51855,-78.45735,-65.15875,-64.96687,-74.02178,-76.8882,-83.00957,-61.39988
14868.920167984035,13.918212532322285,2.9164089045711368,0.0,-73.60445,-73.551796,-75.6067,-76.21894,-81.11933,-76.28704,-66.708855,-66.81464,-75.09024,-78.96338,-82.35179,-65.716934
14872.239864382336,14.654779877039262,3.147842003036679,0.0,-72.62136,-74.549,-77.07033,-77.09687,-80.36528,-75.78906,-67.924995,-68.162704,-75.971825,-80.862816,-81.35474,-70.08149
14875.559560780635,15.37164206751567,3.373083644693355,0.0,-74.134575,-76.74811,-78.612526,-77.59584,-78.71194,-75.34262,-69.25943,-68.31655,-76.83754,-81.85455,-77.198006,-72.48856
14878.879257178934,16.096051300830876,3.600696604493528,0.0,-77.415535,-77.59005,-80.10581,-77.8695,-77.53924,-75.60056,-67.14863,-67.83087,-77.28936,-82.05517,-75.710785,-72.554886
14882.198953577234,17.250201387800107,3.963336263497415,0.0,-78.374,-76.07182,-80.024475,-78.24707,-76.61211,-77.72333,-65.12989,-66.527016,-78.15727,-81.692024,-78.44515,-72.51616
14885.518649975533,18.078440582037373,4.223573109955205,0.0,-78.617004,-75.40622,-79.33183,-78.1653,-76.57784,-79.19869,-66.39398,-65.863655,-79.46188,-81.159676,-79.87033,-72.68306
14888.838346373832,19.216740825864143,4.58123266994308,0.0,-78.48626,-76.03433,-78.84579,-78.99276,-77.21021,-80.02302,-68.71809,-67.100006,-80.1861,-80.31454,-80.98405,-73.633606
14892.158042772133,18.36283919973758,3.7269706509455096,0.0,-77.44154,-74.778435,-80.14945,-79.02898,-76.639725,-78.09643,-67.28076,-66.496,-82.79862,-82.83686,-79.53885,-71.867004
14895.47773917043,17.478406820493607,2.8421649931942534,0.0,-78.74668,-74.690125,-81.839554,-80.15955,-76.61888,-77.100334,-64.73722,-67.98691,-84.748825,-84.785194,-77.05818,-71.86863
14898.79743556873,16.680334895779954,2.043756238776313,0.0,-76.47317,-73.96034,-80.33457,-80.42612,-78.0764,-76.806274,-62.501396,-68.6646,-83.12178,-84.35521,-77.37027,-72.4476
14902.117131967028,15.95864456205948,1.3217613125320775,0.0,-78.438194,-73.935524,-77.47803,-78.34187,-78.41413,-76.992455,-63.038982,-69.47985,-81.478546,-80.704704,-78.18565,-75.979805
14905.436828365328,15.808173032144367,2.504297319357657,0.0,-73.009514,-74.9367,-78.57875,-78.718956,-80.388725,-76.282394,-62.763702,-68.494606,-80.04109,-85.1618,-80.30774,-72.31131
14908.756524763628,15.670534101031288,3.58598361625396,0.0,-76.38773,-77.42814,-79.36983,-77.91807,-77.81846,-75.221,-69.803635,-68.11311,-76.79576,-81.69152,-75.35726,-72.61201
14912.076221161926,15.559283737982987,4.46028561977083,0.0,-78.24606,-80.309784,-79.55234,-78.146774,-77.20567,-73.344215,-70.057915,-68.99004,-76.82284,-80.87725,-75.31705,-73.51335
14915.395917560223,15.460991187061389,5.232753878271948,0.0,-78.94481,-81.55896,-78.4693,-78.711876,-76.06528,-70.097786,-67.67145,-70.885826,-76.54775,-80.179825,-75.62295,-69.20564
14918.715613958524,15.343337899953935,6.157375621697027,0.0,-79.93901,-80.813446,-76.46917,-80.70057,-74.775055,-66.98348,-64.51179,-75.25155,-76.68201,-79.99542,-73.52651,-67.74853
14922.035310356823,15.210420847320476,7.201953295286618,0.0,-79.92252,-79.41207,-76.967384,-82.9043,-74.41392,-68.776665,-61.473152,-78.98213,-75.67876,-81.485245,-72.125305,-67.591644
14925.355006755122,15.062104480340704,8.36755215943109,0.0,-78.57897,-77.558815,-82.203674,-83.71417,-75.83255,-71.37205,-57.795147,-79.53558,-75.72594,-76.34093,-72.734344,-68.556526
14928.67470315342,14.939311158651256,9.3325687600957,0.0,-79.104805,-76.54296,-78.55532,-79.99281,-75.23489,-69.76508,-57.721676,-78.312195,-73.776215,-75.75016,-72.955055,-69.07994
14931.99439955172,14.80949623470403,10.35276721144076,0.0,-78.77536,-78.51587,-75.30468,-74.979004,-73.92143,-67.66132,-61.32672,-75.45393,-73.81738,-78.08216,-72.20248,-69.307365
14935.31409595002,14.697170651259754,11.235519230945592,0.0,-78.67781,-78.52958,-76.51608,-77.21044,-74.32451,-67.519104,-63.02598,-75.11721,-73.78357,-76.942764,-69.82963,-69.48641
14938.63379234832,14.568666103563542,12.24541960729806,0.0,-76.97441,-79.40452,-78.01362,-81.222336,-71.1275,-67.96032,-63.829914,-77.77009,-72.55671,-76.34672,-64.89928,-70.81936
14941.953488746618,14.413770714562444,13.462722142125653,0.0,-79.213165,-78.802536,-76.39345,-78.67198,-65.34354,-64.8003,-66.02685,-80.691246,-71.58162,-74.686714,-64.308464,-74.302155
14945.273185144915,14.265024079667048,14.631702425353817,0.0,-79.46604,-78.923546,-74.5009,-76.22571,-63.741814,-64.03181,-69.81625,-83.08008,-78.757355,-71.933174,-66.479416,-75.84024
14948.592881543216,14.117066029064931,15.794485328109072,0.0,-80.580475,-78.62161,-74.37579,-79.95755,-63.863457,-66.58595,-74.41077,-82.44883,-81.62223,-70.570045,-68.565414,-79.677986
14951.912577941515,15.12424747929234,15.379582551682375,0.0,-79.4703,-78.870384,-77.49257,-76.936775,-64.99556,-65.26765,-72.1075,-82.547745,-82.55615,-71.260895,-72.28068,-76.603615
14955.232274339814,16.12237533847129,14.968409351551776,0.0,-79.07181,-78.1399,-79.92689,-77.112206,-68.79585,-64.4879,-70.06682,-79.81522,-82.588264,-75.00384,-70.71195,-72.29202
14958.551970738114,16.89553293066833,14.64991139714098,0.0,-79.38021,-77.02713,-79.50312,-79.722595,-73.29484,-71.14194,-71.655235,-79.07313,-79.92954,-79.09634,-69.06835,-71.50955
14961.871667136413,17.965893332663697,14.208982404192588,0.0,-78.1602,-77.82972,-81.847664,-82.08943,-74.040535,-74.18299,-77.584015,-79.36737,-78.74037,-78.1422,-69.82263,-74.70363
14965.191363534712,18.85786818091315,13.841538344378025,0.0,-78.061195,-77.720665,-84.18838,-82.55042,-72.52637,-71.383514,-78.138214,-80.035934,-80.93626,-77.15141,-71.63205,-78.239624
14968.511059933013,19.025951865510777,14.9706753882261,0.0,-78.58378,-77.1951,-79.47998,-83.3496,-75.588066,-77.029434,-80.01615,-80.64136,-78.00998,-78.608025,-71.729126,-79.13561
14971.83075633131,19.171617442890064,15.94921414305058,0.0,-81.12038,-75.03449,-76.24655,-82.61298,-75.86945,-79.6256,-77.58539,-80.6501,-76.48618,-79.41608,-72.33312,-78.7182
14975.15045272961,18.443597014307777,16.498462415182725,0.0,-82.81428,-73.44092,-75.48487,-78.39146,-75.523224,-74.77887,-74.07376,-79.05174,-81.296524,-79.804794,-73.8781,-74.92349
14978.470149127908,17.711810404229812,15.854983951264892,0.0,-82.00015,-74.179825,-76.58832,-77.57428,-75.58293,-73.78125,-74.39704,-78.76849,-80.85347,-79.51015,-73.109634,-73.83926
14981.789845526208,16.874905976537622,15.119072733211816,0.0,-80.36237,-75.58432,-78.3532,-78.23251,-72.59601,-68.37766,-72.01847,-78.841866,-81.57258,-78.45911,-71.12619,-72.12925
14985.109541924508,16.10321459565174,14.440504995632992,0.0,-79.052086,-78.86897,-80.45832,-78.78021,-69.681786,-64.49936,-68.018906,-79.95698,-78.67805,-76.81016,-68.52146,-70.873146
14988.429238322806,15.3023967189762,13.736325594063706,0.0,-77.7061,-81.26002,-78.25118,-79.457664,-67.54019,-62.47827,-66.179214,-79.69769,-73.08673,-75.837456,-65.51183,-71.810394
14991.748934721105,14.590840649248657,13.110636355651826,0.0,-77.77881,-79.8278,-77.325356,-79.81737,-66.730835,-65.83875,-65.269554,-79.619606,-71.56338,-75.86051,-63.85674,-72.63766
14995.068631119404,13.960410978563322,12.556283610583687,0.0,-77.74741,-78.496185,-76.68005,-80.12435,-67.84862,-68.99635,-64.14288,-79.84365,-71.25603,-75.98917,-63.74922,-73.92162
14998.388327517703,13.157863578561647,11.850583395435846,0.0,-75.41478,-77.10419,-75.76875,-78.810165,-71.19353,-72.535675,-62.47092,-79.90571,-71.05087,-74.63304,-66.44561,-73.62131
15001.708023916002,12.59358285279097,11.35439708970572,0.0,-75.429276,-76.06528,-75.29245,-77.55883,-72.96615,-72.890366,-61.49299,-79.90252,-70.38659,-73.98574,-68.78142,-72.978195
15005.0277203143,12.018719992714123,10.848905645791149,0.0,-75.202354,-74.14854,-74.50579,-74.7161,-74.45665,-71.71146,-63.265736,-75.736176,-69.80547,-73.87958,-70.383095,-73.45313
15008.3474167126,11.31643490637284,10.231368617417331,0.0,-73.60912,-72.8197,-73.47786,-71.06704,-74.09769,-69.60537,-66.37883,-72.06497,-68.46168,-74.56775,-70.97987,-74.7529
15011.6671131109,10.51002770166258,9.522274378423331,0.0,-70.92104,-72.85573,-74.02177,-69.26345,-73.98614,-68.81972,-67.92461,-70.36264,-67.13367,-76.22655,-71.764824,-76.61095
15014.9868095092,9.938425699323014,9.019650289143213,0.0,-70.6693,-72.942924,-74.62538,-68.78126,-73.799736,-68.96504,-68.210106,-70.147316,-66.98032,-76.934845,-72.95615,-77.32255
15018.306505907498,9.044807310975328,8.233869051903248,0.0,-70.16688,-72.84077,-77.330986,-70.83436,-73.559,-71.26585,-69.58105,-70.20533,-65.870316,-73.40453,-80.62518,-75.44714
15021.626202305795,8.344724334244965,7.618268394173963,0.0,-71.35122,-70.28198,-79.74959,-70.68848,-72.27321,-74.19551,-68.73542,-71.302444,-62.197987,-71.041855,-85.06379,-73.90144
15024.945898704096,7.494318724580329,6.870485245537491,0.0,-72.17075,-68.682495,-82.1358,-71.59042,-69.89508,-77.72267,-68.39763,-72.18777,-60.726326,-68.995766,-81.842094,-72.44987
15028.265595102395,6.6179557590532525,6.099877137756232,0.0,-71.08122,-70.7063,-82.03723,-76.81157,-74.31112,-78.53574,-67.922386,-75.984055,-61.152065,-68.070816,-82.526505,-72.439575
15031.585291500694,5.780651784396795,5.3636145879579615,0.0,-69.36653,-74.64356,-76.98466,-79.57027,-77.13826,-77.47143,-70.470146,-77.04973,-63.149376,-69.774155,-83.76188,-73.991005
15034.904987898994,5.164642473085623,4.821942029396983,0.0,-67.29869,-75.955414,-74.60178,-79.084015,-78.90923,-78.00647,-71.38156,-77.36887,-64.35118,-78.32151,-82.44963,-75.765724
15038.224684297293,4.516570935435514,4.252076344765868,0.0,-65.84039,-73.90556,-74.56258,-79.139755,-80.19618,-79.72656,-70.46905,-76.81764,-65.899925,-79.61014,-82.73552,-76.16823
15041.544380695592,3.9428034942664247,3.747548130386246,0.0,-65.26918,-70.60025,-75.86161,-80.49844,-80.59481,-81.25011,-68.8866,-74.81337,-67.90005,-76.17633,-84.0141,-75.389175
15044.864077093893,3.098360586390391,3.0050081361542,0.0,-66.05875,-69.83939,-74.87922,-79.3474,-80.496635,-80.85977,-69.58816,-74.64005,-70.57986,-74.390205,-89.88852,-76.32808
15048.18377349219,2.2739533010331243,2.280085971251718,0.0,-67.822205,-70.09541,-73.89193,-77.64594,-78.618034,-79.36906,-72.91663,-74.462845,-72.03691,-73.70183,-96.4262,-80.12794
15051.50346989049,1.6339015108672252,1.7172722533019815,0.0,-68.46869,-71.11018,-75.05132,-76.93661,-77.67418,-78.46212,-73.254166,-79.90329,-73.295006,-74.56148,-94.70724,-81.121124
15054.823166288788,2.612075659376168,2.1035590781565894,0.0,-67.60804,-70.40641,-73.738945,-77.49556,-78.389435,-79.559235,-72.80764,-74.082794,-72.01483,-73.83029,-95.92268,-80.18194
15058.142862687087,3.661643800164552,2.5180398177996413,0.0,-65.64574,-70.92734,-75.350395,-79.39865,-80.016,-81.88705,-67.775955,-74.06489,-72.52885,-74.35571,-89.43699,-75.88115
15061.462559085388,4.390805675825718,2.805990205962662,0.0,-63.297142,-71.598785,-76.71602,-80.540855,-80.296745,-83.290726,-66.07137,-73.140495,-72.3321,-74.605515,-85.839066,-75.41093
15064.782255483686,5.079048230965495,3.0777813095816065,0.0,-62.873116,-73.0647,-77.28952,-80.32665,-80.02465,-82.045456,-67.173004,-74.56135,-70.53867,-75.57761,-84.85517,-76.17339
15068.101951881985,5.848619951609528,3.381689787349728,0.0,-62.687763,-74.34423,-76.62645,-79.63802,-79.44545,-79.62747,-69.819725,-74.65915,-67.964554,-79.07012,-83.981224,-77.82751
15071.421648280284,6.847490418551203,3.7761497122047256,0.0,-63.681564,-74.685814,-79.29463,-80.18723,-78.28786,-77.86661,-69.300735,-73.19953,-66.85194,-80.14898,-81.2052,-77.63645
15074.741344678583,7.635592254817312,4.0873758435202765,0.0,-65.686775,-74.87593,-83.022835,-79.83008,-77.80155,-77.582504,-65.66957,-72.199684,-65.9947,-78.56714,-80.49858,-75.88501
15078.061041076882,8.706063770971385,4.510111451185617,0.0,-68.38739,-75.074875,-82.6839,-77.630646,-77.885414,-75.646454,-65.55234,-71.22725,-69.22235,-75.19176,-80.86623,-72.83263
15081.38073747518,9.73275359328016,4.9155574059522005,0.0,-71.15579,-74.50629,-79.0884,-76.26137,-78.91741,-73.17402,-65.68867,-72.21828,-74.64556,-72.054825,-82.479095,-70.118965
15084.70043387348,10.487792462314268,5.2137267736517945,0.0,-72.11337,-74.05142,-76.8688,-77.50451,-79.42063,-72.77359,-66.05574,-72.49541,-76.487305,-72.8,-83.77795,-69.102
15088.02013027178,11.225581882485352,5.5050842307708985,0.0,-73.42367,-73.676056,-76.01319,-79.41711,-78.95463,-72.57018,-66.6554,-73.56713,-76.67562,-74.29327,-83.20382,-68.815994
15091.33982667008,12.16858317780694,5.87748108541976,0.0,-77.53504,-74.9879,-74.787476,-80.490105,-77.856964,-72.18311,-67.54741,-75.3307,-76.16935,-76.838425,-78.0361,-66.19815
15094.659523068378,12.976590269072354,6.196567921051943,0.0,-81.6514,-78.87919,-75.55373,-81.834114,-76.17654,-73.37028,-70.46432,-77.88501,-76.24482,-79.94692,-73.68862,-65.778946
15097.979219466675,14.12405041419699,6.649706799014584,0.0,-82.309044,-79.90321,-75.52309,-82.589226,-75.14978,-71.01009,-67.600525,-78.49027,-76.70013,-82.036415,-72.759285,-65.585556
15101.298915864976,14.846450190070207,6.934986793505456,0.0,-80.85274,-79.47848,-76.45856,-82.7335,-74.51509,-69.13425,-63.77002,-78.41817,-76.03215,-81.87607,-72.28427,-66.75337
15104.618612263275,15.583939896628848,7.226225891925455,0.0,-79.64111,-79.60906,-76.85166,-82.815025,-74.14856,-68.00036,-59.71081,-78.85919,-75.531,-81.462746,-72.51627,-68.372444
15107.938308661574,16.56015456440289,7.611738906111888,0.0,-78.89403,-79.903015,-76.42475,-82.04282,-73.02798,-68.93687,-50.5906,-77.97935,-75.94603,-81.43389,-73.315956,-69.943436
15111.258005059874,17.43054551388346,7.955461500671913,0.0,-79.04009,-78.356834,-75.49369,-80.90778,-72.07357,-70.71722,-54.937866,-75.503105,-76.53343,-81.69203,-74.22717,-71.04404
15114.577701458173,18.17079600392078,8.247790849008776,0.0,-78.45411,-76.38557,-74.99489,-80.04042,-72.07905,-71.30898,-62.215977,-74.50165,-76.11556,-82.444275,-74.37457,-71.953835
15117.897397856472,19.124245988901706,8.624313953731358,0.0,-78.587296,-74.58974,-74.789665,-79.10961,-74.551834,-71.911674,-68.046616,-76.891205,-74.964554,-83.46233,-74.41421,-74.363785
15121.217094254773,18.41409175974711,9.538983963443746,0.0,-78.70968,-75.24279,-79.07789,-80.02807,-71.5832,-72.858574,-66.09397,-73.20032,-73.753815,-81.6259,-77.72171,-71.47038
15124.53679065307,17.734637431268283,10.414112874481406,0.0,-82.094505,-79.26417,-83.365395,-82.68233,-73.02404,-70.83265,-66.72303,-73.910614,-72.01689,-78.38968,-78.280014,-72.31496
15127.85648705137,17.17953573470901,11.129077108078471,0.0,-81.71772,-80.722855,-82.92237,-80.98643,-73.41328,-68.68121,-67.580666,-74.25521,-76.09681,-78.854126,-74.088684,-72.236115
15131.176183449668,16.685422846945276,11.765488497739414,0.0,-80.77765,-80.49319,-83.73131,-77.16043,-70.90685,-66.49527,-68.10238,-74.06749,-77.91461,-77.617134,-71.108765,-71.61827
15134.495879847967,15.9725989761013,12.6835969734775,0.0,-77.81893,-80.94,-83.02239,-78.171455,-70.13989,-63.849686,-66.08616,-75.54956,-75.56531,-76.76111,-66.813225,-71.08168
15137.815576246268,15.433899753196096,13.377435020507551,0.0,-76.62387,-81.21078,-78.800446,-80.59031,-68.659775,-63.293785,-65.74213,-78.574585,-73.018036,-77.312515,-64.91237,-71.443756
15141.135272644566,14.86159950545902,14.1145507788397,0.0,-78.499374,-80.37468,-77.03789,-77.75457,-65.26914,-62.423218,-67.0855,-81.33718,-75.681244,-73.383446,-66.729034,-72.95074
15144.454969042865,14.167163658271091,15.008975703758,0.0,-79.051865,-79.76382,-73.94861,-77.224724,-63.659584,-64.23955,-71.539154,-83.059204,-80.09109,-71.36049,-66.97554,-77.15558
15147.774665441164,13.591016627540034,15.75104607179888,0.0,-79.905075,-79.25969,-74.121895,-80.25275,-64.48178,-66.36579,-73.76999,-81.688774,-81.908134,-70.351036,-65.19779,-79.191826
15151.094361839465,13.0006153677355,16.511475713515566,0.0,-83.7959,-77.96003,-77.16899,-76.570694,-61.81013,-74.19364,-72.28743,-81.979355,-82.21154,-69.48715,-71.927086,-79.92717
15154.414058237762,12.282299998480797,15.862697291306493,0.0,-81.93114,-79.84803,-76.412834,-75.38418,-62.893177,-72.8606,-72.41057,-81.62092,-81.99268,-69.92312,-69.97298,-79.45669
15157.73375463606,11.62144223979666,15.265814261463245,0.0,-79.96235,-80.94904,-76.27756,-72.04223,-64.09407,-72.33738,-73.36842,-81.91188,-78.58807,-70.7036,-70.20525,-79.695114
15161.05345103436,10.899724037761596,14.613962419727343,0.0,-78.11841,-80.07786,-75.62204,-69.356,-65.10329,-72.728035,-72.62403,-80.91836,-74.03893,-69.67011,-71.684456,-80.33947
15164.37314743266,10.250831852596882,14.027886628934,0.0,-76.09983,-78.22247,-73.5997,-67.9216,-65.4467,-72.98747,-71.475296,-79.854935,-73.381645,-66.88867,-72.81941,-82.255615
15167.69284383096,9.48550527540102,13.3366479467616,0.0,-75.39599,-77.307274,-72.028244,-67.62997,-65.83907,-72.02538,-70.06489,-77.08986,-72.236275,-62.702164,-73.71897,-82.55819
15171.012540229258,8.76392450798926,12.684920235208462,0.0,-75.029884,-75.52585,-71.33657,-67.94108,-66.23515,-72.04512,-70.4629,-79.90068,-71.09406,-60.007225,-74.00854,-80.57948
15174.332236627555,8.088345423005137,12.074740985823592,0.0,-74.97035,-73.82617,-71.1383,-67.98179,-67.63676,-72.38886,-70.84575,-81.46904,-69.876434,-57.76979,-75.68743,-80.21269
15177.651933025856,7.389175680303906,11.443254786389108,0.0,-73.71154,-73.08483,-68.91707,-68.058716,-70.60274,-74.6061,-71.27707,-80.92655,-68.122444,-56.7191,-79.96312,-78.834785
15180.971629424155,6.5837657756645065,10.715813067154182,0.0,-72.377106,-72.76509,-67.837006,-69.323555,-72.10929,-76.90172,-72.429184,-77.958694,-65.32435,-58.01842,-87.74606,-78.8588
15184.291325822454,6.025548167394683,10.211634046846733,0.0,-69.86767,-72.77477,-68.714516,-70.593,-72.50025,-77.79541,-72.24282,-76.310005,-62.955578,-58.965595,-89.5643,-80.779625
15187.611022220754,5.366602770979855,9.616478251904583,0.0,-65.960236,-70.02896,-70.76779,-71.164314,-72.017654,-78.60975,-72.40136,-75.32483,-61.551376,-61.067947,-84.88734,-81.745
15190.930718619053,4.602470600683136,8.926318351360235,0.0,-65.04972,-67.601006,-72.56238,-71.85633,-71.95762,-78.085075,-72.653915,-75.622505,-62.00295,-62.785233,-80.5515,-82.80242
15194.250415017352,4.038543917287216,8.416982926343772,0.0,-64.65932,-65.95184,-75.5348,-74.52087,-77.97742,-77.89058,-72.13502,-76.47426,-62.861332,-62.713425,-80.18551,-82.64199
15197.57011141565,3.279454905976736,7.731377978777024,0.0,-63.897358,-62.99103,-76.17613,-76.27635,-78.70221,-77.23631,-73.895004,-76.94899,-64.855316,-62.0639,-81.51112,-81.46839
15200.88980781395,2.466991510535397,6.997565586117282,0.0,-65.85706,-59.39461,-72.08824,-74.939125,-76.391945,-75.05107,-79.828094,-77.09766,-67.28251,-64.23658,-81.83052,-80.10326
15204.20950421225,1.599596314007103,6.214139098084257,0.0,-66.24861,-56.969322,-71.64101,-73.97315,-78.195496,-75.50721,-81.00255,-76.02668,-68.30869,-67.79112,-85.08153,-78.942764
15207.529200610548,1.769842353564092,7.313301673877966,0.0,-66.69502,-57.753407,-71.3731,-74.103455,-76.2029,-76.03405,-77.276184,-76.189804,-69.351814,-64.460075,-82.93681,-80.8447
15210.848897008847,1.8931684337571384,8.109534069769644,0.0,-66.931206,-60.38068,-70.71111,-75.47138,-76.33828,-78.09502,-71.76736,-77.17619,-69.74013,-65.29763,-82.22758,-82.51244
15214.168593407148,2.033976504004027,9.018635753355673,0.0,-69.62335,-63.914753,-75.49173,-76.39175,-77.81413,-79.663086,-67.310776,-75.802895,-70.58639,-68.99368,-82.13655,-82.58059
15217.488289805446,2.1975295616287998,10.074586309184046,0.0,-73.85889,-66.283455,-71.04733,-72.875206,-75.03716,-80.14444,-68.13246,-78.14401,-70.170975,-75.54614,-83.219284,-80.77074
15220.807986203745,2.324405977979253,10.89374080444358,0.0,-78.1023,-67.63617,-66.46465,-70.34886,-71.84815,-80.298134,-69.97566,-80.127365,-69.278694,-82.3184,-84.97437,-78.96207
15224.127682602044,2.483245645295053,11.919260213408206,0.0,-79.020805,-71.10369,-64.72804,-68.28636,-74.16511,-78.305176,-75.569046,-83.74413,-70.214935,-81.32773,-85.003395,-79.52585
15227.447379000345,2.636194670411051,12.906747762893083,0.0,-82.35703,-78.364075,-63.53751,-66.67351,-76.14206,-75.877205,-80.65436,-83.778206,-72.53065,-78.34278,-78.731995,-83.96124
15230.767075398642,2.80338843426068,13.986203875985725,0.0,-78.31668,-78.33628,-66.07602,-64.28286,-76.366585,-75.312195,-77.107315,-82.185394,-73.100716,-79.25568,-83.18133,-85.336815
15234.08677179694,2.934265788013404,14.831189695557484,0.0,-74.02811,-78.622154,-70.565796,-62.725708,-76.295494,-74.819786,-73.21309,-80.35564,-73.14086,-81.016846,-88.67242,-84.239746
15237.40646819524,3.05828317065604,15.631885359922958,0.0,-72.770515,-78.49383,-72.834236,-61.46663,-76.89413,-74.664444,-71.31191,-80.29779,-73.50689,-80.983665,-86.7994,-83.98534
15240.72616459354,3.1762975480718816,16.393823713370914,0.0,-74.35086,-77.20001,-73.54875,-62.04957,-77.955376,-75.33788,-70.292854,-79.91154,-75.76803,-79.85601,-81.495575,-83.95916
15244.04586099184,3.1649011580074005,15.147846627946702,0.0,-73.96006,-78.46767,-71.036896,-62.21513,-76.52022,-74.48022,-72.10474,-80.494576,-73.41003,-80.205376,-87.64624,-83.70937
15247.365557390138,3.157195728768732,14.305405450484631,0.0,-77.33567,-78.31749,-67.777435,-63.58633,-76.386696,-75.17156,-74.96658,-81.27343,-73.289986,-78.948975,-86.411415,-84.555984
15250.685253788435,3.149873716370242,13.504883564510903,0.0,-80.396736,-78.317245,-65.14468,-65.33879,-76.64871,-75.79046,-78.49202,-82.693245,-72.80607,-77.14971,-81.36316,-85.05764
15254.004950186736,3.141411107372575,12.579659275561603,0.0,-81.77807,-73.489426,-64.46541,-67.07719,-76.40343,-77.08486,-80.46842,-81.59145,-71.3471,-78.125244,-78.548134,-83.73851
15257.324646585035,3.133565669273436,11.721910809483084,0.0,-78.98067,-69.39457,-65.43515,-69.08558,-75.5544,-79.169685,-75.39357,-82.215805,-68.733215,-80.35781,-81.14884,-79.83305
15260.644342983334,3.1234787548085428,10.619099812774378,0.0,-71.228065,-66.1785,-67.464066,-72.11629,-74.35407,-81.04376,-71.10812,-79.158745,-67.094765,-76.710396,-83.44843,-78.92336
15263.964039381632,3.1120363597897,9.36809296629194,0.0,-65.37551,-64.81441,-73.59417,-75.59818,-77.75344,-80.16324,-69.03962,-75.504555,-66.84429,-66.1313,-80.8669,-81.97534
15267.283735779933,3.101355069680227,8.200298371348175,0.0,-64.06444,-64.127075,-76.51369,-76.53008,-79.648865,-78.47137,-71.22044,-76.508995,-66.28994,-62.690586,-81.02264,-82.24218
15270.603432178232,3.091650605920015,7.139301037706626,0.0,-64.8706,-61.15234,-72.90073,-75.86515,-76.56976,-75.6853,-78.00978,-77.120255,-66.05351,-62.897278,-81.94284,-80.18054
15273.92312857653,3.080366046699118,5.905550514181488,0.0,-66.34874,-61.638504,-72.60325,-76.3301,-78.5995,-75.07047,-77.21829,-77.55974,-66.60272,-66.46887,-83.386604,-76.25308
15277.24282497483,3.069097470319344,4.673547408363733,0.0,-65.36506,-64.53443,-73.594666,-78.55319,-82.07868,-79.55228,-72.1934,-75.787224,-67.006996,-75.945274,-84.457954,-75.01336
15280.56252137313,3.058022596295276,3.462721946978728,0.0,-65.73234,-68.60716,-75.39682,-79.6192,-81.17043,-80.95614,-69.55502,-74.890465,-69.18553,-74.65615,-87.528076,-75.26212
15283.882217771428,3.049761731367535,2.5595545099646717,0.0,-66.57036,-70.26578,-74.382774,-78.44812,-79.684364,-80.41306,-70.498886,-74.3281,-71.74104,-74.209236,-93.06677,-78.21677
15287.201914169727,3.042591691648717,1.7756479272062768,0.0,-67.34048,-71.0856,-74.176384,-77.39181,-78.35473,-79.9762,-72.542725,-73.76672,-73.10248,-73.931114,-95.0987,-79.922134
15290.521610568028,2.978660689899382,2.7649591404195704,0.0,-66.38325,-70.15154,-74.455,-78.65865,-79.99049,-80.48334,-70.29278,-74.45033,-71.217,-74.281075,-92.1727,-77.78941
15293.841306966326,2.9114817913084408,3.804530488416304,0.0,-65.64011,-66.49306,-74.81973,-79.93435,-81.57179,-80.53395,-69.97562,-75.06024,-68.3404,-74.827415,-86.63327,-75.03116
15297.161003364625,2.850281766029121,4.75158073948481,0.0,-65.41998,-63.89813,-73.36979,-78.44055,-82.01054,-79.31432,-72.78396,-75.87893,-67.34441,-74.95717,-84.8242,-74.96281
15300.480699762924,2.792188965594787,5.650547708624265,0.0,-66.00274,-61.763744,-72.746346,-76.099106,-79.91707,-75.84534,-76.86418,-77.058945,-66.883835,-67.34014,-83.534485,-76.0438
15303.800396161225,2.7195711933932105,6.774283835883308,0.0,-65.93395,-59.68533,-72.31865,-75.46006,-76.80935,-74.61273,-80.64568,-77.47755,-66.937584,-64.43074,-82.14528,-79.57717
15307.120092559522,2.6685671603445917,7.56355446254959,0.0,-64.863884,-60.81431,-73.12683,-75.69911,-76.72696,-76.93518,-75.766365,-76.70118,-67.269066,-63.340923,-81.183586,-81.04739
15310.43978895782,2.594933952248208,8.703004126114086,0.0,-64.63565,-64.05588,-75.94054,-76.68307,-79.01483,-79.72838,-67.7856,-74.80602,-68.964096,-64.69019,-81.06738,-82.8687
15313.75948535612,2.5400282369985576,9.552652000848664,0.0,-67.86401,-64.87481,-73.98539,-75.479256,-75.99286,-80.14229,-68.08691,-76.02395,-69.25515,-70.693954,-81.89067,-81.53694
15317.07918175442,2.467746969382752,10.671180830382168,0.0,-76.698616,-67.36798,-67.00474,-71.066246,-72.06841,-80.423164,-69.55536,-79.50938,-68.8559,-81.566124,-84.63698,-79.05341
15320.39887815272,2.3909574622325067,11.859473183108378,0.0,-78.83545,-70.89676,-64.792816,-68.37966,-73.62472,-78.44378,-74.951546,-83.76972,-70.2579,-81.57405,-85.84286,-79.259445
15323.718574551018,2.3334677622206628,12.749107371682271,0.0,-80.340195,-77.79157,-63.60352,-67.03011,-75.47168,-76.13966,-81.28723,-84.19857,-71.88563,-79.32347,-78.655556,-83.04963
15327.038270949315,2.254728615710564,13.967569751901364,0.0,-77.461685,-78.16265,-66.739,-64.14396,-76.34199,-75.8421,-78.31437,-82.30266,-72.854904,-80.756454,-81.63759,-85.53382
15330.357967347616,2.1947301023849013,14.896027000888914,0.0,-73.22896,-79.358536,-71.36787,-64.00198,-76.54637,-76.35432,-74.51301,-80.20331,-72.98285,-82.64194,-86.466225,-85.38641
15333.677663745915,2.1349261879621797,15.821472895893416,0.0,-72.261925,-78.5597,-72.970856,-69.203926,-77.93335,-76.917534,-72.87733,-79.127556,-73.7292,-82.39431,-88.591705,-85.712875
15336.997360144214,3.1666864236243137,15.87845435470279,0.0,-73.469864,-78.214066,-72.90745,-61.1247,-77.25071,-74.69266,-70.66439,-80.24385,-73.600235,-80.56313,-84.221,-83.83397
15340.317056542512,4.2182590925202215,15.93653000313995,0.0,-76.86534,-77.22702,-70.731705,-61.151634,-77.72336,-74.82443,-70.78635,-81.13851,-74.125656,-75.85039,-78.274124,-81.642845
15343.636752940813,5.396485383223905,16.001600404703517,0.0,-76.377396,-77.671074,-68.7035,-61.96451,-77.23651,-75.24746,-73.03641,-81.017876,-75.636894,-71.77906,-76.44776,-79.55774
15346.956449339112,6.630174163960021,16.06973385665613,0.0,-80.13112,-78.32228,-68.16173,-61.664814,-77.18536,-75.46811,-73.385445,-77.701836,-76.02491,-73.091484,-74.76107,-77.51813
15350.27614573741,7.683775397282979,16.12792153747867,0.0,-81.320114,-79.12237,-68.73745,-62.093895,-75.252365,-73.7523,-73.17327,-76.306526,-75.51678,-71.20613,-74.79155,-77.11044
15353.59584213571,8.605071692303865,16.178802357529147,0.0,-80.746704,-80.20398,-69.91909,-63.670753,-73.038956,-72.90468,-73.410675,-77.2611,-75.81199,-67.77177,-74.79818,-78.267624
15356.91553853401,9.411406590677569,16.22333415591616,0.0,-81.1186,-81.019806,-71.87051,-65.27832,-70.73351,-73.2624,-73.79359,-80.23038,-76.27529,-67.58816,-74.98659,-78.982216
15360.235234932308,10.562318346658426,16.286896046120777,0.0,-81.26906,-80.50083,-73.80885,-69.72079,-67.02905,-73.56163,-75.08143,-83.16201,-78.773186,-68.53651,-75.19961,-80.066086
15363.554931330607,11.723320105098166,16.3510151811577,0.0,-82.551025,-79.47972,-76.92715,-73.37163,-63.18076,-74.08844,-73.708275,-82.67816,-81.240135,-70.513336,-73.637566,-80.081
15366.874627728906,12.670991457135235,16.403352627634565,0.0,-83.66378,-78.371,-77.50177,-75.79642,-61.969296,-74.49889,-72.06511,-81.95267,-82.26229,-69.47958,-72.09716,-79.89381
15370.194324127206,13.632079898683312,16.4564310653872,0.0,-83.12335,-77.65435,-75.96449,-78.93911,-63.206738,-71.73659,-73.16144,-82.0263,-81.58054,-69.70871,-68.247665,-80.205246
15373.514020525505,14.392912212634709,16.49844987330379,0.0,-82.61991,-77.04036,-76.509224,-80.52277,-64.16814,-71.98112,-75.391235,-83.00924,-80.57568,-70.183044,-73.30126,-81.835
15376.833716923804,15.219086907757765,16.544077372535035,0.0,-83.37139,-76.65747,-76.242775,-80.254944,-65.440414,-72.92962,-76.980995,-83.87869,-79.70061,-70.799095,-79.75621,-83.378075
15380.153413322105,16.44380255853291,16.611715261645053,0.0,-83.53193,-76.28188,-76.85991,-78.13788,-70.27203,-71.47378,-75.27236,-81.99294,-81.07684,-72.91177,-78.06148,-77.87487
15383.473109720402,17.23172995078333,16.56451762219896,0.0,-83.3192,-74.47718,-75.609856,-76.79062,-72.89735,-71.85087,-73.88613,-78.973656,-82.74513,-75.96983,-75.85693,-74.94399
15386.7928061187,18.161766109535822,16.508807525400243,0.0,-82.88626,-73.23293,-75.52761,-77.22939,-75.35865,-73.45926,-73.52261,-78.670555,-82.681244,-79.64987,-74.0878,-74.58973
15390.112502517,19.24414979869764,16.443971659042706,0.0,-82.354774,-74.02467,-75.467384,-82.10929,-75.51914,-79.57965,-75.78849,-80.22028,-77.98226,-79.192474,-73.275215,-77.464325
15393.4321989153,18.71429823789541,15.73743730863721,0.0,-81.21719,-75.285225,-76.56725,-82.01991,-77.98543,-79.20819,-77.42596,-80.29788,-76.7286,-80.0765,-72.116295,-76.90913
15396.7518953136,18.00915748054637,14.797162326369117,0.0,-79.24589,-76.995476,-79.18679,-81.79332,-77.39708,-77.06749,-77.4573,-79.788574,-77.64096,-79.30217,-70.41826,-74.81734
15400.071591711898,17.38059950875428,13.959007206810863,0.0,-77.45794,-78.54052,-82.61208,-80.95224,-72.41486,-71.607216,-74.86145,-78.820404,-79.689415,-78.12175,-68.19456,-73.41751
15403.391288110195,16.872384765081375,13.281324624836822,0.0,-77.58624,-79.688126,-84.58963,-79.4241,-70.44161,-68.01814,-70.16223,-77.11922,-78.652245,-77.22311,-67.97438,-72.47462
15406.710984508496,16.14251432968816,12.308073676646826,0.0,-79.4711,-80.875,-83.6945,-76.96706,-70.50368,-64.68901,-66.616905,-74.628044,-76.524994,-76.651596,-68.49576,-71.35587
15410.030680906795,15.523523867733394,11.48267642145662,0.0,-81.56175,-80.28731,-78.75391,-75.23903,-72.96036,-64.99597,-64.79127,-73.33833,-76.43554,-77.44113,-69.24414,-70.48411
15413.350377305094,14.907097442947506,10.660698199953485,0.0,-79.6987,-78.84988,-75.39478,-74.85501,-73.82457,-66.69372,-62.454094,-74.22832,-74.221695,-78.08326,-71.44744,-69.43427
15416.670073703392,14.44445289901161,10.043781526492172,0.0,-77.65309,-76.94737,-74.50596,-75.608284,-74.22682,-68.406265,-60.43125,-77.29127,-72.54177,-77.23493,-72.824356,-68.9667
15419.989770101693,13.87064413244166,9.27863212590977,0.0,-76.35311,-73.799736,-74.14366,-76.87351,-74.2869,-67.35676,-61.057556,-78.53988,-70.44389,-75.919075,-72.92482,-68.32709
15423.309466499992,13.227750354413184,8.42136082307289,0.0,-75.834366,-73.430984,-74.74993,-77.84709,-74.338844,-67.78064,-64.71487,-78.49916,-71.84627,-75.01805,-73.06619,-68.131485
15426.62916289829,12.537457397038738,7.500884745792663,0.0,-77.808266,-75.84808,-76.65937,-78.918465,-75.0336,-71.43833,-68.814545,-76.57572,-76.04366,-75.95946,-74.13975,-68.810555
15429.94885929659,11.958942923605813,6.729460486763873,0.0,-77.33292,-76.286385,-74.98966,-79.79667,-76.47146,-71.83473,-69.10481,-73.836555,-78.20939,-76.602295,-75.61026,-69.10256
15433.268555694887,11.289366854624731,5.836609492367743,0.0,-73.499695,-73.52761,-75.91312,-79.72073,-78.79791,-72.40982,-66.8546,-72.890625,-77.336205,-75.13842,-82.67155,-68.789856
15436.588252093188,10.710492118743154,5.064704838802137,0.0,-72.129364,-74.02775,-76.63487,-77.528885,-79.35839,-72.741356,-66.10417,-73.047935,-75.91418,-72.68472,-83.69592,-68.98733
15439.907948491487,10.035826708451973,4.165067425864405,0.0,-70.11181,-73.70678,-78.90936,-76.13329,-78.919,-72.641914,-65.339165,-71.18362,-74.45822,-72.11881,-82.69035,-69.324165
15443.227644889786,9.45084240765262,3.385015929296384,0.0,-66.58143,-72.111885,-82.062096,-76.0704,-76.72382,-73.94432,-65.32919,-68.08403,-73.184654,-74.90788,-81.73384,-71.46862
15446.547341288086,8.895693391016087,2.644748505617049,0.0,-62.79487,-70.548744,-83.06574,-75.445885,-77.028755,-75.622284,-66.25261,-65.63723,-72.83067,-77.211,-82.856514,-71.92549
15449.867037686385,8.240559009126708,1.7711548820827618,0.0,-60.79256,-70.75267,-82.18099,-74.20654,-75.289085,-76.23404,-72.90168,-65.252556,-72.23239,-78.04706,-88.520355,-72.33238
15453.186734084684,8.831308576460323,2.811181550815986,0.0,-62.381218,-70.615715,-83.005424,-75.61036,-77.24901,-74.895874,-66.15371,-66.1544,-72.68735,-77.15732,-82.2739,-72.19698
15456.506430482985,9.225382873079557,3.5049573918989725,0.0,-65.69337,-72.49708,-82.17144,-76.366806,-76.86921,-73.44488,-65.41472,-68.614204,-72.775696,-75.3054,-82.18495,-71.90927
15459.826126881282,9.680237812778334,4.3057387954757225,0.0,-69.206474,-73.988655,-80.21233,-76.2251,-78.605034,-72.8087,-65.390076,-71.1714,-74.0164,-72.42068,-82.42304,-70.417145
15463.14582327958,10.233183474232645,5.279210916443101,0.0,-71.98354,-73.941536,-77.41693,-77.40508,-79.43689,-72.90757,-65.96978,-72.50459,-76.67471,-72.810486,-83.45068,-69.42476
15466.46551967788,10.625510613314548,5.969910851027327,0.0,-72.11469,-72.956856,-77.78024,-78.03867,-78.84155,-72.94915,-66.50825,-70.89482,-77.575874,-73.585365,-84.12169,-69.39963
15469.78521607618,11.142826852710131,6.88065664736974,0.0,-72.877464,-74.12386,-78.05058,-78.276146,-76.08957,-72.221695,-67.75045,-71.43536,-76.428856,-72.42487,-78.04117,-69.666405
15473.10491247448,11.676848684976862,7.820812980873287,0.0,-73.79652,-74.17051,-75.48206,-76.90022,-74.899536,-69.78797,-68.60966,-73.224075,-72.26275,-74.360634,-73.75733,-70.15395
15476.424608872778,12.149791051296312,8.653437668126339,0.0,-72.46368,-72.531845,-73.94049,-77.712296,-74.66304,-67.21991,-65.93987,-76.283226,-68.93129,-74.66885,-72.567215,-70.90242
15479.744305271077,12.726567859660443,9.668865009551311,0.0,-73.496765,-72.78342,-72.62426,-78.76733,-74.756645,-68.28975,-64.206764,-77.38849,-69.98023,-75.172325,-72.38604,-71.06909
15483.064001669376,13.180370322565,10.467793506253916,0.0,-74.360016,-75.45362,-74.14861,-80.44176,-75.26604,-71.41582,-61.85637,-78.77355,-70.92589,-75.53655,-72.24129,-71.08409
15486.383698067675,13.594951862995996,11.197672768559386,0.0,-74.52766,-77.45053,-76.23817,-81.21798,-75.1676,-72.23063,-62.056595,-79.17423,-71.867966,-75.570694,-70.00716,-71.4289
15489.703394465974,13.998104466051096,11.907431153383964,0.0,-75.11858,-78.7102,-77.229065,-81.69138,-72.24661,-70.58158,-63.2024,-78.87305,-71.770515,-76.41053,-65.85864,-71.79658
15493.023090864272,14.596014730599078,12.96006437569162,0.0,-77.42255,-79.88431,-77.44892,-80.20671,-67.35438,-66.55356,-65.02493,-79.34418,-71.607574,-76.21249,-63.8428,-72.19039
15496.342787262573,15.09336850586028,13.835665846550905,0.0,-78.25763,-81.206276,-77.73184,-78.88338,-66.71514,-62.093178,-66.44109,-80.20871,-73.0987,-74.76246,-65.8571,-72.18136
15499.662483660872,15.549364819834077,14.638456662830883,0.0,-78.472534,-79.99271,-79.616905,-77.21559,-66.85487,-62.724804,-68.311165,-80.71855,-80.38674,-73.198395,-69.18436,-72.254036
15502.98218005917,16.088060618068187,15.586841608801754,0.0,-79.867096,-77.56361,-79.65352,-75.82459,-68.00315,-65.8016,-72.00583,-79.8524,-83.36029,-72.755775,-73.22507,-74.14305
15506.30187645747,16.536612676328183,16.376526660982456,0.0,-82.75468,-76.21413,-77.32447,-77.24967,-70.625465,-70.680305,-74.61368,-80.71031,-81.644066,-73.466034,-76.60963,-76.045105
15509.621572855767,15.842804915444775,15.789395961149085,0.0,-80.437294,-77.52213,-79.258316,-76.7049,-67.05075,-66.32366,-73.43205,-81.25446,-82.48208,-71.82664,-74.53369,-75.73455
15512.941269254068,15.185933693380516,15.23352258806959,0.0,-78.940834,-79.13833,-78.0475,-76.406815,-65.28918,-64.62573,-71.20325,-81.94168,-82.5661,-71.44791,-71.63088,-75.488464
15516.260965652367,14.3322846969063,14.51112719129024,0.0,-79.42221,-78.90594,-74.77333,-76.20213,-63.984497,-63.937344,-69.18053,-83.00659,-78.43145,-72.20472,-66.50516,-75.5753
15519.580662050666,13.61614641828612,13.905099423355844,0.0,-81.422516,-76.39076,-74.158585,-73.812485,-63.50557,-66.32115,-67.14344,-82.65604,-73.5388,-72.71387,-62.738537,-76.32568
15522.900358448966,12.892952764233662,13.293101085836197,0.0,-82.685425,-75.50387,-73.75291,-71.521706,-62.946056,-69.37816,-65.31007,-81.51427,-71.3749,-72.51275,-60.61582,-77.969604
15526.220054847265,12.14117589996018,12.656914376311043,0.0,-81.63314,-74.93017,-73.11348,-70.628204,-64.2387,-70.814095,-63.736202,-77.50301,-72.34684,-72.03963,-61.910156,-76.112015
15529.539751245564,11.283615502986889,11.93120898007388,0.0,-79.00802,-73.290855,-73.13702,-69.81684,-68.53062,-71.29015,-63.702675,-71.22046,-72.07222,-71.586845,-67.571915,-75.08197
15532.859447643865,10.507717516420556,11.27460991396953,0.0,-77.41129,-72.275795,-73.39223,-68.304184,-71.64037,-70.31563,-67.190094,-67.69279,-71.497116,-71.30172,-71.54436,-74.233246
15536.179144042162,9.635655113759723,10.53663228149005,0.0,-72.947495,-71.96287,-73.832466,-66.55684,-72.267876,-69.80288,-69.76154,-69.96376,-70.341934,-71.51779,-74.21431,-74.26205
15539.49884044046,9.038964075090377,10.03168603143346,0.0,-70.5716,-71.991135,-74.1412,-66.108444,-72.892426,-70.27688,-71.726845,-71.716286,-69.63601,-71.70648,-76.89537,-75.78404
15542.81853683876,8.315847426878484,9.419752859649355,0.0,-69.85694,-72.41675,-74.640366,-66.922615,-73.30557,-71.70204,-72.680954,-73.885,-68.71558,-71.02873,-83.03369,-78.28189
15546.13823323706,7.750714393939294,8.941512384642182,0.0,-67.957924,-72.737335,-74.99587,-67.473625,-73.139305,-72.78538,-73.64038,-74.38323,-68.46733,-70.384476,-90.36247,-80.005516
15549.45792963536,6.94228169141486,8.257381008254884,0.0,-68.560196,-70.930984,-75.12738,-68.29502,-71.46646,-75.309235,-73.12981,-73.519,-63.977646,-67.59004,-88.67992,-77.10985
15552.777626033658,6.104541781900926,7.548448581893744,0.0,-69.224655,-69.22889,-77.80998,-71.042854,-69.46887,-77.49682,-72.96423,-74.86472,-61.089737,-64.44459,-88.52674,-74.9503
15556.097322431957,5.353198229915685,6.912628560320768,0.0,-68.813194,-68.7903,-77.41001,-77.21444,-76.3309,-76.75056,-73.06497,-76.217834,-61.68449,-62.687435,-90.73162,-73.469765
15559.417018830256,4.397906600629513,6.104218688782869,0.0,-67.00039,-68.63522,-72.7799,-77.642204,-78.058556,-75.80899,-74.45408,-77.134384,-64.23736,-64.71816,-87.461586,-73.93102
15562.736715228555,3.543967771532877,5.381578022866978,0.0,-66.16489,-65.29469,-72.59871,-77.117,-79.73003,-76.845924,-74.780876,-76.74421,-66.204956,-69.44267,-83.88815,-75.275696
15566.056411626854,2.946680698683977,4.87612738242346,0.0,-65.52572,-63.921574,-73.227005,-77.91466,-81.76957,-78.84607,-73.19672,-76.0825,-67.116646,-74.34794,-84.38529,-74.99956
15569.376108025152,2.340418178108731,4.363081322611647,0.0,-65.879585,-63.38854,-73.81425,-79.797,-82.135895,-79.890114,-72.03916,-75.55452,-67.81009,-74.47953,-86.22012,-74.939865
15572.695804423453,1.39729169837773,3.564966136683506,0.0,-68.041046,-70.1673,-77.25026,-79.0914,-80.903206,-78.93237,-73.32672,-75.377914,-71.09249,-72.990776,-91.10101,-78.96861
15576.015500821752,2.06315050221202,2.9464757339738767,0.0,-67.32659,-69.85454,-74.78827,-78.446335,-79.89185,-79.46226,-72.491875,-74.86009,-71.41943,-73.99453,-94.556114,-79.18221
15579.33519722005,2.927553425348368,2.14356540380269,0.0,-67.3529,-70.56635,-74.07181,-77.674545,-78.68208,-79.92619,-71.97641,-73.997635,-72.28995,-73.98926,-95.06707,-79.66719
15582.65489361835,3.797757717467577,1.3352664071187004,0.0,-64.552345,-71.99685,-75.483315,-77.832855,-78.902565,-82.27893,-70.82849,-75.8331,-75.1841,-74.68661,-92.04037,-77.219734
15585.974590016647,4.605164564859509,2.16909651599299,0.0,-61.391598,-72.1961,-76.89557,-80.1525,-79.982704,-84.707954,-64.33191,-71.95338,-74.56889,-74.463036,-87.22993,-75.28536
15589.294286414948,5.332411928910583,2.920143835821933,0.0,-61.86134,-72.274506,-77.55403,-80.052826,-79.96004,-82.1615,-66.9998,-73.37116,-71.30709,-75.32452,-85.337074,-75.95859
15592.613982813247,5.907900300109361,3.5144656857822056,0.0,-63.113426,-74.72285,-76.530014,-79.77069,-79.372856,-79.32789,-70.26326,-74.820786,-67.32829,-79.78702,-83.352264,-78.29028
15595.933679211546,6.725085053550605,4.358393693246279,0.0,-67.86266,-76.24018,-80.099365,-80.39824,-77.56555,-78.181076,-67.89752,-74.236115,-64.51048,-80.4105,-81.12096,-77.34214
15599.253375609846,7.409208416655618,5.0649057326028055,0.0,-70.92452,-75.2741,-83.62533,-79.33535,-77.67884,-78.72048,-66.059006,-73.30119,-63.490147,-75.72305,-79.569405,-74.09725
15602.573072008145,8.143569292780668,5.823299361874481,0.0,-72.638466,-72.40411,-83.58563,-74.329834,-74.40863,-77.470726,-66.481575,-71.6049,-62.6397,-70.9213,-79.7358,-72.347015
15605.892768406444,8.941841251049487,6.647695632508874,0.0,-71.682045,-70.57334,-81.14794,-73.41274,-72.86489,-75.68763,-66.701385,-71.06525,-65.25864,-70.72288,-82.43108,-71.27771
15609.212464804745,9.702791517536536,7.433548818671927,0.0,-70.2302,-73.14629,-80.13351,-73.56834,-73.51009,-72.30697,-66.78876,-69.08727,-66.942665,-72.61856,-81.44643,-71.77487
15612.532161203042,10.29705615529322,8.047261408800933,0.0,-70.7277,-73.8328,-78.27709,-72.24183,-74.74849,-69.86519,-68.06449,-69.43173,-66.91972,-75.78483,-75.106026,-73.94451
15615.85185760134,11.077454448569515,8.853199079443463,0.0,-70.93477,-74.02315,-74.675,-72.505554,-74.90899,-68.449615,-66.67381,-71.90936,-67.547165,-76.79737,-72.46875,-75.82085
15619.17155399964,11.731487648373998,9.528636222393088,0.0,-72.56652,-74.06787,-73.393555,-74.43619,-74.97242,-68.34273,-65.646706,-74.27133,-68.56495,-75.740524,-72.10301,-73.78699
15622.49125039794,12.247343150964102,10.061373653686276,0.0,-73.34854,-74.340355,-74.00803,-77.577484,-75.0371,-70.19059,-64.38747,-76.38248,-69.52513,-75.237076,-71.84045,-72.432335
15625.81094679624,12.840273519896677,10.673708309602228,0.0,-74.10878,-75.91048,-75.22328,-81.143456,-75.36217,-72.43081,-61.58691,-79.019455,-70.57662,-75.13251,-71.9526,-71.684975
15629.130643194538,13.500958710544772,11.356015136983286,0.0,-74.49036,-77.776085,-76.773254,-81.80449,-74.73733,-72.59148,-62.0927,-79.51507,-71.76393,-75.60027,-69.16005,-71.85152
15632.450339592837,14.082655701882546,11.956748790885005,0.0,-75.47349,-78.81038,-77.34681,-81.61156,-72.06883,-70.20925,-63.35602,-78.71,-71.77476,-76.51335,-65.64286,-71.7112
15635.770035991136,14.85081408373618,12.750045985778366,0.0,-76.5106,-80.14804,-78.13561,-81.20376,-69.2296,-65.84051,-64.737595,-78.205826,-72.31434,-76.83277,-64.12988,-71.15843
15639.089732389437,15.460656941651948,13.379846610153397,0.0,-76.5874,-81.17164,-78.89149,-80.62934,-68.739586,-63.310066,-65.75842,-78.5318,-73.06995,-77.34575,-64.95075,-71.40943
15642.409428787734,16.124836428358,14.065762088206492,0.0,-77.69959,-79.335754,-80.93677,-80.18249,-69.98918,-65.60236,-67.34571,-79.40183,-76.77052,-77.79158,-67.085365,-70.85954
15645.729125186032,16.660490335759338,14.618945848500491,0.0,-79.32047,-77.20108,-79.70709,-79.41074,-72.02317,-68.33056,-70.42241,-79.25242,-79.95978,-78.80559,-69.04211,-71.19117
15649.048821584332,17.455346601653112,15.43981464453622,0.0,-81.45229,-75.02294,-77.3687,-78.29611,-75.23283,-74.00633,-74.709,-78.77363,-80.10521,-79.46727,-72.2364,-73.13733
15652.368517982632,18.029124633761665,16.03237018271152,0.0,-82.22686,-74.02202,-76.214584,-78.141815,-76.69099,-74.804924,-74.588104,-79.01586,-80.33225,-79.94927,-73.04141,-74.43542
15655.68821438093,18.76182048598661,15.348104350699703,0.0,-79.866974,-76.17462,-77.60631,-82.50839,-77.639725,-78.85711,-78.45893,-80.41678,-76.87812,-79.65535,-71.96842,-77.516106
15659.00791077923,19.59937991115489,14.5659062596613,0.0,-78.37746,-78.04007,-81.92241,-84.10112,-72.9906,-72.844315,-79.55522,-81.556564,-79.278114,-77.72236,-71.896576,-81.37447
15662.327607177527,18.888508868524983,14.021202832667049,0.0,-78.09434,-77.742455,-83.5257,-82.82656,-73.2012,-71.910866,-78.51448,-80.22595,-80.56677,-77.36028,-71.44601,-78.6072
15665.647303575828,18.096745437728828,13.41451578500245,0.0,-77.86277,-77.7005,-85.241196,-81.21745,-70.63631,-71.25374,-77.55356,-78.40079,-81.09434,-76.594505,-71.20982,-75.30851
15668.966999974127,17.273750234833802,12.783897458282766,0.0,-78.66869,-79.18603,-85.681465,-79.17449,-69.591324,-68.65416,-73.65583,-76.49786,-80.514244,-76.4962,-70.447815,-73.13867
15672.286696372426,16.36667148110614,12.08885028927554,0.0,-80.44827,-80.56564,-83.726654,-76.85761,-70.65403,-65.39704,-67.354416,-74.321846,-77.45002,-77.047134,-69.783134,-71.44454
15675.606392770726,15.548285494160217,11.461763764489923,0.0,-81.68917,-80.34978,-78.742004,-75.12744,-72.957016,-65.00273,-64.87471,-73.28023,-76.46905,-77.504074,-69.3613,-70.492065
15678.926089169025,14.702717996619244,10.813849464926438,0.0,-78.70253,-78.43086,-75.43652,-75.84201,-74.119835,-67.55486,-62.47805,-74.78502,-73.600784,-77.58002,-71.256905,-69.37006
15682.245785567324,13.829883246089494,10.145041690657951,0.0,-75.871124,-75.43446,-72.799355,-77.331665,-74.77088,-68.47454,-61.281055,-77.712296,-71.66739,-76.78704,-72.88744,-68.88603
15685.565481965625,13.064410798224044,9.558500052839312,0.0,-73.92337,-72.411415,-72.154564,-77.944244,-74.63213,-67.135635,-63.74316,-77.894905,-70.39461,-74.82055,-72.59362,-70.20809
15688.885178363922,12.292378622716146,8.966932037643181,0.0,-72.64841,-72.42108,-73.14194,-77.96395,-74.64539,-66.97684,-65.490265,-76.60303,-69.28458,-74.497986,-72.47278,-71.29129
15692.20487476222,11.501348215813104,8.360806667980222,0.0,-72.10066,-73.23091,-74.87786,-75.62429,-74.890526,-68.06208,-67.1768,-73.10879,-68.94859,-76.07735,-72.82479,-72.684525
15695.52457116052,10.878071744182396,7.883222395021052,0.0,-72.05735,-74.28512,-77.06872,-74.37878,-74.98447,-69.47526,-68.55709,-71.07301,-69.439415,-75.224846,-74.06336,-72.31885
15698.84426755882,10.247936998531433,7.400382984156309,0.0,-70.571106,-73.97683,-79.74168,-74.66633,-75.34509,-71.966354,-67.20944,-69.008606,-69.97472,-72.8997,-78.94691,-71.56394
15702.16396395712,9.259259190915497,6.642810713369727,0.0,-71.258766,-71.40819,-80.8898,-74.31585,-74.141525,-75.01525,-66.639145,-70.15736,-68.815636,-71.00898,-83.21651,-70.97499
15705.483660355418,8.523411437896492,6.078968935073879,0.0,-72.49136,-71.83978,-82.78708,-73.089424,-74.23045,-76.80489,-66.54419,-71.58158,-64.05252,-70.4279,-80.48172,-71.77887
15708.803356753717,7.537709597920119,5.323676993172122,0.0,-71.49151,-74.61985,-83.75465,-78.348366,-77.01283,-78.5144,-66.26279,-72.97512,-62.497684,-73.18944,-79.372536,-73.23425
15712.123053152016,6.868177316482123,4.810649304164928,0.0,-69.8625,-75.81242,-81.93899,-79.98278,-77.578316,-78.37276,-66.68434,-74.4063,-63.79873,-77.54643,-79.95157,-75.527245
15715.442749550317,5.945987768437399,4.104023521097607,0.0,-66.7369,-76.04087,-76.01947,-80.124916,-79.03276,-78.60608,-70.512764,-75.81993,-65.49528,-81.26749,-82.302795,-78.78132
15718.762445948614,5.125825001136582,3.4755755421377605,0.0,-64.68493,-74.73357,-76.637,-80.390976,-79.91506,-80.550995,-68.24003,-75.557915,-68.3398,-78.246346,-83.43166,-76.97193
15722.082142346911,4.211511570243556,2.774984817114253,0.0,-63.89938,-71.46759,-76.42493,-80.33448,-80.34276,-83.15669,-66.05042,-73.3955,-72.22264,-74.561775,-86.05273,-75.399765
15725.401838745212,3.449750801499285,2.1912872455410617,0.0,-66.255974,-70.90186,-74.85146,-78.32255,-79.46936,-81.27578,-69.780624,-74.147316,-73.01273,-74.18872,-92.613884,-76.92918
15728.721535143512,2.860519238770568,1.739789811739124,0.0,-67.484566,-70.98482,-73.91252,-77.23658,-78.15498,-79.55869,-73.04151,-74.2125,-72.965,-73.97423,-95.4219,-80.42474
15732.04123154181,2.071414473644896,2.679087566319345,0.0,-67.861885,-69.80782,-74.42979,-78.11298,-79.26792,-79.35393,-72.69937,-74.79921,-71.86014,-73.76435,-95.64159,-79.78422
15735.36092794011,1.3720319500997098,3.5115859404154905,0.0,-68.136826,-70.300735,-77.2876,-79.03635,-80.84745,-78.90154,-73.309746,-75.395546,-71.24493,-72.94999,-91.388916,-79.25036
15738.680624338407,2.2596669136315874,2.7062624132455992,0.0,-67.539696,-69.683914,-74.29179,-78.20216,-79.441414,-79.594284,-72.44937,-74.6463,-71.55777,-73.907074,-95.307884,-79.532425
15742.000320736708,2.8926063517497376,2.1320161952258965,0.0,-67.38076,-70.56088,-74.02646,-77.615036,-78.62076,-79.880295,-72.13323,-73.97995,-72.26002,-73.969444,-95.17826,-79.80488
15745.320017135007,3.5286665602546705,1.5549385995356124,0.0,-65.29042,-71.62676,-74.938515,-77.57828,-78.8166,-81.48815,-71.36153,-74.46003,-74.23415,-74.241455,-93.47041,-78.05759
15748.639713533306,2.877914725195423,2.543628269364419,0.0,-66.89231,-70.13816,-74.202995,-78.2314,-79.41882,-80.205505,-71.282845,-74.30184,-71.66989,-74.12695,-94.02665,-78.88699
15751.959409931604,2.389098430468405,3.286288673843486,0.0,-66.49566,-69.366425,-75.196236,-79.14571,-80.89058,-80.0101,-71.72573,-74.84233,-69.66341,-74.42086,-91.446945,-77.54746
15755.279106329905,1.8356413966587923,4.127157992286264,0.0,-66.5647,-65.20705,-74.4339,-79.73589,-81.81853,-79.71565,-73.33034,-75.46493,-68.08351,-73.70329,-88.496635,-76.286224
15758.598802728204,1.2984669856225406,4.943289061727754,0.0,-67.3354,-59.30828,-73.31227,-78.322556,-82.015274,-78.468346,-78.318184,-76.34137,-68.09872,-72.456566,-87.57703,-77.94615
15761.918499126505,1.8569034626669083,5.5999584861391085,0.0,-66.05666,-58.85011,-72.005104,-75.33714,-80.55822,-76.77864,-79.940956,-76.39125,-68.17548,-72.542145,-85.03757,-77.540665
15765.238195524802,2.454220268746908,6.3023475659423935,0.0,-65.99789,-59.521156,-72.304016,-75.39527,-77.6352,-74.16969,-81.05417,-76.98174,-67.15503,-65.69668,-82.54607,-78.79864
15768.5578919231,3.230482563138018,7.215159917936277,0.0,-64.55751,-61.699715,-74.096245,-76.050316,-76.81608,-75.87199,-77.19266,-77.24097,-65.56306,-62.512814,-82.023766,-80.32593
15771.8775883214,3.9259898452161694,8.033011876700566,0.0,-64.99284,-65.2149,-76.62632,-75.77563,-78.747574,-77.54782,-72.82178,-76.93235,-63.05034,-62.09194,-80.83774,-82.087494
15775.1972847197,4.523533485625451,8.73566769260468,0.0,-64.946556,-67.3898,-73.1913,-72.14208,-72.901215,-77.833244,-72.67589,-75.435875,-61.872074,-63.019623,-80.44838,-82.92453
15778.516981118,5.158247261032908,9.482032134570847,0.0,-65.82514,-68.806694,-71.21577,-71.42283,-72.07983,-79.00539,-72.45566,-75.358154,-61.56642,-61.63369,-83.347855,-82.03463
15781.836677516298,5.88886782334392,10.341174049252318,0.0,-70.73379,-72.88933,-68.14411,-71.29475,-73.79328,-78.68091,-72.70601,-76.797806,-62.819218,-59.537502,-89.54368,-80.788605
15785.156373914597,6.553460934576759,11.122673814688213,0.0,-72.96776,-73.21003,-67.68135,-69.899025,-72.56592,-77.50371,-73.25173,-79.40265,-65.63593,-58.9019,-85.26168,-80.2492
15788.476070312896,7.22686083173491,11.91452954231894,0.0,-74.88205,-74.09742,-69.73666,-69.26061,-68.55391,-74.25905,-73.46136,-80.402954,-68.06779,-58.6165,-78.29599,-81.60351
15791.795766711197,8.038683417760316,12.86915749411566,0.0,-75.31806,-77.61807,-70.30826,-67.99414,-65.73803,-72.31013,-76.551895,-80.687485,-69.89864,-60.484756,-73.968704,-83.68354
15795.115463109494,8.713165754232346,13.662286069832833,0.0,-76.27299,-79.34052,-70.50674,-66.50364,-65.302315,-72.35518,-74.7304,-80.83259,-71.11673,-62.487377,-74.31127,-82.1008
15798.435159507791,9.525219043728429,14.617185307481256,0.0,-78.30505,-81.45025,-70.95224,-66.0254,-65.035736,-72.59168,-75.33528,-82.14483,-72.03853,-65.27672,-74.920685,-82.02196
15801.754855906092,10.276335211391023,15.500428150240388,0.0,-79.9449,-81.294365,-72.18804,-68.078514,-65.2515,-73.423996,-75.462494,-83.54338,-74.15247,-67.30767,-75.07253,-81.535835
15805.074552304392,10.87547468696222,16.204960520059412,0.0,-81.42882,-80.38292,-74.16543,-70.50109,-65.38177,-73.67061,-75.22096,-83.44094,-79.43794,-68.632286,-75.17633,-80.44498
15808.39424870269,11.716988288285137,15.592900831112402,0.0,-80.63853,-80.65023,-76.573044,-72.47909,-63.439083,-73.332054,-73.233604,-82.28565,-80.468,-70.766754,-71.3213,-79.87567
15811.71394510099,12.554521859515171,14.983735945026352,0.0,-79.18689,-80.27785,-74.26016,-77.028755,-65.47365,-67.66671,-72.735214,-81.187355,-79.6819,-70.53522,-62.971813,-77.35123
15815.033641499287,13.542657628546731,14.265033275835878,0.0,-80.1406,-76.86534,-73.79219,-74.2616,-63.7143,-65.9467,-68.5685,-82.842674,-74.77308,-71.97166,-63.33017,-76.60874
15818.353337897588,14.32738313331708,13.694277381215205,0.0,-79.63909,-78.40585,-75.62263,-77.71717,-64.50182,-64.701355,-66.61092,-81.45939,-72.092606,-73.90217,-64.80486,-74.8681
15821.673034295887,15.108555109059134,13.126106081624611,0.0,-76.68685,-80.89106,-78.26354,-80.67456,-68.30382,-64.0139,-65.389755,-78.61009,-72.46385,-76.97266,-64.277916,-71.50753
15824.992730694186,15.966110816704552,12.5023784569599,0.0,-78.4392,-80.93116,-83.07838,-77.53356,-70.37065,-63.945415,-66.1896,-75.04726,-75.80044,-76.64139,-67.33858,-71.09781
15828.312427092484,16.623114107005563,12.024519003628868,0.0,-80.343506,-80.36422,-84.46184,-77.096085,-70.50097,-66.13745,-68.26289,-74.443825,-78.00848,-77.22523,-70.38823,-71.67989
15831.632123490785,17.263476902834608,11.558762712806942,0.0,-80.80605,-80.364914,-83.10553,-79.724236,-72.04674,-68.52979,-69.00262,-74.471855,-78.98442,-78.27475,-73.328094,-72.526924
15834.951819889084,18.20639273109019,10.87294994918904,0.0,-81.91459,-79.70375,-83.021194,-82.349075,-73.00856,-70.888985,-68.10907,-75.15695,-72.24786,-79.31125,-78.715614,-73.84353
15838.271516287385,19.10738983500854,10.217626011109507,0.0,-81.25221,-75.49243,-81.16134,-79.50551,-73.10405,-75.43718,-68.03387,-74.63524,-72.88045,-82.419754,-78.70695,-72.96755
15841.591212685682,18.93141293638261,9.353026962103526,0.0,-78.14054,-74.31402,-75.22205,-79.37866,-71.62416,-73.21215,-67.14792,-74.82105,-73.78803,-83.205086,-76.70926,-72.005394
15844.91090908398,18.70389700439281,8.235209453282433,0.0,-79.01394,-75.60949,-75.36304,-79.18458,-74.486565,-71.395134,-65.49366,-75.62663,-76.37038,-81.40612,-74.779625,-73.56489
15848.23060548228,18.53606188159544,7.410612084573982,0.0,-80.669975,-79.31295,-77.004845,-78.16842,-76.14272,-72.5043,-56.511215,-73.25555,-80.66168,-76.14247,-77.661896,-72.04064
15851.55030188058,18.377027115283344,6.6292520947913935,0.0,-82.027664,-81.92499,-78.26768,-78.7284,-77.37,-75.29218,-47.76163,-70.4973,-83.39336,-75.08662,-82.166626,-73.75326
15854.869998278878,18.14505539662295,5.489542684544336,0.0,-80.920364,-78.65691,-78.88461,-80.14703,-78.69192,-78.39572,-52.536648,-66.50229,-83.80605,-77.050316,-82.011696,-74.572105
15858.189694677178,17.948042500473846,4.521590845510536,0.0,-79.847206,-76.20686,-79.02222,-78.98341,-76.38942,-79.26995,-64.70084,-65.68432,-78.998436,-79.6973,-80.28801,-73.26255
15861.509391075477,17.752691252491502,3.561802915694252,0.0,-77.38552,-74.893074,-80.562454,-78.814896,-76.48038,-77.59022,-66.1187,-66.9301,-82.14688,-83.141464,-78.627075,-71.99771
15864.829087473776,17.591845697021963,2.771546266204044,0.0,-79.24296,-74.55737,-82.019516,-80.514275,-76.634514,-77.121475,-65.1443,-67.94438,-85.604164,-84.658325,-77.05565,-71.846855
15868.148783872077,17.35492265023881,1.607510290256131,0.0,-82.54223,-74.319435,-79.48094,-79.946144,-76.579346,-76.679955,-67.45478,-69.491295,-84.422295,-79.74495,-77.26799,-72.96235
15871.468480270374,16.333219021432885,1.9827759200633843,0.0,-75.499084,-74.0855,-79.17583,-79.91646,-79.05997,-76.67835,-62.47393,-68.78935,-82.20251,-84.59669,-78.74084,-72.74879
15874.788176668671,15.26564796815176,2.3748883804465843,0.0,-73.56019,-75.0794,-77.49876,-78.30741,-81.68916,-76.31159,-63.387184,-68.49847,-78.73299,-84.40497,-81.631966,-72.164024
15878.107873066972,14.355437824331585,2.709203120305957,0.0,-72.88751,-73.94049,-76.01355,-76.151855,-81.34657,-76.47178,-67.1515,-67.10493,-75.897705,-81.031906,-81.74081,-68.17957
15881.427569465272,13.209040716133527,3.130267919028402,0.0,-73.15312,-72.88258,-75.17476,-76.03369,-81.18117,-75.8173,-65.762146,-66.559906,-73.82387,-76.84121,-83.47615,-60.420948
15884.74726586357,12.273051034133218,3.474051329017306,0.0,-73.1794,-73.083534,-75.6278,-76.301186,-79.619545,-74.353325,-65.171394,-66.45344,-73.83688,-74.201454,-83.69453,-57.574947
15888.06696226187,11.371456363207624,3.805201657230562,0.0,-73.76089,-73.75692,-76.717804,-75.75201,-79.07894,-73.39267,-65.26054,-68.75908,-73.82949,-73.1714,-82.51984,-61.853077
15891.386658660169,10.505594318832577,4.123227605507116,0.0,-71.3001,-73.717026,-77.5586,-76.05283,-79.15753,-72.70017,-65.412025,-71.00822,-74.80929,-72.29164,-82.377525,-68.61578
15894.706355058468,9.68099459077889,4.426098151879361,0.0,-69.572525,-74.173195,-80.019104,-76.21726,-78.65212,-72.850136,-65.44302,-71.4361,-74.066795,-72.24315,-82.405914,-70.31034
15898.026051456767,8.513444952498803,4.8549321483412005,0.0,-69.71149,-75.42239,-82.93487,-77.88386,-78.08366,-76.60781,-65.761,-71.32906,-66.95923,-75.86734,-80.21842,-73.29797
15901.345747855066,7.652774424289912,5.171051283791782,0.0,-71.27946,-75.038025,-83.862946,-78.64301,-77.46082,-78.33985,-66.10841,-72.84808,-63.149208,-74.46549,-79.388435,-73.652306
15904.665444253364,6.909415071821073,5.444082726288812,0.0,-70.97183,-74.14367,-82.61724,-79.22163,-76.63019,-78.85095,-66.6782,-74.71136,-62.76251,-71.690704,-79.80948,-73.0443
15907.985140651665,6.059789918806599,5.756144961517131,0.0,-70.01419,-73.14205,-79.6784,-79.1945,-76.70407,-77.47026,-69.524124,-76.6149,-62.304222,-67.80327,-84.12457,-72.95417
15911.304837049964,5.196910290552559,6.073075486196817,0.0,-68.92157,-71.18827,-76.003624,-78.156944,-78.68035,-76.15037,-72.66966,-76.84923,-62.72916,-64.46583,-88.95958,-73.07118
15914.624533448265,4.079288338260659,6.483571342322332,0.0,-66.164795,-65.69905,-73.42663,-77.29338,-78.14065,-75.74857,-75.801895,-77.111725,-64.22714,-63.723347,-86.03541,-74.1755
15917.944229846562,3.3222837131032064,6.7616146118355465,0.0,-65.21891,-61.611126,-72.26847,-76.32491,-76.58995,-75.26475,-78.85876,-77.45437,-65.92547,-63.654514,-82.74553,-78.56197
15921.26392624486,2.525468510253821,7.054280068340516,0.0,-65.719925,-59.55135,-71.89393,-74.99626,-76.28595,-75.23279,-79.60601,-77.20933,-67.234566,-64.057526,-81.76881,-80.17469
15924.58362264316,1.601975381145238,7.393473569221615,0.0,-67.172104,-57.59992,-71.001465,-73.99146,-76.22034,-76.26099,-76.62989,-76.12259,-69.83913,-64.99238,-83.620766,-81.17986
15927.90331904146,2.23358370104962,6.852480855137295,0.0,-65.97293,-58.78156,-72.37426,-74.66965,-76.69123,-74.80719,-80.184845,-76.695244,-67.58892,-64.70532,-81.938324,-79.888016
15931.223015439758,3.110929134459057,6.101006448844626,0.0,-66.33248,-61.019077,-72.52714,-76.314316,-77.85939,-74.61155,-77.81772,-77.70068,-66.571754,-65.975746,-83.22496,-76.77193
15934.542711838058,3.901035994798439,5.424254668791519,0.0,-66.67277,-67.65252,-72.75478,-77.493645,-79.01389,-76.78087,-74.336006,-77.258286,-65.85095,-68.90062,-84.13746,-75.1166
15937.862408236357,4.709951715169847,4.731392498933701,0.0,-66.86192,-75.2608,-73.86749,-78.478455,-79.76862,-78.46096,-71.80277,-77.296936,-65.082535,-79.279305,-82.893364,-75.70124
15941.182104634656,5.505451380144731,4.050021609340162,0.0,-66.598045,-75.90434,-75.59127,-79.82524,-79.404465,-78.761116,-70.48306,-76.488266,-65.78803,-80.86342,-82.353226,-77.97409
15944.501801032957,6.214809056942382,3.442434085975357,0.0,-62.11676,-74.18351,-76.909515,-79.82689,-79.295425,-79.019455,-70.649956,-74.07639,-67.545334,-79.80626,-82.96476,-78.27613
15947.821497431254,7.009146269049028,2.7620588744189254,0.0,-58.987175,-70.98113,-78.85303,-79.309944,-78.21142,-74.5975,-72.28577,-67.33709,-69.87681,-78.053055,-86.877884,-74.25706
15951.141193829551,7.587407497724412,2.266759649104431,0.0,-57.95366,-69.93918,-80.72104,-76.3795,-76.939545,-73.838715,-73.57119,-65.94797,-71.182526,-76.982285,-89.003334,-72.8714
15954.460890227852,8.17714548172944,1.7616302160187574,0.0,-60.52279,-70.771,-82.09401,-74.19343,-75.41889,-76.1228,-73.00799,-65.319016,-72.257065,-77.972916,-88.62041,-72.37719
15957.780586626151,8.798046677533216,1.229808495958235,0.0,-65.72572,-72.30092,-82.63265,-74.48466,-72.81639,-81.40563,-70.77814,-65.41921,-74.39388,-78.27923,-85.51296,-69.9303
15961.10028302445,9.674508328397096,1.869497647686972,0.0,-71.33024,-72.02364,-83.65372,-74.928116,-74.51693,-81.46676,-66.13992,-64.29813,-74.47701,-77.76492,-82.60555,-66.929726
15964.41997942275,10.318345350596765,2.339404754491381,0.0,-75.3158,-72.9497,-82.750015,-74.98027,-75.82253,-81.627686,-65.2855,-64.038994,-74.60075,-76.179,-77.543686,-65.359436
15967.739675821049,10.95992061752388,2.8076611098792386,0.0,-75.17441,-73.43856,-79.34809,-75.344086,-77.6584,-78.55661,-64.68892,-64.48277,-74.35878,-74.16218,-79.241554,-61.503975
15971.059372219348,11.755051481406772,3.387990651199445,0.0,-73.75626,-73.59778,-76.59753,-75.46419,-79.163895,-74.66861,-64.99461,-66.06319,-73.991165,-73.518486,-82.33961,-57.76942
15974.379068617647,12.474814862313506,3.913312924140676,0.0,-72.60992,-72.78688,-74.68367,-77.340485,-79.06988,-73.33013,-65.65036,-68.94697,-73.30137,-74.6987,-83.86332,-57.350937
15977.698765015946,13.247429181862122,4.477208672686425,0.0,-72.881615,-72.48821,-74.68873,-78.42964,-78.128265,-73.274635,-66.93683,-71.82983,-71.91666,-77.10599,-82.8033,-57.862404
15981.018461414244,14.196639274005449,5.169993574406927,0.0,-78.8287,-78.72357,-75.59516,-79.19411,-76.23484,-72.02542,-69.93338,-73.62187,-73.43666,-79.959564,-73.846214,-61.83715
15984.338157812545,14.828891062530264,5.631445150618822,0.0,-79.89499,-80.86965,-76.23124,-79.60355,-75.37336,-69.527565,-68.11472,-74.49737,-75.386,-80.55722,-73.46952,-66.05622
15987.657854210844,15.58899703190253,6.1862116281851165,0.0,-79.85969,-81.15526,-76.97125,-80.54276,-74.83189,-66.670784,-63.750484,-74.624435,-77.24055,-79.52956,-73.93034,-68.16223
15990.977550609145,16.313267231457097,6.714823221309366,0.0,-79.996284,-81.84272,-77.26656,-80.78625,-74.291084,-67.84917,-53.35392,-74.62176,-77.95797,-79.019844,-74.78003,-69.19187
15994.297247007442,17.06114752014914,7.260666735394112,0.0,-80.2045,-80.692055,-76.60458,-80.19087,-73.73321,-69.60716,-47.110638,-75.163574,-78.43976,-78.75581,-74.71193,-70.0729
15997.61694340574,18.00988459975348,7.953106406961619,0.0,-79.16443,-77.543655,-75.55418,-79.83334,-72.64401,-71.110535,-58.236324,-74.35314,-77.2361,-80.59026,-74.49988,-71.85461
16000.93663980404,18.88087300132263,8.588800885112688,0.0,-78.2176,-74.839096,-74.68867,-79.24977,-73.60142,-71.70982,-66.839874,-75.74266,-74.8925,-83.610344,-74.44423,-73.534294
16004.25633620234,19.57776272138213,9.097428722319194,0.0,-78.82777,-73.847694,-74.02001,-78.71142,-74.42709,-73.54358,-70.36314,-79.01856,-73.89932,-84.64227,-74.74617,-74.52343
16007.576032600638,18.7592267456198,9.04621376273242,0.0,-77.45113,-74.554405,-73.867424,-79.52286,-71.556,-72.09674,-66.28758,-74.49795,-74.159996,-83.25774,-75.70525,-71.97748
16010.895728998938,17.734610689739664,8.982104583114522,0.0,-77.35722,-76.24088,-76.550644,-80.78766,-71.269264,-71.53629,-63.784946,-73.11762,-74.55772,-81.031845,-76.21168,-70.78312
16014.215425397237,16.797918530710685,8.923496711878029,0.0,-78.148125,-78.17946,-80.92104,-82.34838,-73.52864,-70.88605,-60.196606,-76.04151,-73.978645,-78.20951,-74.56165,-70.23151
16017.535121795536,15.712660737724214,8.855593240735825,0.0,-78.26962,-78.35906,-85.20703,-83.68711,-75.540436,-71.17445,-56.864212,-78.64293,-74.78126,-75.76033,-72.89576,-69.481995
16020.854818193837,14.970418828397682,8.809151922925249,0.0,-78.907455,-76.67997,-80.66388,-82.51173,-75.91126,-71.02629,-57.257084,-79.12669,-74.76146,-75.504295,-72.75498,-68.74101
16024.174514592134,13.730506873115775,8.731571898880762,0.0,-76.72909,-73.780594,-75.43091,-77.79004,-74.57033,-67.74363,-63.024883,-79.05356,-71.66441,-75.653114,-72.84002,-67.93015
16027.494210990431,12.710044932370623,8.667722638001997,0.0,-73.04605,-72.10877,-73.09196,-77.47592,-74.22341,-66.75901,-65.41802,-77.72748,-69.312935,-73.90432,-72.64813,-69.270744
16030.813907388732,11.613069560189814,8.59908600990315,0.0,-71.93887,-73.1346,-74.42829,-75.63218,-74.84821,-67.71826,-66.47903,-73.691574,-68.51153,-75.81194,-72.53102,-72.83657
16034.133603787031,10.83590094964181,8.550459364086812,0.0,-70.92401,-73.84248,-75.80304,-72.1991,-74.71315,-68.70649,-66.96805,-71.51576,-67.41198,-77.31279,-72.69961,-75.86699
16037.45330018533,10.080719803279402,8.503208451436793,0.0,-70.808525,-73.52814,-76.02926,-70.82786,-74.2048,-69.30551,-67.92456,-69.54627,-66.4877,-77.32951,-73.83259,-77.07641
16040.77299658363,8.925908849597754,8.430953110102424,0.0,-70.07649,-72.83266,-76.154564,-69.94284,-73.62996,-71.16108,-70.70798,-70.64344,-66.76377,-73.38748,-80.944,-76.80792
16044.092692981929,8.128087759138062,8.38103425972164,0.0,-68.304405,-72.56454,-76.069046,-68.50636,-73.37348,-72.522575,-72.12923,-72.8284,-66.870186,-71.661934,-88.83431,-78.75832
16047.412389380228,6.9116728224993365,8.304924420123351,0.0,-68.36184,-71.074234,-74.78389,-68.22077,-71.457535,-75.18508,-73.24912,-73.465126,-64.00792,-67.417114,-88.69122,-77.300064
16050.732085778527,5.913597734899989,8.242475881770032,0.0,-67.700294,-69.55187,-74.312996,-69.58059,-69.58546,-76.30613,-73.75409,-74.23977,-61.538094,-62.869984,-85.43677,-78.51482
16054.051782176826,5.061457278794464,8.189158324186746,0.0,-66.22951,-68.188,-74.95328,-71.269875,-69.66574,-76.81228,-73.79626,-75.26171,-61.244274,-62.05025,-82.92527,-80.84716
16057.371478575124,4.2213469416963685,8.136593478856842,0.0,-65.197876,-65.94244,-75.65306,-74.54908,-76.64774,-77.30682,-72.993195,-76.47427,-62.34983,-62.19019,-80.630646,-82.27359
16060.691174973424,3.2463949852327154,8.075591731190434,0.0,-63.991196,-64.02269,-76.794815,-76.32567,-79.68489,-78.09398,-72.045296,-76.77815,-65.30419,-62.384163,-80.94422,-82.042175
16064.010871371724,2.279696135887219,8.015106372003014,0.0,-64.540436,-61.090626,-72.8554,-76.038246,-76.86765,-78.061714,-72.18424,-76.4903,-68.71261,-63.95025,-81.425674,-82.21897
16067.330567770025,1.1828241809738742,7.946476214616917,0.0,-69.54127,-58.575966,-69.18192,-73.93171,-76.89353,-77.3254,-74.01637,-76.723526,-70.90251,-68.85394,-84.99187,-82.3486
16070.650264168322,1.253535906789856,6.903925729725564,0.0,-66.802055,-56.33777,-71.594894,-72.76449,-77.302505,-75.681366,-77.97652,-75.75193,-69.87309,-67.33184,-85.74984,-80.447876
16073.96996056662,1.332708207468833,5.736635304971481,0.0,-67.036964,-56.579304,-71.52684,-74.47523,-80.0331,-77.21787,-80.51147,-76.29839,-68.49677,-71.67045,-86.53816,-78.99241
16077.28965696492,1.4024867429286008,4.7078434725120974,0.0,-67.17815,-60.93636,-73.89047,-78.78087,-82.04901,-78.8169,-76.648506,-76.11605,-67.933174,-72.839294,-87.64273,-77.37496
16080.60935336322,1.462950852363561,3.816380481296369,0.0,-67.69513,-68.563354,-76.569084,-79.30803,-81.27018,-78.95632,-73.49831,-75.38369,-70.20655,-73.06364,-90.16341,-78.15512
16083.929049761518,1.52201174575729,2.945606046996925,0.0,-68.513855,-70.35454,-76.18879,-78.447205,-79.70491,-78.851,-73.212074,-75.43464,-71.82386,-73.27624,-94.19561,-80.03624
16087.248746159818,1.5815917950864735,2.06717734792037,0.0,-68.47564,-70.29091,-75.295105,-77.44229,-78.098145,-78.42414,-73.254105,-76.72748,-72.572815,-73.49107,-95.15731,-81.34665
16090.568442558117,1.6440096390288836,1.1469091361477064,0.0,-68.86295,-73.38701,-75.13764,-76.08556,-78.773964,-78.908035,-73.10737,-81.08658,-73.980606,-77.75196,-94.61534,-80.72909
16093.888138956416,1.1018727317206118,1.6475571565189395,0.0,-70.50545,-71.76392,-75.30191,-76.85725,-78.190025,-78.52701,-72.59273,-86.84615,-73.02447,-76.30605,-93.20366,-81.871475
16097.207835354717,1.544951315665882,2.6898592780694184,0.0,-68.43181,-70.3008,-75.89084,-78.13697,-79.15345,-78.708664,-73.373955,-75.24678,-72.03173,-73.17967,-95.22871,-80.49254
16100.527531753014,1.9179042030058784,3.56719706824542,0.0,-66.8627,-68.89909,-75.91271,-79.276924,-81.14343,-79.55637,-72.751144,-75.22438,-69.8788,-74.018,-90.91041,-77.86826
16103.847228151311,2.282681624462078,4.4253028175507705,0.0,-65.93473,-63.220066,-73.72706,-79.697975,-82.17791,-79.808716,-72.36674,-75.60744,-67.85867,-74.35531,-86.16916,-74.91242
16107.166924549612,2.6710237707727607,5.338842441567194,0.0,-65.7853,-62.326874,-72.725815,-76.25964,-81.07396,-77.14782,-76.01564,-76.66489,-67.23628,-70.518524,-84.04457,-75.223175
16110.486620947911,2.9923324986093456,6.094692037624686,0.0,-66.328285,-60.736286,-72.498436,-76.15906,-78.08383,-74.55908,-78.23224,-77.551216,-66.67001,-66.17395,-83.15873,-77.10563
16113.80631734621,3.4557273210820045,7.184786264879011,0.0,-64.528854,-62.382072,-75.04667,-76.43004,-76.97383,-75.79658,-76.897606,-77.40183,-64.80821,-62.420547,-82.45853,-80.10786
16117.12601374451,3.9162631718500567,8.268155020893833,0.0,-64.691795,-65.4519,-76.27589,-75.34755,-78.5833,-77.89424,-72.30908,-76.77215,-63.18452,-62.31252,-80.415695,-82.4233
16120.445710142809,4.376137077473115,9.349966611083047,0.0,-65.2459,-67.2213,-71.94404,-73.558586,-74.52545,-79.152794,-71.94818,-76.85665,-62.454655,-64.40676,-80.19722,-82.0648
16123.765406541108,4.848393793035126,10.460907636857264,0.0,-67.83885,-69.67128,-67.53812,-74.51553,-79.72781,-83.59995,-73.29626,-78.30662,-62.92276,-64.937454,-86.43032,-80.35673
16127.085102939409,5.2118876396793326,11.315993893011315,0.0,-72.45171,-72.093315,-66.87142,-72.71184,-81.65077,-83.80492,-75.02682,-78.78401,-63.758507,-66.12509,-88.548004,-82.20009
16130.404799337706,5.5602596402292335,12.135507379826104,0.0,-75.18972,-71.57253,-68.70045,-67.17401,-76.86069,-79.39517,-76.69037,-75.275,-66.130745,-66.746506,-80.85222,-83.73943
16133.724495736004,6.0352154840699015,13.252797859699704,0.0,-77.14293,-72.31142,-70.25473,-64.72418,-75.659904,-75.618225,-77.54225,-72.568535,-70.51782,-67.650055,-76.40871,-83.745834
16137.044192134304,6.4270748236931405,14.174611361498568,0.0,-77.709984,-77.32084,-69.99811,-63.53255,-75.43732,-73.867065,-74.267,-73.22373,-72.29628,-69.55644,-73.98194,-80.77472
16140.363888532604,6.871149288735998,15.219256202869952,0.0,-79.61828,-78.93774,-69.24011,-62.168304,-75.42008,-73.302414,-72.11157,-74.936745,-73.98449,-71.727135,-73.69116,-77.06367
16143.683584930905,7.22587444163178,16.053714903487858,0.0,-81.46388,-78.50565,-68.49454,-61.549065,-76.252106,-74.26176,-73.21971,-76.2526,-75.62755,-73.021385,-74.87263,-76.85534
16147.003281329202,6.646591986113968,15.443681347339009,0.0,-79.21979,-78.40214,-68.95541,-62.26295,-76.43215,-73.8516,-72.32805,-76.23354,-75.229774,-72.70233,-74.15098,-77.54602
16150.3229777275,5.857754810234549,14.612968897755175,0.0,-75.82961,-77.97323,-69.696915,-63.585167,-77.45915,-74.5727,-72.516174,-76.797134,-74.2125,-72.66781,-74.90553,-81.06927
16153.6426741258,5.026223056577436,13.737295436730529,0.0,-77.10565,-72.76657,-70.315796,-64.59029,-77.82076,-76.295654,-76.24096,-75.0254,-71.828735,-73.50327,-77.37725,-83.6568
16156.9623705241,4.411056040577204,13.0894723949285,0.0,-78.0012,-71.46759,-69.09648,-65.257195,-77.527176,-77.1963,-78.51138,-75.34849,-70.214325,-74.64155,-81.14666,-84.19841
16160.282066922398,3.663277488608843,12.30199815861431,0.0,-80.38138,-70.995255,-65.72613,-67.587425,-76.73642,-78.250916,-79.59681,-79.29424,-69.61644,-77.813034,-79.285126,-83.59948
16163.601763320698,2.936790104736421,11.536945328065844,0.0,-78.627884,-68.98617,-65.59638,-69.414345,-74.76176,-79.592896,-73.56952,-82.38091,-68.92924,-81.096695,-84.70239,-78.95871
16166.921459718997,2.391167800440776,10.962358765961053,0.0,-78.174866,-67.76297,-66.39627,-70.25199,-71.56662,-80.3499,-70.273026,-80.268974,-69.20578,-82.600876,-85.12037,-78.708984
16170.241156117296,1.882470206340508,10.426657055375047,0.0,-78.51827,-66.70718,-69.53574,-71.33956,-75.55656,-79.982895,-68.34839,-79.589874,-71.23958,-77.78884,-84.02876,-80.85463
16173.560852515597,1.0315526097992591,9.530568657628416,0.0,-79.76558,-65.043915,-71.24843,-74.69096,-79.02697,-78.66559,-67.70642,-78.32109,-72.75688,-72.25824,-84.571266,-82.8942
16176.880548913894,2.04304250502153,9.953564385025476,0.0,-74.49708,-66.11968,-72.433945,-73.37332,-75.989136,-80.05686,-67.887665,-78.21016,-70.72042,-74.78894,-83.040955,-81.31725
16180.200245312191,3.014036749057873,10.359625205301148,0.0,-70.131714,-65.93801,-68.19771,-72.8094,-73.47889,-80.90955,-70.09537,-78.11249,-67.12374,-75.73837,-83.32445,-79.39091
16183.519941710492,3.994308105117344,10.769565628098707,0.0,-68.95558,-66.83952,-67.19681,-72.74922,-78.05934,-82.37268,-73.29508,-79.31762,-65.15024,-72.463264,-83.024796,-79.58715
16186.839638108791,5.010292983008261,11.194441115711406,0.0,-72.244865,-71.62033,-66.69572,-72.767944,-81.83793,-84.16595,-74.87031,-78.805534,-63.767857,-67.252594,-88.44286,-82.03909
16190.15933450709,5.7276283333349465,11.494424130600924,0.0,-73.287704,-72.66074,-67.446205,-72.19012,-79.005615,-81.40626,-75.106995,-78.98736,-64.62616,-63.10224,-87.31412,-82.197296
16193.47903090539,6.74680356888357,11.92063379630522,0.0,-75.30765,-73.82547,-69.20803,-69.709206,-70.793205,-75.81039,-75.012825,-78.937065,-67.07645,-60.28948,-78.59452,-82.34044
16196.798727303689,7.567091216787884,12.263670510699546,0.0,-75.015305,-75.32188,-70.50934,-69.12458,-66.89294,-73.00642,-74.29168,-80.57801,-68.98364,-58.78836,-75.920425,-82.523
16200.118423701988,8.723993298250733,12.747476270684931,0.0,-75.10297,-75.87839,-71.2305,-67.99249,-66.12854,-72.09824,-70.94609,-80.21871,-71.05468,-60.148624,-73.96103,-81.044556
16203.438120100289,9.655424897667436,13.13699235856369,0.0,-74.85476,-76.47291,-73.82908,-67.76579,-66.039085,-71.96515,-69.03766,-73.90146,-72.4894,-63.988785,-72.68078,-82.39454
16206.757816498586,10.74583614297634,13.592992265285464,0.0,-74.86338,-76.804276,-75.937,-69.0622,-66.104095,-72.300606,-67.360374,-73.45736,-73.90769,-68.206245,-69.356926,-81.7141
16210.077512896883,11.742801164559316,14.00991382474528,0.0,-76.304535,-76.79318,-74.65447,-71.42997,-66.40612,-70.70371,-67.61648,-78.12117,-73.76122,-69.0636,-64.83628,-78.37777
16213.397209295184,12.589213369607672,14.363875587530368,0.0,-77.99918,-77.44211,-73.17825,-73.50365,-66.12565,-68.21125,-69.65183,-81.09015,-75.217094,-70.71677,-61.68302,-75.98875
16216.716905693484,13.399510216956973,14.702734241453689,0.0,-78.66873,-78.59235,-73.472015,-76.30202,-64.54973,-65.83971,-71.09603,-82.47419,-77.6341,-71.27117,-63.429253,-76.35391
16220.036602091785,14.161924654374335,15.02156891400621,0.0,-79.055725,-79.80029,-73.93852,-77.28034,-63.657925,-64.25283,-71.59327,-83.04316,-80.11544,-71.33743,-66.98948,-77.18762
16223.356298490082,15.25790250156406,15.47989672219574,0.0,-79.71502,-78.5549,-78.1013,-76.97222,-65.3121,-65.57712,-72.38689,-82.3686,-82.67624,-71.226074,-72.767914,-76.46161
16226.67599488838,16.39852751384688,15.956895562260105,0.0,-81.22994,-76.439095,-78.351135,-76.22998,-69.72598,-68.43905,-73.48219,-79.87952,-82.58128,-73.382835,-75.23965,-74.918816
16229.99569128668,17.23989736113734,16.30874865762531,0.0,-82.80242,-74.09451,-76.1435,-76.20538,-72.73302,-71.526505,-73.680534,-78.175316,-83.120766,-76.40639,-75.14694,-74.47177
16233.31538768498,16.355555308370686,15.857667347208068,0.0,-80.85577,-76.568924,-78.61767,-76.033104,-69.4068,-67.81179,-73.218056,-79.729866,-82.86199,-73.38134,-74.761116,-74.59599
16236.635084083278,15.35196566123955,15.345760747569592,0.0,-79.16033,-78.789536,-78.80588,-76.40015,-65.6919,-64.7734,-71.48843,-81.66956,-83.0187,-71.43944,-72.173676,-75.25632
16239.954780481576,14.644274682382289,14.98478484111496,0.0,-78.91501,-79.96007,-75.112625,-76.72736,-64.107285,-64.29881,-70.92534,-83.09368,-81.07417,-71.4815,-69.230644,-76.75223
16243.274476879877,13.642390600082985,14.473748208495396,0.0,-79.49581,-77.64707,-73.7644,-75.25019,-63.77896,-65.46571,-69.68772,-82.885666,-76.11792,-71.730484,-63.98079,-76.532425
16246.594173278176,12.840704133487131,14.06482749646493,0.0,-79.43531,-76.46412,-73.3374,-72.533806,-65.11223,-67.99976,-67.751434,-81.648796,-73.81306,-71.13387,-61.16584,-76.1047
16249.913869676477,12.02878239554938,13.650686022179707,0.0,-78.09271,-76.2297,-73.06695,-70.92863,-66.4398,-70.24402,-66.62465,-78.951324,-72.92703,-69.91035,-62.725384,-76.80416
16253.233566074774,11.17981761075499,13.217649793239692,0.0,-75.282,-75.95934,-74.20481,-69.43381,-66.56353,-71.59683,-65.58373,-72.43857,-73.674484,-68.35995,-66.08685,-78.88506
16256.553262473071,10.3100395692726,12.77399722973603,0.0,-74.32611,-75.05799,-75.036835,-68.04958,-66.57899,-71.96898,-65.311386,-69.77898,-73.33216,-67.43266,-70.0816,-77.451706
16259.872958871372,9.557227805478284,12.3900063114624,0.0,-74.62305,-73.62695,-74.94049,-67.36469,-67.634895,-71.54759,-67.059685,-71.79013,-72.31077,-64.70845,-72.91038,-74.82
16263.192655269671,8.712285466723866,11.959021834132654,0.0,-74.58451,-72.74343,-72.282745,-66.73477,-68.45901,-71.79963,-69.1741,-80.20173,-71.01839,-58.659096,-74.77653,-75.59572
16266.51235166797,7.893872140862428,11.541569159189104,0.0,-74.37982,-72.68781,-69.87522,-67.204895,-69.92096,-73.334885,-70.473915,-81.222176,-69.290085,-55.982307,-78.24367,-76.72043
16269.83204806627,7.012051217121005,11.091773815192749,0.0,-73.19693,-72.81437,-68.2676,-68.12693,-71.70167,-76.068756,-72.03617,-79.64369,-66.67919,-57.151943,-83.14847,-78.52781
16273.151744464569,6.154329202456349,10.654270736900555,0.0,-71.77071,-72.93882,-67.472305,-71.31522,-73.43687,-78.394066,-73.12329,-77.84454,-63.94514,-59.198788,-90.29285,-79.72226
16276.471440862868,5.471183506747818,10.305814780676329,0.0,-69.594986,-72.43601,-68.03007,-72.52951,-76.119225,-81.486946,-73.072365,-76.93566,-62.333023,-60.838562,-88.296524,-80.75434
16279.791137261169,4.732869432393969,9.929218780161465,0.0,-66.163475,-68.19403,-69.36955,-73.80162,-76.830315,-81.60301,-72.508545,-77.344574,-62.381386,-63.68045,-83.14119,-81.413055
16283.110833659466,3.6275175792763767,9.365405761413196,0.0,-65.10593,-65.71825,-72.840965,-74.887985,-78.04067,-79.9491,-70.11739,-76.00588,-64.339935,-65.65399,-79.79388,-81.82403
16286.430530057763,2.710503709023973,8.89765935382108,0.0,-64.67467,-64.197014,-76.04546,-76.775665,-78.91771,-79.90368,-67.99301,-74.67,-69.03493,-64.98864,-81.040794,-82.801414
16289.750226456064,1.837065205993952,8.452139678167235,0.0,-68.11758,-61.76237,-71.625885,-75.87136,-76.95222,-78.67784,-69.592476,-76.80516,-70.291916,-66.95631,-82.41461,-82.53223
16293.069922854364,2.288018825669042,7.309259284899681,0.0,-65.60286,-59.227077,-71.356995,-74.766014,-76.11911,-76.0273,-77.696205,-76.71543,-68.02858,-64.08096,-81.545425,-80.61985
16296.389619252664,2.65047286993064,6.390668985201967,0.0,-66.15874,-59.87311,-72.363464,-75.61187,-77.468094,-74.28936,-80.8357,-77.28829,-66.96094,-65.63124,-82.52629,-78.91041
16299.709315650962,3.0609438038503813,5.350386433038193,0.0,-65.93682,-63.252026,-72.638824,-76.60885,-80.69163,-76.93379,-75.44885,-76.85656,-66.65539,-69.28638,-83.834595,-75.07282
16303.02901204926,3.4301175722217137,4.414765909836083,0.0,-65.21088,-66.76697,-74.191124,-79.052,-81.88309,-80.19843,-70.98795,-75.706055,-66.7913,-76.49754,-83.86403,-75.076385
16306.34870844756,3.8172315529292886,3.433678367331808,0.0,-65.20131,-70.36068,-76.177025,-80.400154,-80.6283,-81.41407,-67.897156,-74.48617,-69.104034,-75.1307,-85.03739,-75.23568
16309.66840484586,4.202026712607601,2.458467560203889,0.0,-62.785313,-71.81842,-76.28644,-80.02779,-80.27608,-83.39552,-65.69303,-72.975395,-73.400536,-74.440155,-87.16217,-75.38563
16312.988101244158,4.50136095692418,1.69984577752597,0.0,-61.725994,-72.24082,-76.62538,-79.48265,-79.59862,-84.26039,-66.3959,-72.82921,-75.30715,-74.30325,-88.82251,-75.57864
16316.307797642456,5.354899562369642,1.1162997024681407,0.0,-61.74667,-72.77071,-77.83191,-81.996445,-78.54262,-82.826744,-66.859604,-74.930016,-77.69724,-75.63723,-87.763245,-75.23771
16319.627494040757,4.75207408257785,2.1533207674488395,0.0,-60.97959,-72.28166,-77.15772,-80.307144,-79.87106,-85.17349,-64.00191,-71.64147,-74.782745,-74.50215,-87.06211,-75.23357
16322.947190439056,4.354442914409357,2.8373527324315244,0.0,-63.613155,-71.52937,-76.66735,-80.51946,-80.32845,-83.15315,-66.1604,-73.24473,-72.17116,-74.610916,-85.79406,-75.41679
16326.266886837357,3.9490741194353016,3.534695485128589,0.0,-65.23863,-70.83863,-76.30275,-80.65487,-80.55658,-81.40521,-68.11941,-74.45851,-68.72681,-75.68459,-84.49433,-75.307396
16329.586583235654,3.573327124415276,4.181080818863233,0.0,-65.05185,-67.930145,-74.609764,-79.530785,-81.5174,-80.63695,-70.26025,-75.24922,-67.004486,-76.29126,-83.698456,-75.10588
16332.906279633951,3.089347608071394,5.013655038587861,0.0,-65.63927,-64.04055,-73.02324,-77.22843,-81.47358,-78.26035,-73.69002,-76.28061,-66.81229,-73.04634,-84.052086,-75.05782
16336.225976032252,2.520348542420331,5.992485623582854,0.0,-65.84467,-60.078075,-72.37302,-75.60898,-78.746956,-74.709404,-79.52452,-76.97816,-67.10654,-65.98995,-83.06838,-77.929825
16339.545672430551,2.1253817957930456,6.671934070852959,0.0,-65.923744,-58.48762,-72.20662,-74.6215,-77.06336,-74.52986,-80.65147,-76.599434,-67.577354,-64.86505,-82.346596,-79.55928
16342.86536882885,1.6164380398895446,7.547453459888432,0.0,-67.40844,-57.956726,-70.576195,-74.07411,-76.20742,-76.56674,-75.830154,-76.25956,-69.93992,-65.2521,-83.406334,-81.52599
16346.18506522715,1.078943943923159,8.47208707028661,0.0,-72.81009,-62.304832,-68.6977,-74.261536,-77.46819,-77.849335,-71.97561,-76.8557,-71.55945,-70.128685,-84.94744,-82.5497
16349.504761625449,1.6249188727563122,9.437344208837978,0.0,-76.15879,-65.19311,-75.14656,-75.47329,-77.98099,-79.48993,-67.32649,-77.72346,-71.5765,-72.59237,-83.24865,-82.512535
16352.824458023748,2.077004893362642,10.236610320859205,0.0,-76.33267,-66.60738,-70.26361,-72.08172,-75.113976,-80.0834,-68.19554,-78.78588,-70.59448,-78.20397,-83.61774,-80.75926
16356.144154422049,2.6746087990638165,11.29314498122731,0.0,-78.42215,-68.4136,-65.8993,-69.73373,-72.829666,-80.21333,-71.763824,-81.620804,-69.088585,-82.15028,-85.83192,-78.12635
16359.463850820346,3.2308788319730435,12.27660336341966,0.0,-81.40383,-71.9588,-64.604836,-67.83824,-76.4436,-77.88432,-79.72523,-81.29783,-70.13637,-78.819626,-78.34519,-82.52867
16362.783547218643,3.707200545026297,13.118717001777169,0.0,-79.37597,-73.63198,-66.56802,-65.76327,-77.03879,-76.799194,-78.8022,-79.41028,-71.46202,-76.00392,-81.99239,-84.55016
16366.103243616944,4.225809352359436,14.035592167572371,0.0,-77.26844,-77.6206,-69.73468,-64.450195,-77.04016,-75.60968,-75.35069,-79.474,-72.58933,-72.97406,-80.54198,-83.70419
16369.422940015244,4.591039423542577,14.681301182410463,0.0,-75.745125,-77.81977,-69.83932,-63.949596,-77.17866,-74.96708,-72.55311,-81.54942,-75.129105,-71.74941,-78.46666,-82.41752
16372.742636413544,5.1096028615492255,15.598096137441486,0.0,-74.93064,-77.51911,-69.22655,-62.670452,-76.99048,-75.038055,-71.236305,-82.222626,-77.36816,-71.255936,-76.63034,-80.60659
16376.062332811842,5.698138666966331,16.638598837237698,0.0,-78.601776,-77.86797,-68.29819,-60.53938,-77.6211,-76.69888,-74.83792,-79.149864,-73.303566,-73.070114,-76.64381,-78.72824
16379.38202921014,5.3665854833595725,15.903319530372242,0.0,-76.00035,-77.63166,-68.83324,-62.186226,-77.13577,-75.128914,-72.616646,-81.30703,-76.09603,-71.56763,-76.40367,-79.73695
16382.70172560844,4.930717010458323,14.936702153476684,0.0,-74.17016,-77.745026,-69.80333,-63.8142,-77.14384,-74.99592,-71.333046,-81.84183,-77.35333,-70.74337,-77.183846,-81.611496
16386.02142200674,4.478038857746505,13.932806263416843,0.0,-76.819626,-76.41357,-69.91719,-64.55462,-77.34198,-75.78756,-75.71335,-78.04488,-72.24798,-72.63283,-79.48681,-83.70877
16389.34111840504,4.12094372397303,13.140883050405549,0.0,-78.3045,-72.109406,-68.400856,-65.3952,-77.181435,-76.9746,-78.48721,-77.12459,-70.942245,-75.21291,-81.99122,-84.32525
16392.660814803337,3.6387674072044938,12.071569632498491,0.0,-80.51275,-70.60225,-65.57606,-68.52126,-76.607056,-78.70811,-78.87169,-79.719475,-68.99921,-78.483284,-78.80539,-82.56966
16395.980511201637,3.2705949537431533,11.25508045437289,0.0,-75.632454,-67.628746,-66.33679,-70.55211,-75.479744,-81.03059,-73.25826,-80.992424,-67.65666,-80.20441,-83.4941,-78.83387
16399.300207599936,2.8351353889994635,10.28936990546611,0.0,-70.80432,-65.87472,-68.55896,-72.82903,-73.17697,-80.67043,-69.48184,-77.89485,-67.65534,-75.85141,-83.7298,-79.670334
16402.619903998235,2.336791152968235,9.184201194783377,0.0,-67.604164,-64.43827,-75.83801,-76.665886,-77.35665,-79.982925,-67.634155,-75.3731,-69.995094,-68.632805,-81.524124,-82.29213
16405.939600396534,1.8513138196309449,8.10756717404506,0.0,-67.24041,-60.282917,-70.59354,-75.37089,-76.31915,-78.06116,-71.89767,-77.24407,-69.83911,-65.49509,-82.32254,-82.49521
16409.259296794833,1.3747390951199256,7.050676302734137,0.0,-66.70035,-56.64302,-71.682816,-73.37409,-76.91973,-75.866234,-77.62253,-75.79533,-69.91552,-66.101585,-85.013214,-80.583984
16412.578993193132,2.349113534357014,6.62015519815106,0.0,-66.0447,-59.15531,-72.324066,-75.012505,-77.12107,-74.41513,-80.95739,-76.89058,-67.29939,-65.090355,-82.193245,-79.45417
16415.89868959143,3.234896674334589,6.228777591670744,0.0,-66.138756,-61.29647,-72.49073,-76.43892,-77.28368,-74.71203,-77.92037,-77.59622,-66.46841,-65.44169,-83.23249,-76.8524
16419.21838598973,4.223120213066967,5.792137351186625,0.0,-67.15459,-68.94018,-73.18673,-77.67384,-77.54816,-75.81731,-74.50296,-77.37601,-65.16762,-66.25023,-86.13652,-74.34895
16422.53808238803,4.934102805303553,5.477994247033874,0.0,-67.766685,-73.9585,-73.876335,-78.37139,-77.47778,-76.34617,-72.798294,-77.40513,-63.88645,-68.16063,-85.94545,-74.14206
16425.85777878633,5.85518168143572,5.071021445621878,0.0,-69.196976,-75.40009,-76.834816,-79.85484,-77.47037,-77.77945,-70.15912,-77.17887,-63.58413,-72.97481,-81.95533,-75.1398
16429.177475184628,6.728479982654556,4.685160185174984,0.0,-69.32225,-76.084335,-80.93625,-80.19068,-77.44809,-78.267426,-67.61878,-74.55226,-63.851685,-78.427284,-80.49971,-76.26928
16432.497171582927,7.811675025983439,4.206557393728612,0.0,-66.60039,-75.16757,-83.32594,-79.578445,-77.849976,-77.65454,-65.63068,-72.06193,-65.99295,-78.24461,-80.53944,-75.60286
16435.816867981226,8.560296013838778,3.87578400556594,0.0,-64.9745,-73.40619,-82.893265,-77.603325,-77.723946,-75.16317,-65.42723,-69.8151,-70.290436,-76.25301,-81.79736,-72.94536
16439.136564379525,9.31179344823423,3.5437396779247115,0.0,-66.209,-72.64549,-82.07317,-76.296135,-76.77827,-73.439674,-65.36831,-68.787575,-72.967804,-74.916214,-82.135124,-71.79281
16442.456260777824,10.277682045804156,3.116967988125877,0.0,-71.1843,-72.798676,-80.45605,-75.79161,-77.22544,-75.95338,-64.982666,-65.91977,-73.89875,-73.71163,-80.10844,-67.419075
16445.775957176123,11.414126181403102,2.614837426349133,0.0,-75.113266,-73.52924,-79.412926,-75.077774,-78.712715,-79.59036,-64.48668,-64.1147,-74.314705,-74.74587,-79.736496,-60.713974
16449.095653574423,12.232656955312024,2.253174847028572,0.0,-73.51363,-73.50056,-77.196396,-74.4482,-81.08477,-80.235054,-64.06321,-63.483578,-74.34609,-75.86098,-82.14732,-61.02294
16452.41534997272,13.06958766465178,1.8833823740994085,0.0,-74.69009,-72.72089,-76.00252,-74.3444,-81.55193,-79.12344,-64.927795,-63.61644,-74.92587,-78.995094,-81.496284,-62.46311
16455.73504637102,13.844135694302532,1.5411532885961192,0.0,-76.348656,-72.03816,-75.91041,-75.414505,-81.12946,-76.98102,-66.495476,-64.6569,-76.65219,-81.75655,-79.89614,-65.000916
16459.05474276932,14.802349685220962,1.1177725745862537,0.0,-78.2499,-72.32646,-76.06769,-78.257744,-78.78429,-76.44801,-63.334694,-67.047806,-78.80405,-80.686005,-78.21519,-73.629906
16462.37443916762,14.665028837878088,2.0285966737232624,0.0,-74.77455,-73.61168,-76.3015,-77.15968,-81.70195,-76.65346,-64.737495,-67.4492,-77.99451,-83.61308,-81.016304,-70.47893
16465.69413556592,14.484133049340658,3.2284453989564152,0.0,-72.94838,-74.3294,-76.80906,-77.312126,-80.31998,-75.71744,-67.77815,-68.29632,-75.7113,-79.94761,-81.61413,-68.94789
16469.013831964217,14.32898492678878,4.257514558450245,0.0,-75.11973,-75.109955,-76.82993,-78.09887,-78.06838,-74.04974,-68.65732,-70.432945,-74.269325,-79.49262,-78.04336,-66.71849
16472.333528362517,14.192702275948744,5.161452489807766,0.0,-78.78327,-78.65492,-75.60184,-79.17822,-76.27074,-72.054306,-69.90275,-73.58235,-73.415794,-79.953445,-73.867096,-61.813168
16475.653224760816,14.03298414189078,6.220833700921008,0.0,-81.61086,-79.983955,-75.15914,-81.70054,-75.26646,-71.054245,-69.417885,-77.90549,-75.54244,-81.63307,-73.07736,-64.10978
16478.972921159115,13.89269766918917,7.151328251398903,0.0,-81.61459,-78.85816,-75.872925,-82.45876,-75.438934,-71.87419,-66.653625,-79.053894,-76.91314,-80.7327,-72.842735,-66.008934
16482.292617557414,13.77707607336485,7.918225178524035,0.0,-78.87079,-76.203255,-78.31185,-80.627846,-75.36051,-71.84032,-64.193794,-79.93728,-76.19431,-77.47507,-72.9667,-67.5512
16485.612313955713,13.620141513423611,8.95914345093344,0.0,-75.82862,-73.10179,-74.09035,-77.21935,-74.290184,-67.019966,-62.94494,-78.77045,-70.46346,-75.19937,-72.79137,-68.18121
16488.932010354012,13.474779351644433,9.923304120001736,0.0,-74.99378,-74.24029,-72.48069,-77.889206,-74.82365,-68.03717,-61.885693,-78.08248,-71.042786,-75.75155,-72.74825,-69.647
16492.25170675231,13.316260909860372,10.974727991382776,0.0,-74.38886,-76.88533,-75.68963,-81.431,-75.26961,-72.71496,-61.590313,-79.79784,-71.39661,-75.38456,-71.12362,-71.53683
16495.57140315061,13.14457203481894,12.113508941015285,0.0,-77.220146,-76.7891,-75.28881,-76.965546,-68.80187,-71.23793,-62.801777,-80.33761,-71.005424,-74.31992,-64.558235,-74.76015
16498.89109954891,13.032652474927668,12.855850939963542,0.0,-82.32462,-75.8486,-74.15297,-72.11243,-62.934704,-69.87759,-64.40809,-81.43395,-70.90533,-73.40209,-60.99467,-76.655685
16502.21079594721,12.897331245936266,13.753411935800218,0.0,-81.032585,-76.04155,-73.58692,-71.99253,-64.483475,-68.44323,-66.700294,-81.79423,-72.27764,-71.67246,-60.834827,-76.498085
16505.530492345508,12.760898017014089,14.65834862407391,0.0,-78.22681,-78.66267,-73.26908,-75.361336,-66.08319,-67.333496,-71.264565,-81.3991,-77.553406,-70.905624,-61.790924,-75.85555
16508.850188743807,12.597069107828307,15.744995855787767,0.0,-81.78692,-80.02828,-75.61581,-77.43982,-63.398125,-70.182335,-72.835045,-81.33279,-82.17332,-69.95565,-67.357445,-78.92324
16512.169885142106,12.463494720600284,16.630970369263974,0.0,-83.85129,-78.29484,-78.75846,-74.72097,-62.23688,-74.71919,-72.16951,-82.32139,-82.122215,-69.88485,-72.99953,-79.993126
16515.489581540405,11.711883049324571,16.249901955626836,0.0,-82.26369,-79.661125,-76.92643,-73.22315,-63.08474,-74.011116,-73.64833,-82.65429,-81.23944,-70.53969,-73.407875,-80.06555
16518.809277938704,10.61117359562785,15.691840364215295,0.0,-80.220474,-81.07097,-72.91186,-68.78548,-64.73275,-73.59011,-75.46558,-83.65951,-75.190544,-67.73827,-75.08757,-81.3597
16522.128974337003,9.697025473990324,15.228365689919032,0.0,-79.54516,-81.64027,-71.20715,-66.48375,-66.04332,-72.93103,-75.362526,-82.33458,-73.047104,-66.62854,-74.991104,-81.182106
16525.448670735303,8.690265783264069,14.71793679036814,0.0,-79.10665,-81.91078,-70.4561,-63.560024,-66.68756,-72.31385,-74.7973,-78.61296,-71.02272,-65.15011,-74.2143,-78.86344
16528.7683671336,7.833688281363803,14.283650519570385,0.0,-78.26121,-80.360565,-70.01709,-62.74603,-68.68529,-72.77516,-73.97249,-75.69832,-71.151726,-64.418976,-73.47199,-78.614296
16532.0880635319,6.945522275114624,13.833348822587215,0.0,-77.278275,-77.15237,-69.94026,-63.704273,-71.70453,-73.22695,-75.95669,-74.34324,-71.02517,-64.79854,-73.4794,-81.09474
16535.4077599302,6.048632317698191,13.378624067316103,0.0,-77.44993,-72.41457,-70.26368,-64.4675,-75.87855,-75.37656,-77.314354,-72.42378,-70.87458,-68.10591,-76.13857,-83.64218
16538.7274563285,5.090365221773483,12.892780996964497,0.0,-78.021194,-70.55273,-70.16702,-64.77828,-78.29657,-77.74013,-78.675804,-72.69429,-68.94588,-75.57652,-78.6707,-84.032936
16542.0471527268,4.421174814002798,12.553500306075888,0.0,-78.4766,-70.477875,-68.13172,-66.11042,-77.88186,-78.154976,-79.54395,-74.882645,-68.59766,-76.24153,-82.15576,-84.00251
16545.366849125097,3.528275778824474,12.100798955262617,0.0,-80.86257,-70.82957,-65.34406,-68.43747,-76.50586,-78.57016,-78.982994,-80.14515,-69.20487,-78.66788,-78.43353,-82.44242
16548.686545523396,2.597930099921673,11.629112091497024,0.0,-78.7348,-69.49318,-65.255486,-68.97166,-73.56124,-79.10738,-73.45194,-82.889755,-69.64055,-81.66894,-85.90237,-78.82721
16552.006241921696,1.837165319596219,11.24340303578535,0.0,-79.2473,-68.398895,-65.71219,-69.19942,-72.553116,-79.76347,-70.65455,-81.93679,-70.83893,-80.86677,-85.388985,-79.52489
16555.325938319995,1.0308903451169464,10.83462023314652,0.0,-80.21433,-67.42381,-69.84217,-67.87347,-78.3163,-79.52097,-69.10536,-82.76018,-74.21004,-74.570435,-85.269356,-82.2115
16558.645634718294,1.5877317773231538,11.956442540698658,0.0,-77.917175,-70.784645,-64.496346,-66.92602,-72.471855,-78.72024,-75.33874,-84.98164,-71.52534,-79.48486,-86.527626,-79.170425
16561.965331116593,2.042312286933413,12.872248238271752,0.0,-79.35663,-75.609085,-63.742203,-66.54514,-75.16284,-76.26081,-81.37036,-84.255424,-71.824265,-79.58248,-79.6385,-82.85253
16565.285027514892,2.4217906245653804,13.636751811042354,0.0,-79.63463,-78.46568,-64.716644,-65.37103,-76.22791,-75.396774,-79.12015,-82.93771,-72.914314,-79.520515,-80.250725,-85.199646
16568.60472391319,2.874568876334264,14.548926649032309,0.0,-75.089714,-78.363785,-68.879944,-63.241257,-76.27937,-74.981636,-74.38572,-80.773445,-73.24349,-80.49096,-87.14363,-84.65922
16571.92442031149,3.3660508313596536,15.539074631955106,0.0,-74.326996,-78.167404,-71.77561,-61.516346,-77.03475,-74.21404,-70.944756,-80.66472,-73.49076,-79.59389,-84.14673,-83.38169
16575.24411670979,3.8586050634430342,16.53138284264466,0.0,-75.58252,-77.359886,-72.260956,-60.10345,-78.10348,-75.17072,-70.959076,-80.06838,-74.354836,-78.46279,-79.00693,-82.398506
16578.56381310809,4.585664626803961,15.638477450265915,0.0,-76.26137,-77.304115,-69.76241,-62.097416,-77.31763,-74.75356,-70.81379,-81.8338,-75.38709,-73.270454,-77.514755,-81.08978
16581.883509506388,5.210663534262835,14.87091324669348,0.0,-74.01719,-77.934364,-69.82493,-63.927067,-77.25333,-75.17941,-71.40029,-80.57878,-77.10832,-70.49108,-76.34103,-81.45368
16585.203205904687,5.810470288803581,14.13428764886917,0.0,-76.725876,-75.25865,-70.19962,-63.975018,-77.761116,-74.99615,-74.197685,-74.44367,-73.2487,-73.73617,-75.55267,-82.30956
16588.522902302986,6.517288370212435,13.266240919102874,0.0,-76.6693,-73.7168,-70.30971,-64.97299,-72.942444,-74.43133,-77.737946,-73.47824,-70.3083,-63.837013,-75.07476,-83.656
16591.842598701285,7.288083934678668,12.319623130661986,0.0,-75.39602,-75.43176,-70.15965,-69.17587,-66.91663,-73.55655,-75.64622,-79.581726,-68.48555,-59.454376,-76.27213,-83.16458
16595.162295099584,7.847553636151137,11.632535664254084,0.0,-74.45412,-72.912636,-69.96659,-67.52107,-69.497154,-73.35435,-70.56211,-81.58333,-69.221634,-56.229416,-78.089966,-77.84096
16598.481991497883,8.534435528281143,10.788972665680705,0.0,-73.437965,-71.99263,-72.66884,-65.73924,-71.63592,-71.62493,-71.29017,-75.176765,-70.09222,-63.153675,-78.38176,-74.66245
16601.801687896183,9.268485585143557,9.887482214171438,0.0,-70.70255,-72.11492,-74.14212,-66.17744,-73.15864,-69.65292,-71.15524,-70.82685,-69.466194,-72.90024,-76.07514,-75.839745
16605.12138429448,9.809446438859624,9.22312555387798,0.0,-70.78528,-72.53065,-74.20859,-67.97991,-73.6019,-69.00159,-69.080894,-70.0812,-67.37438,-75.86014,-73.48216,-76.88488
16608.44108069278,10.50732787789726,8.36605395815178,0.0,-70.93488,-73.80508,-76.56721,-71.50621,-74.50112,-68.98938,-67.55874,-70.21091,-67.12327,-77.20726,-73.205574,-75.755005
16611.76077709108,11.133404450439148,7.597166268839946,0.0,-72.55827,-74.695335,-76.825745,-76.00364,-75.04736,-70.60564,-69.115395,-71.64635,-72.46738,-73.758835,-74.53536,-70.80983
16615.08047348938,11.886381236501473,6.672431808979328,0.0,-77.0799,-76.02479,-74.924324,-79.79512,-76.706764,-71.804375,-68.8067,-73.65374,-78.22831,-76.372314,-75.94346,-69.107056
16618.40016988768,12.499604347238208,5.919329518739201,0.0,-78.979095,-76.280304,-74.97681,-80.973,-77.36141,-72.74564,-68.225746,-76.37261,-75.507576,-77.891495,-75.79383,-65.2516
16621.719866285977,13.149211584690358,5.121543705197345,0.0,-75.64374,-73.698906,-74.64816,-79.48575,-77.57937,-72.348724,-67.558624,-73.623436,-71.988174,-77.82864,-78.97361,-58.87141
16625.039562684276,13.622971743230575,4.539716546086348,0.0,-74.22717,-73.29814,-75.044685,-78.38229,-77.95144,-73.42273,-67.5375,-71.79715,-72.35516,-78.20084,-80.10258,-59.324257
16628.359259082576,14.304016571763396,3.7033220737579016,0.0,-73.30801,-73.712296,-77.013245,-77.81572,-79.48393,-74.84699,-67.992,-69.12248,-75.0198,-78.99228,-81.35449,-67.81965
16631.678955480875,14.92086330727443,2.945769592276262,0.0,-72.08532,-75.04779,-77.45415,-77.00928,-80.76693,-76.102356,-67.98058,-67.989456,-76.62803,-82.32968,-81.16103,-71.5489
16634.998651879174,15.426636787568016,2.324626716734276,0.0,-73.6706,-75.08761,-77.76503,-78.55125,-81.726234,-76.336205,-62.534332,-68.539696,-79.347305,-84.842514,-81.63487,-72.21218
16638.318348277473,16.062311906059914,1.5439510063720905,0.0,-77.51429,-73.89288,-77.99889,-79.16433,-78.697876,-76.80929,-62.790188,-69.274925,-81.6794,-82.10153,-78.871895,-74.340935
16641.638044675772,16.957518760206362,1.9243428180613171,0.0,-78.35229,-73.75142,-80.717606,-80.86257,-77.41703,-77.061844,-63.612263,-68.74457,-84.31121,-82.88664,-77.07218,-72.67657
16644.95774107407,17.858413035614955,2.30715133206658,0.0,-82.370346,-74.68047,-82.892746,-82.56844,-76.771515,-77.059784,-67.05962,-68.83698,-86.35074,-82.443756,-76.97317,-71.6587
16648.27743747237,19.00748763135758,2.7954167706253177,0.0,-81.76784,-74.369965,-82.84397,-82.589676,-78.07155,-77.905754,-70.78313,-70.15718,-86.34854,-81.99671,-79.34435,-71.263176
16651.59713387067,19.637762184569432,1.877461705230289,0.0,-84.832924,-76.23158,-79.85651,-82.763824,-78.797455,-80.022415,-72.44287,-78.611465,-82.70242,-78.116646,-82.07282,-72.0529
16654.91683026897,18.721925930184263,1.1125580738993386,0.0,-83.69499,-76.35727,-76.62433,-77.50681,-77.05367,-78.33679,-72.61966,-73.62392,-80.83973,-78.906296,-78.93899,-73.35659
16658.236526667268,18.746112775524075,2.047649246142033,0.0,-84.2151,-74.900894,-81.9533,-83.344406,-77.390015,-77.92682,-71.14892,-71.65467,-85.14858,-79.34039,-79.133095,-71.54343
16661.556223065567,18.77500653291999,3.1647150351793307,0.0,-79.187485,-74.29239,-81.6342,-81.08614,-77.41971,-77.5598,-69.34414,-68.251884,-86.258896,-83.6476,-78.938705,-71.348045
16664.875919463866,18.7994250781658,4.108763991443213,0.0,-77.52325,-75.10315,-79.382034,-78.88471,-76.99929,-79.10291,-68.13533,-66.08397,-81.570274,-82.05805,-79.95087,-72.55061
16668.195615862165,18.82127777425361,4.953614277386886,0.0,-80.19032,-76.67986,-78.62329,-79.93729,-77.37473,-80.42236,-64.90018,-66.810394,-79.716095,-78.1168,-81.72027,-74.22935
16671.515312260464,18.84832627225945,5.999340222723583,0.0,-81.49923,-79.20964,-78.54558,-80.506386,-79.87354,-79.14486,-56.369057,-69.252304,-84.6419,-75.57268,-83.10454,-75.841835
16674.835008658763,18.86844099748185,6.776998562341486,0.0,-81.875114,-80.635544,-78.04886,-78.93114,-78.485176,-75.95841,-53.95331,-71.72205,-83.48996,-74.748985,-82.451546,-75.58778
16678.154705057063,18.88933853677016,7.584921391282203,0.0,-80.49082,-78.10503,-76.774345,-78.09313,-76.99192,-72.49899,-62.972073,-74.417046,-80.25218,-76.5981,-77.294365,-73.18867
16681.47440145536,18.914889679261428,8.572757855633752,0.0,-78.304756,-74.831924,-74.75151,-79.203026,-73.88845,-71.72785,-66.98561,-75.92005,-74.95801,-83.455696,-74.46157,-73.71517
16684.79409785366,18.93903410392049,9.50620899572148,0.0,-78.58866,-74.40376,-76.49789,-79.398926,-71.803604,-73.87659,-67.37433,-74.68605,-73.67814,-83.029,-77.30924,-72.00164
16688.11379425196,18.968717665804736,10.65380953182718,0.0,-82.79213,-77.16514,-83.252426,-81.675644,-72.96384,-73.14357,-68.30831,-75.16508,-72.5356,-81.348785,-78.99345,-73.87703
16691.43349065026,19.00078987526484,11.893757921917436,0.0,-80.50984,-79.14568,-82.38204,-81.85989,-72.8263,-70.11456,-70.26229,-76.9099,-77.90317,-79.35628,-77.740456,-75.79073
16694.753187048558,19.02439359931263,12.806304956433465,0.0,-78.671936,-78.03309,-83.36491,-82.29432,-72.77921,-69.747505,-72.63948,-78.10646,-82.00349,-77.68153,-73.692474,-76.684654
16698.072883446857,19.0558345262964,14.02184724219227,0.0,-78.12285,-77.80581,-83.6483,-82.91243,-73.15017,-71.54457,-78.42165,-80.429695,-80.5482,-77.40185,-71.614815,-79.095146
16701.392579845156,19.07729105300706,14.851381165787584,0.0,-78.44479,-77.584465,-80.09717,-83.54044,-75.15311,-76.108,-80.087975,-80.742355,-78.381424,-78.35657,-71.623886,-79.36242
16704.712276243456,19.099415569133956,15.706740326097258,0.0,-80.488525,-75.53091,-76.740974,-82.73274,-76.19851,-79.30089,-78.1908,-80.67712,-76.44369,-79.522095,-72.120094,-78.93334
16708.031972641755,18.0132107549139,15.284599603932037,0.0,-80.96704,-75.87958,-77.49486,-81.1768,-79.0466,-78.42295,-77.19024,-79.86534,-77.56271,-80.36042,-71.64561,-74.793945
16711.351669040054,17.309157120706146,15.010977441981922,0.0,-80.66284,-76.00099,-78.40448,-79.51059,-75.50677,-74.37654,-75.368095,-79.13292,-79.36597,-79.6703,-70.55483,-72.67448
16714.671365438353,16.250964978590712,14.59972351526928,0.0,-79.344185,-78.21296,-80.08299,-78.53008,-70.14401,-65.01746,-68.80695,-79.76368,-79.62344,-77.00924,-69.20682,-71.142
16717.991061836652,15.159727912628204,14.175627067667316,0.0,-78.420944,-81.10136,-78.19528,-77.986275,-66.20752,-62.09135,-66.90447,-80.82777,-76.45694,-73.49792,-67.17134,-72.12329
16721.31075823495,14.007970253773896,13.728010003645,0.0,-80.480606,-77.4293,-74.8069,-76.32365,-63.89893,-65.530716,-66.76861,-82.11241,-72.374374,-73.42416,-63.68322,-75.71282
16724.63045463325,13.028990255277948,13.34754094464241,0.0,-82.88054,-75.56585,-73.8266,-71.70321,-62.735718,-68.90857,-65.44664,-81.705444,-71.38999,-72.681786,-60.722164,-77.95851
16727.95015103155,12.021290919421444,12.955910453049226,0.0,-80.895226,-75.148865,-73.11073,-70.24505,-64.59333,-70.74567,-64.66639,-77.22477,-72.79619,-71.14595,-62.45114,-76.438515
16731.26984742985,11.18003760765249,12.628967250528962,0.0,-78.09368,-74.61895,-73.23313,-69.24644,-66.35343,-71.61034,-64.138985,-70.95783,-73.00004,-69.7931,-66.48506,-75.78819
16734.589543828148,10.482861012607732,12.358017768943196,0.0,-75.034195,-73.78697,-73.66275,-68.23024,-67.78864,-71.54438,-64.53448,-68.84571,-72.937904,-68.44655,-69.65422,-74.785706
16737.909240226447,9.528713701143957,11.987199641606372,0.0,-74.79806,-72.896996,-74.46132,-66.97904,-69.00359,-71.27791,-67.11217,-72.34976,-72.312645,-65.49234,-72.99405,-72.88224
16741.228936624746,8.649905490306992,11.64566116938571,0.0,-74.37801,-72.30828,-72.414055,-66.18806,-69.56271,-71.74649,-69.47352,-79.268425,-70.93131,-58.878193,-75.6066,-74.092545
16744.548633023045,7.889215441629082,11.350027931262591,0.0,-73.811485,-72.4113,-69.67569,-66.80052,-70.49002,-73.5093,-70.53939,-80.40549,-69.22011,-55.73142,-78.787224,-75.323135
16747.868329421344,7.065004099987903,11.029707889938704,0.0,-73.15992,-72.69761,-68.35177,-67.89839,-71.633705,-75.97223,-71.82459,-79.37239,-66.79192,-56.90982,-83.470894,-77.68647
16751.188025819643,6.203304836905527,10.694818608981103,0.0,-71.90144,-72.92805,-67.428986,-71.26698,-73.28964,-78.28665,-73.09984,-77.96476,-64.14466,-59.104122,-90.16261,-79.67914
16754.507722217943,5.381469979198594,10.375422160179625,0.0,-69.98984,-72.33023,-67.80886,-72.98698,-77.04492,-82.57406,-73.16602,-77.37124,-62.403526,-61.314877,-88.299034,-80.65262
16757.82741861624,4.445111987086399,10.01151764252266,0.0,-66.09244,-67.21542,-69.376854,-74.52061,-77.98717,-82.03192,-72.54446,-77.81401,-62.854263,-65.5374,-81.98128,-80.95937
16761.14711501454,3.5712489548261424,9.671901055777257,0.0,-65.677505,-65.48556,-71.14303,-74.404526,-77.00105,-80.72831,-70.34623,-76.52014,-64.5895,-66.69292,-79.97729,-81.40677
16764.46681141284,2.768577785923618,9.359952349174424,0.0,-65.97918,-64.67078,-74.38837,-76.070076,-77.30542,-80.12573,-68.32261,-75.36261,-68.638336,-67.48991,-81.471344,-81.9731
16767.78650781114,1.8991863191171243,9.02207358373597,0.0,-70.892075,-63.73286,-75.143234,-76.21492,-77.88585,-79.48131,-67.28598,-76.27178,-70.90697,-69.65034,-82.42924,-82.59509
16771.106204209438,1.0626942193754632,8.69698077025585,0.0,-74.13539,-63.906757,-68.93895,-74.466995,-77.69271,-78.06703,-70.79757,-77.35353,-71.82987,-70.66938,-84.80106,-82.593994
16774.425900607737,2.060663906354576,8.077362267516666,0.0,-65.62323,-60.664623,-71.695854,-75.74507,-76.51806,-78.11139,-71.80799,-76.82319,-69.310814,-64.57544,-81.8365,-82.49708
16777.745597006036,2.8494115045548285,7.587645383113746,0.0,-64.44896,-61.41797,-74.2001,-75.77548,-77.250046,-77.05587,-75.58374,-76.56607,-66.57156,-62.89631,-81.241585,-81.11205
16781.065293404336,3.5691877701500783,7.140751356356935,0.0,-64.589195,-62.805447,-75.29004,-76.63377,-77.04197,-75.7939,-76.89028,-77.37258,-64.38993,-62.438946,-82.743034,-79.70013
16784.384989802635,4.460231590523147,6.587520887477854,0.0,-67.3039,-67.86049,-75.571754,-77.544464,-79.06804,-76.10437,-74.673904,-76.82088,-62.81112,-63.0815,-88.088104,-73.59388
16787.704686200934,5.252491860483308,6.0956230586586,0.0,-69.04013,-71.0827,-76.230896,-78.226395,-78.743164,-76.182236,-72.55933,-76.80134,-62.587166,-64.41522,-88.930725,-72.99463
16791.024382599233,5.929594111983297,5.675224434582421,0.0,-69.87817,-73.60653,-78.495804,-79.311005,-76.93619,-77.32914,-70.28309,-76.72177,-62.464214,-67.91897,-84.47129,-73.2234
16794.344078997532,6.660816931438302,5.221223481977416,0.0,-70.38232,-74.85397,-81.70521,-79.729965,-77.0308,-78.55021,-66.96121,-75.63633,-63.59335,-72.67397,-79.960945,-74.41569
16797.66377539583,7.601902308455169,4.63692325736635,0.0,-68.836494,-76.19155,-83.37194,-79.66966,-77.92538,-78.37423,-65.86314,-72.74887,-64.74851,-78.79554,-79.70495,-74.99089
16800.98347179413,8.661956019767068,3.9787580826159656,0.0,-65.7868,-73.72004,-82.7783,-77.49098,-77.615166,-75.110344,-65.370224,-70.24272,-70.58296,-75.81373,-81.72926,-72.66218
16804.30316819243,9.57538736493512,3.4116276679023647,0.0,-67.29921,-72.27537,-81.929276,-76.02073,-76.83399,-73.946724,-65.26302,-68.100845,-73.35035,-74.41187,-81.59592,-71.15914
16807.62286459073,10.579808607060988,2.7880035295286225,0.0,-73.95327,-73.12293,-80.48281,-75.63064,-76.821754,-78.99208,-64.85589,-64.41832,-74.23762,-74.35693,-78.72905,-64.65928
16810.942560989028,11.630237002046025,2.1358145123395915,0.0,-73.88311,-73.687126,-79.55222,-74.50465,-79.71875,-80.80367,-64.41704,-63.433956,-74.33612,-76.316795,-79.90625,-61.641983
16814.262257387327,12.59868464540638,1.5345256289300535,0.0,-74.86677,-72.71505,-77.355965,-75.09322,-81.38943,-79.348145,-65.21445,-62.97769,-75.0149,-79.32585,-81.07911,-62.329964
16817.581953785626,13.351894490131532,2.527769030644345,0.0,-73.44519,-73.04296,-75.4772,-75.14042,-81.50888,-78.44291,-65.51286,-65.13767,-74.34444,-78.10882,-82.33067,-62.654873
16820.901650183925,13.89002139873567,3.2373866823506976,0.0,-73.658676,-73.42453,-75.87692,-76.76117,-80.88384,-75.5262,-67.02446,-67.84606,-74.65628,-78.34737,-82.6662,-65.37539
16824.221346582224,14.37286708522394,3.874106044835511,0.0,-74.017235,-74.04746,-77.119125,-77.89764,-78.97626,-74.66378,-68.17669,-69.416885,-75.01963,-79.19507,-80.51588,-68.02774
16827.541042980523,15.006292115472638,4.709391505031229,0.0,-78.51953,-79.64775,-78.12735,-78.18023,-76.758545,-72.58368,-70.35929,-71.047356,-75.30739,-81.02702,-74.773224,-69.09335
16830.860739378822,15.680358334785003,5.598269723152252,0.0,-79.18648,-82.32884,-78.37416,-79.10135,-75.66657,-68.84114,-65.52559,-71.724106,-77.378,-79.52448,-75.83268,-69.12172
16834.18043577712,16.215258213819585,6.303631952748096,0.0,-79.72572,-82.4487,-78.06584,-80.11932,-74.89463,-68.362274,-58.380688,-72.94554,-78.92956,-78.32391,-76.37909,-69.02488
16837.50013217542,16.804190180761058,7.080245262199313,0.0,-80.04242,-81.29453,-76.90248,-80.33177,-73.95296,-68.89263,-46.72434,-75.42721,-78.40703,-78.84521,-74.82447,-69.73143
16840.81982857372,17.268731449615466,7.692826939596258,0.0,-79.7636,-79.44375,-75.880775,-80.73175,-72.649345,-70.4163,-51.281006,-75.58694,-77.00374,-80.54502,-74.31669,-70.711235
16844.13952497202,18.012939743899157,8.674200169081933,0.0,-77.201485,-75.808556,-74.673355,-80.34304,-70.91789,-71.35033,-64.024086,-73.50181,-74.93518,-82.27658,-74.869705,-71.29181
16847.459221370318,18.59841970480121,9.446261384259095,0.0,-78.24263,-74.894455,-77.39301,-79.7904,-71.55754,-72.95988,-66.33995,-73.71996,-73.93078,-82.35872,-77.42162,-71.50111
16850.778917768617,19.176225486274365,10.208202805948826,0.0,-81.23168,-75.32896,-80.9804,-79.42681,-73.222046,-75.91838,-68.15074,-74.655914,-72.86421,-82.611046,-78.6663,-73.007835
16854.098614166916,18.30270133613739,9.992779285030547,0.0,-80.65358,-76.51411,-81.87826,-80.40741,-72.11312,-72.21382,-66.86221,-73.651825,-73.12245,-80.53171,-78.264015,-71.98713
16857.418310565216,17.5378053201717,9.8041450121603,0.0,-80.82106,-77.748856,-84.06405,-81.6475,-72.70578,-71.23266,-65.14605,-72.80348,-72.642914,-78.71835,-77.49968,-71.28802
16860.738006963515,16.648534136340697,9.584838048017408,0.0,-81.23244,-79.01069,-84.36353,-82.97445,-74.30547,-69.56511,-63.47965,-74.70346,-73.0049,-76.510216,-74.36112,-70.57462
16864.057703361814,15.819613372580246,9.380414358685474,0.0,-80.23988,-78.129776,-83.91577,-83.15376,-75.5204,-69.90694,-58.90341,-77.25267,-74.01153,-75.594154,-73.079506,-70.03017
16867.377399760113,14.870353959850236,9.146313441243125,0.0,-79.069916,-76.23669,-78.89842,-80.58219,-75.47622,-70.08192,-57.533382,-78.631035,-74.0519,-75.58422,-72.93817,-68.885735
16870.697096158412,14.021057306697484,8.936864766815996,0.0,-77.51796,-74.17136,-75.90893,-78.09709,-74.675415,-67.95883,-61.288876,-79.005806,-71.61516,-75.88466,-72.84197,-68.06957
16874.01679255671,13.208961095657926,8.736590252277272,0.0,-74.57234,-72.40024,-73.42064,-77.39453,-74.15994,-66.82188,-64.49654,-78.3752,-70.13698,-74.51133,-72.79621,-68.49362
16877.33648895501,12.31715475694259,8.51665808276236,0.0,-72.91486,-72.55736,-74.05894,-77.76664,-74.542465,-67.29371,-66.01486,-76.97316,-69.29145,-74.42145,-72.77926,-69.913666
16880.65618535331,11.466713154606229,8.306927047527727,0.0,-72.085075,-73.34757,-74.99283,-75.576416,-74.88395,-68.159065,-67.340096,-72.913445,-69.01062,-76.036514,-72.91121,-72.657135
16883.97588175161,10.520719470861568,8.073631505456259,0.0,-71.022316,-73.81017,-77.79138,-72.62254,-74.86635,-69.489105,-68.234985,-70.16988,-67.48253,-76.03888,-74.34647,-73.86777
16887.295578149908,9.458894112713056,7.811770219518379,0.0,-70.51766,-73.03703,-79.62074,-72.024895,-73.541916,-71.479095,-67.556244,-69.4501,-65.67798,-73.3803,-80.00202,-73.390366
16890.615274548207,8.517000978505363,7.579485931478999,0.0,-71.294975,-70.414986,-80.01456,-71.21703,-72.41809,-73.98876,-68.26019,-70.93336,-62.19898,-71.331024,-84.155495,-73.67981
16893.934970946506,7.710634306137953,7.380624402939344,0.0,-71.24671,-69.263466,-80.8742,-70.386024,-71.01011,-76.10526,-69.27175,-72.361916,-61.465977,-69.41637,-84.16562,-73.71833
16897.254667344805,6.557074423158136,7.096140074094378,0.0,-69.99391,-68.96913,-80.520485,-71.9444,-69.34366,-77.83184,-70.63129,-75.05028,-61.236748,-66.17584,-86.176476,-73.305984
16900.574363743104,5.733610353761473,6.893062083461487,0.0,-69.24958,-69.00487,-77.85214,-75.94134,-73.95625,-77.51819,-72.36961,-75.94542,-61.58051,-63.235645,-90.2203,-73.35602
16903.894060141403,4.83384080757776,6.671166073347123,0.0,-68.33901,-68.70375,-76.34555,-77.78414,-79.57047,-76.34136,-73.66282,-76.63379,-62.13645,-62.71934,-90.02656,-73.40343
16907.213756539702,3.969557160439437,6.458021392333518,0.0,-65.81244,-65.108955,-73.003494,-77.15587,-77.86677,-75.64091,-76.12137,-77.1675,-64.76763,-63.934372,-85.4154,-74.37578
16910.533452938,2.790366922560428,6.167216252216301,0.0,-66.21879,-60.3301,-72.43664,-75.867165,-78.0833,-74.34365,-79.32026,-77.34619,-66.837296,-65.99086,-82.934814,-77.95029
16913.8531493363,2.053021278541064,5.985376294221439,0.0,-65.74768,-58.476704,-72.000175,-75.101364,-78.87884,-75.187744,-80.96858,-76.57786,-67.70122,-67.78482,-83.72549,-78.237885
16917.1728457346,1.032945446371185,5.733811037170197,0.0,-67.840164,-55.761982,-71.25281,-74.22824,-79.93985,-77.54237,-80.33261,-76.251045,-69.048454,-71.445656,-87.54448,-79.91013
16920.4925421329,1.3452500692236975,6.694938757950398,0.0,-66.66571,-56.496944,-71.61905,-73.01118,-77.55563,-75.18955,-79.04858,-75.77391,-69.403114,-67.36242,-85.63117,-79.974915
16923.812238531198,1.6749107841167898,7.709480421285305,0.0,-67.47816,-58.452267,-70.084885,-74.31163,-76.17248,-76.98484,-74.96935,-76.43797,-69.93237,-65.38033,-82.99471,-81.84958
16927.131934929497,2.035663124909149,8.819707583166373,0.0,-68.2419,-63.626175,-75.07103,-76.30602,-77.8137,-79.483696,-67.29866,-76.09115,-70.294044,-67.72569,-82.04752,-82.69179
16930.451631327796,2.3484497654831897,9.782318729295312,0.0,-70.76422,-65.351555,-72.804184,-74.36938,-75.460526,-80.1697,-68.05086,-77.11256,-69.70829,-73.286194,-82.46476,-81.15591
16933.771327726095,2.6580292664867047,10.735059798198083,0.0,-76.02969,-67.12446,-66.87654,-71.10365,-71.92967,-80.568756,-70.13605,-79.59648,-68.45229,-81.28006,-84.84672,-78.715836
16937.091024124395,2.890812175300552,11.451456835620414,0.0,-78.42013,-68.78803,-65.72672,-69.56497,-74.29432,-79.87362,-72.821045,-82.12072,-68.90398,-81.34753,-85.05114,-78.6523
16940.410720522694,3.215979925214944,12.452171251858944,0.0,-81.63072,-72.70998,-64.58884,-67.345695,-76.501465,-77.45417,-80.18566,-81.29381,-70.89811,-78.34749,-78.48348,-83.34156
16943.730416920993,3.498583891594689,13.321894228128436,0.0,-79.84471,-77.497284,-66.05875,-65.50983,-76.89485,-76.31739,-78.48068,-80.96021,-72.12032,-76.06082,-81.94266,-84.682625
16947.050113319292,3.7998388872880375,14.249016358885804,0.0,-78.24452,-78.16499,-69.10906,-64.09253,-76.7231,-75.333626,-74.44648,-81.434906,-73.34444,-75.32822,-83.34475,-83.77584
16950.36980971759,4.165490862731021,15.374322307117833,0.0,-76.53115,-77.62463,-70.074005,-62.387215,-77.33018,-74.465416,-70.83729,-81.6308,-74.29514,-74.73734,-78.68163,-81.99137
16953.68950611589,4.47314366729495,16.32113390452992,0.0,-77.80075,-77.12633,-70.89636,-60.499676,-77.9829,-75.21304,-71.87031,-80.419334,-73.67623,-75.80772,-77.971436,-80.96262
16957.00920251419,5.47460894257829,15.83192385626536,0.0,-75.9142,-77.74654,-68.90662,-62.447628,-76.992455,-75.11906,-72.5575,-81.46488,-76.6549,-71.28631,-76.11177,-79.74631
16960.32889891249,6.365347125770848,15.396803357986046,0.0,-78.09765,-78.35787,-68.83894,-62.61265,-77.053856,-74.28971,-72.182625,-77.36455,-75.68715,-72.61894,-74.233116,-78.39312
16963.648595310788,7.418236981508654,14.882472696848518,0.0,-79.16741,-79.71035,-69.78939,-61.860046,-72.41193,-72.62286,-72.50549,-73.245895,-72.133484,-66.56274,-73.27775,-76.34093
16966.968291709087,8.227700812448157,14.487054253917194,0.0,-78.714226,-81.32259,-70.198685,-62.98694,-67.719894,-72.58984,-74.38192,-76.69905,-71.25313,-64.619156,-73.75131,-78.326355
16970.287988107386,8.896741749809497,14.160231589831406,0.0,-77.386154,-80.747215,-70.592804,-65.03452,-65.176605,-72.33401,-75.031944,-80.214966,-71.3353,-63.63516,-74.51039,-81.696846
16973.607684505685,9.683522678816358,13.775893614514008,0.0,-76.053795,-78.246956,-71.53048,-67.47005,-65.646355,-72.55843,-72.06186,-80.06379,-72.54188,-63.696266,-74.10944,-82.58897
16976.927380903984,10.601620562463236,13.327408059342456,0.0,-74.49455,-76.36516,-75.732765,-68.69075,-66.38452,-72.31292,-66.804405,-72.10076,-73.890274,-67.85588,-69.3835,-81.68611
16980.247077302283,11.421834674746684,12.926738165577111,0.0,-78.02983,-75.32304,-73.16268,-69.6263,-65.87006,-71.42952,-64.663506,-72.77117,-73.353355,-69.68302,-65.033936,-76.24311
16983.566773700582,12.371381717748486,12.462889876274266,0.0,-81.40635,-74.92637,-73.52572,-71.31924,-64.40176,-70.72309,-63.415867,-79.03406,-71.323524,-72.82904,-62.118507,-75.919304
16986.88647009888,13.416279458561974,11.952463317479932,0.0,-75.26613,-77.619,-76.295746,-80.195595,-71.00221,-72.34771,-62.829617,-79.77679,-71.24561,-75.1092,-66.17954,-73.66499
16990.20616649718,14.418394512397178,11.462935856116223,0.0,-76.93232,-78.29116,-76.97608,-79.01358,-74.33642,-68.97009,-62.972427,-76.52611,-73.1742,-76.23652,-68.58492,-69.599976
16993.52586289548,15.546088699716796,10.912063707653353,0.0,-82.669395,-80.14537,-77.25168,-74.68688,-73.36655,-65.09301,-64.523636,-72.850235,-76.50706,-78.36391,-70.7442,-70.387245
16996.84555929378,16.47792166819614,10.456868642247503,0.0,-82.41218,-81.011894,-83.03597,-80.81829,-74.160995,-66.999504,-65.10889,-72.98075,-74.26974,-78.008255,-73.54533,-71.01993
17000.165255692078,17.571673717154514,9.92257703387496,0.0,-81.22963,-78.05215,-83.860985,-81.65505,-72.81375,-71.1491,-65.532974,-72.95046,-72.48318,-78.628815,-77.63828,-71.42881
17003.484952090377,18.46476490976924,9.486307103976404,0.0,-78.46197,-75.12877,-78.458595,-79.95691,-71.52647,-72.84633,-66.11194,-73.31863,-73.84641,-81.88964,-77.681335,-71.46003
17006.804648488676,19.28414497521292,9.086044637312932,0.0,-78.32574,-74.01541,-73.81309,-78.87515,-73.292725,-72.83269,-68.54973,-77.250786,-73.713394,-84.207,-75.15036,-73.491455
17010.124344886975,18.615522483865007,8.692089798405977,0.0,-77.729706,-74.9507,-74.27121,-79.60764,-71.90351,-71.555565,-65.67547,-74.68024,-74.66477,-83.43525,-74.608215,-72.29268
17013.444041285275,17.817217749854617,8.221725703635977,0.0,-78.33537,-77.02752,-75.07668,-80.47758,-71.61835,-71.09422,-60.02574,-74.351295,-76.09164,-82.51154,-74.228455,-71.460106
17016.763737683574,17.042066828855898,7.765003920922676,0.0,-79.33833,-79.4994,-75.86436,-81.353165,-72.40557,-70.02525,-51.763428,-76.758224,-76.38237,-81.475464,-74.031624,-70.55366
17020.083434081873,16.313863007739013,7.335943542679647,0.0,-79.171165,-80.15772,-76.55631,-81.959755,-73.39033,-68.26656,-50.351345,-78.02651,-76.043076,-81.15354,-73.25387,-69.476265
17023.403130480172,15.45916261358725,6.832350916872265,0.0,-80.2191,-79.99668,-76.51516,-82.08146,-74.15323,-67.31645,-61.921986,-77.35742,-75.81512,-81.37772,-72.93017,-68.0831
17026.72282687847,14.785260907712445,6.43528554528744,0.0,-80.803986,-79.98164,-75.76854,-81.86937,-74.687515,-68.558525,-65.48362,-77.459656,-76.03351,-81.49645,-72.854805,-66.27473
17030.04252327677,13.974929042340689,5.957835020343025,0.0,-81.16972,-80.0085,-74.85652,-81.06167,-75.365166,-71.148994,-70.38827,-77.29474,-74.49566,-80.891464,-73.20128,-62.77553
17033.36221967507,13.047024044576268,5.411109971985315,0.0,-76.7529,-74.64985,-74.80468,-80.17034,-77.331,-72.41802,-67.94046,-74.5474,-72.5933,-78.18054,-76.81967,-60.76538
17036.68191607337,12.035236267853644,4.814960880764603,0.0,-73.39274,-73.240364,-75.30672,-79.369095,-78.70406,-72.20736,-66.30842,-73.37513,-73.27268,-74.70854,-83.48969,-63.06739
17040.001612471668,11.143030002142488,4.289269657049666,0.0,-72.21949,-73.77397,-76.77117,-76.480156,-79.158035,-72.65457,-65.5999,-71.33752,-74.35151,-72.872154,-82.8023,-65.97667
17043.321308869967,10.223957578108118,3.747748793723095,0.0,-70.50285,-73.32372,-79.27006,-75.9268,-78.587814,-72.906044,-65.195045,-69.32372,-74.356995,-72.47038,-81.94279,-69.3176
17046.641005268266,9.422495384502708,3.275524312109685,0.0,-66.20981,-71.831245,-82.14369,-76.02053,-76.67995,-74.36186,-65.37547,-67.57295,-73.10019,-75.27432,-81.630394,-71.47386
17049.960701666565,8.61024371436036,2.7969426311109697,0.0,-61.06343,-70.46915,-83.05063,-75.73162,-77.477135,-74.21839,-66.489784,-66.32539,-72.179855,-77.291176,-83.541954,-72.53568
17053.280398064864,7.614483197586005,2.210236860587279,0.0,-57.932415,-69.93873,-80.810776,-76.19346,-76.892235,-73.86178,-73.61927,-65.89499,-71.28574,-77.03144,-89.070755,-72.875046
17056.600094463163,6.937114855431896,1.8111289341159,0.0,-57.55799,-71.10778,-78.987404,-76.81147,-76.90764,-76.97277,-70.67872,-66.14221,-74.53479,-77.060326,-89.05039,-73.744514
17059.919790861462,6.1608891429549,1.3537738802979575,0.0,-59.47838,-72.51416,-78.50471,-79.679855,-77.961365,-82.42092,-67.09641,-69.57462,-77.28344,-76.40581,-87.34343,-74.42245
17063.23948725976,6.820560339113452,2.1885517891575104,0.0,-57.761093,-70.80304,-78.666115,-77.83867,-77.98441,-76.238365,-70.78146,-66.16572,-73.074875,-77.49789,-88.99471,-74.011185
17066.55918365806,7.557881176776091,3.1215910829857303,0.0,-60.005844,-71.59122,-81.02819,-78.925354,-77.740456,-74.10602,-69.9297,-67.967224,-69.58985,-77.3917,-82.67338,-73.79423
17069.87888005636,8.046362973474197,3.739738146459449,0.0,-63.586998,-73.218796,-83.16967,-78.44086,-77.977554,-76.14949,-65.6067,-70.094284,-67.97828,-77.67818,-81.44358,-73.75152
17073.19857645466,8.664565588080675,4.5220398277786815,0.0,-68.39864,-75.13414,-82.72635,-77.74828,-77.91882,-75.71254,-65.56047,-71.24921,-68.95787,-75.36344,-80.78523,-72.96582
17076.518272852958,9.294164214432826,5.3187625402264365,0.0,-71.593025,-73.839516,-80.59354,-76.356186,-78.394615,-74.36855,-65.901306,-71.69749,-72.60163,-73.10175,-81.21203,-71.17448
17079.837969251257,9.811554203129615,5.973491343521597,0.0,-71.68661,-72.71377,-79.4861,-76.8432,-77.89712,-73.688065,-66.21967,-70.94863,-75.36053,-71.36821,-83.46818,-70.35557
17083.157665649556,10.336798661964272,6.638159550257543,0.0,-71.367256,-72.93802,-79.55119,-77.10118,-76.78076,-73.292595,-66.73455,-69.11163,-76.30859,-71.514824,-83.19427,-70.19843
17086.477362047855,10.859745948635892,7.299920810948678,0.0,-71.34983,-74.5365,-78.66583,-76.23421,-75.39492,-71.86665,-68.05905,-70.72208,-73.7791,-72.62722,-76.79735,-70.55608
17089.797058446155,11.506587450988208,8.11846344224989,0.0,-72.50506,-73.66778,-75.212425,-75.992676,-74.87654,-68.44515,-67.84346,-72.77074,-70.200195,-75.56222,-73.23766,-71.77931
17093.116754844454,12.163834921772624,8.950174258880386,0.0,-72.518845,-72.676216,-73.32276,-77.5517,-74.72471,-67.12068,-65.60962,-76.20367,-69.268654,-74.70315,-72.50519,-71.650665
17096.436451242753,12.746115556174985,9.687018634057544,0.0,-73.526596,-72.82141,-72.639305,-78.783165,-74.76676,-68.34662,-64.14144,-77.42189,-70.00258,-75.19191,-72.392426,-71.0189
17099.756147641052,13.434950575686486,10.558701770270806,0.0,-74.54627,-75.73666,-74.17273,-79.788025,-75.197266,-71.24815,-61.71473,-78.64603,-71.3172,-75.663925,-72.269165,-70.79448
17103.07584403935,13.898078980490428,11.144765499515056,0.0,-75.24756,-77.37365,-75.89371,-79.966194,-75.063034,-70.920204,-62.29095,-78.114685,-72.24076,-75.89413,-70.4495,-70.415764
17106.39554043765,14.579226531346617,12.00672056355255,0.0,-77.47828,-79.03507,-78.178925,-80.38544,-72.522156,-68.09135,-63.645615,-77.206505,-73.03295,-76.20486,-65.601715,-70.31511
17109.71523683595,15.342482485062757,12.972579331796576,0.0,-76.1638,-81.19923,-78.99925,-81.32037,-69.21797,-63.283928,-65.31804,-77.630875,-73.17916,-77.076904,-64.43951,-70.69716
17113.03493323425,15.925841784795194,13.71078869909988,0.0,-76.74683,-80.270905,-80.70153,-80.58396,-69.67723,-64.70082,-66.58203,-78.6982,-74.95169,-77.63167,-66.139496,-71.1402
17116.354629632548,16.610132819480004,14.576721670422508,0.0,-79.159996,-77.3584,-79.844154,-79.45741,-71.74717,-67.974014,-70.12814,-79.32677,-79.75558,-78.71552,-68.859886,-71.06463
17119.674326030847,17.38009276016306,15.551063968421744,0.0,-81.50862,-74.68768,-77.19877,-77.75536,-74.53912,-72.346176,-74.078835,-78.536316,-80.94842,-79.18711,-72.68342,-73.142525
17122.994022429146,18.01402043466192,16.353264855117985,0.0,-82.698,-73.35611,-75.73476,-77.09074,-75.56757,-73.269264,-73.58293,-78.640274,-82.355965,-79.55623,-73.92074,-74.52565
17126.313718827445,18.322228354412093,15.442822303789924,0.0,-80.987564,-75.702286,-77.162186,-81.518234,-79.308876,-78.827255,-77.45117,-80.12292,-76.96062,-80.38403,-71.98102,-75.74975
17129.633415225744,18.616799922294327,14.5726613746717,0.0,-78.3063,-77.57932,-80.87092,-83.1618,-75.58194,-75.58994,-79.14861,-80.36828,-78.516075,-78.34591,-71.22671,-76.72631
17132.953111624043,18.90799874479898,13.712463495526473,0.0,-78.04743,-77.735115,-84.58001,-82.40338,-72.03375,-70.94265,-77.827034,-79.972374,-81.18485,-77.03586,-71.84662,-78.02713
17136.272808022342,19.22108882739968,12.787599092854594,0.0,-79.021904,-78.086876,-82.912704,-82.18898,-72.93622,-69.62192,-71.96183,-78.346375,-82.23307,-77.98597,-74.12127,-76.90977
17139.59250442064,19.526799363127108,11.884533784405802,0.0,-81.27404,-78.52311,-82.208786,-82.01369,-74.17167,-71.02369,-69.426735,-77.41428,-77.152794,-80.12944,-78.09484,-76.16858
17142.91220081894,18.72072229153435,10.9900370187851,0.0,-82.04696,-78.73002,-82.97023,-82.38987,-72.71027,-71.3491,-68.66437,-75.559425,-72.55442,-80.143234,-78.96468,-74.45996
17146.23189721724,17.924785117837374,10.106792410298178,0.0,-81.47771,-77.7878,-83.54115,-81.331696,-72.515144,-71.3598,-66.484344,-73.503136,-72.85946,-79.32938,-78.0981,-71.94835
17149.55159361554,17.41307036944224,9.538946972819828,0.0,-79.94037,-77.28834,-82.74908,-81.68982,-72.60508,-71.394585,-64.265076,-72.88764,-73.01253,-78.760666,-77.04597,-70.977776
17152.871290013838,16.86556061852422,8.931380130142788,0.0,-78.08462,-78.0734,-80.68074,-82.23002,-73.364006,-71.00439,-60.528816,-75.82003,-73.99538,-78.4109,-74.81259,-70.282295
17156.190986412137,16.27883678563418,8.280297759327173,0.0,-77.487915,-78.97877,-78.089096,-82.81505,-73.92942,-69.33456,-55.770798,-78.35112,-74.66299,-78.58078,-73.296234,-69.970474
17159.510682810436,15.737018064664046,7.679046203439492,0.0,-78.898605,-79.214325,-76.9231,-83.31213,-74.24322,-68.82611,-57.0777,-79.21297,-75.32068,-80.46497,-72.530106,-69.003716
17162.830379208735,15.145171427355876,7.022279100798084,0.0,-80.298164,-79.55182,-76.72638,-82.69319,-74.4208,-68.48677,-62.440937,-78.18564,-75.78037,-81.757675,-72.25713,-67.42442
17166.150075607035,14.431798631879287,6.230655469853289,0.0,-81.13434,-80.01773,-75.27013,-81.54767,-75.003204,-69.87809,-67.6105,-77.39798,-75.612755,-81.30643,-72.891685,-65.12816
17169.469772005334,13.6420069168338,5.354230423763979,0.0,-78.43861,-76.77692,-74.59255,-79.808266,-76.40102,-71.99367,-69.22733,-74.26167,-72.4969,-79.39904,-74.41771,-59.456436
17172.789468403633,13.036822395716902,4.682662386636793,0.0,-73.12522,-72.52278,-74.56088,-78.78538,-78.06058,-72.64965,-66.880066,-72.63852,-71.65302,-76.78957,-82.74791,-57.87445
17176.109164801932,12.222561185660227,3.77908375323526,0.0,-72.94523,-73.02569,-75.31307,-76.81077,-79.1319,-73.568275,-65.393524,-68.069664,-73.57101,-74.1924,-83.68694,-57.36768
17179.42886120023,11.70231571265201,3.2017718443192247,0.0,-74.06731,-73.617294,-77.00402,-75.30951,-79.1313,-75.77947,-64.86816,-65.29742,-74.12158,-73.51955,-81.857704,-58.015858
17182.74855759853,10.940221570334954,2.3560825555095173,0.0,-75.9626,-73.450874,-81.22309,-74.82781,-77.01605,-81.22422,-64.78855,-63.542274,-74.17578,-75.8136,-77.89256,-63.828053
17186.06825399683,10.15987971553638,1.490143937733733,0.0,-70.71031,-72.9966,-84.20905,-75.52337,-75.78986,-81.25692,-65.95036,-64.07162,-74.28194,-78.12279,-82.00821,-65.980446
17189.38795039513,9.27274414755494,2.282936104299411,0.0,-66.99262,-70.878815,-83.17877,-74.81901,-74.90509,-79.293434,-66.22642,-64.82473,-73.590775,-77.95555,-83.02898,-70.10201
17192.707646793428,8.393297340580661,3.068857179549315,0.0,-60.964584,-71.17275,-83.04665,-77.01775,-77.900566,-73.84603,-66.21287,-67.32684,-71.473206,-77.29732,-82.68335,-72.78011
17196.027343191727,7.498280036141621,3.868692890696053,0.0,-64.10631,-74.170944,-82.113846,-79.79602,-77.80231,-77.20421,-65.591576,-71.72072,-66.74813,-78.92258,-80.620415,-75.87108
17199.347039590026,6.751028080495271,4.536477520541608,0.0,-68.706154,-76.30136,-80.733154,-80.305016,-77.43648,-78.22938,-67.67825,-74.34319,-64.02338,-79.48567,-80.75883,-76.71884
17202.666735988325,6.160922598535829,5.063827590170083,0.0,-69.74301,-75.34,-78.45983,-80.06149,-77.41476,-78.276085,-69.53488,-76.809906,-63.82012,-73.10476,-80.93653,-75.26695
17205.986432386624,5.239251251011634,5.887482791063238,0.0,-68.89968,-72.36882,-75.447334,-78.37113,-78.19347,-76.11787,-72.38471,-76.92142,-62.921124,-65.42845,-87.91104,-73.28386
17209.306128784923,4.613457658315654,6.446725680292933,0.0,-67.78054,-68.672264,-75.29766,-77.69135,-79.18557,-76.095535,-74.28402,-76.84682,-62.891685,-63.18829,-88.863914,-73.40886
17212.625825183222,3.697179741842635,7.26556102045385,0.0,-64.69751,-63.524067,-75.98412,-76.71973,-77.561905,-76.02723,-75.96817,-77.37418,-63.650417,-62.25255,-82.86057,-80.02951
17215.94552158152,3.063941758439287,7.8314566185261,0.0,-63.557068,-62.67785,-75.7845,-76.154594,-78.54664,-77.588776,-73.51568,-76.586945,-65.83713,-62.38149,-81.26338,-81.60888
17219.26521797982,2.315820345080029,8.500018242653962,0.0,-64.71458,-63.01783,-75.34662,-76.49024,-78.115685,-79.32347,-67.922295,-75.81357,-69.23645,-64.69801,-81.38632,-82.76764
17222.58491437812,1.4221125247868978,9.29868372817726,0.0,-76.76221,-65.0104,-73.280266,-75.463,-78.3768,-79.07641,-67.42239,-77.586945,-71.94337,-72.13189,-83.63324,-82.7414
17225.90461077642,2.4708904499125133,8.75769744200767,0.0,-65.06246,-63.978436,-75.88246,-76.6949,-78.769684,-79.77237,-67.61891,-74.84068,-69.27244,-65.15345,-81.15326,-82.873764
17229.224307174718,3.178324767037503,8.392784856834284,0.0,-64.30258,-64.74643,-76.367035,-76.696106,-79.79454,-78.85859,-70.41284,-76.18628,-66.26322,-63.0191,-80.57877,-82.509865
17232.544003573017,4.1659680281570175,7.883333382796563,0.0,-65.42238,-65.64075,-76.33251,-75.674446,-77.89669,-77.08151,-73.54602,-76.78501,-62.39896,-62.158558,-81.5409,-81.733185
17235.863699971316,5.2022333475623554,7.3488014163993,0.0,-68.33087,-68.47963,-77.45061,-75.540405,-74.086395,-76.93875,-73.825584,-75.92478,-61.22764,-62.277718,-89.241905,-75.39761
17239.183396369615,6.18978504345981,6.839397174028299,0.0,-69.74845,-69.070274,-80.10939,-74.60108,-71.715256,-78.17729,-70.617546,-75.59413,-61.426456,-64.55319,-87.99279,-73.10229
17242.503092767914,7.051891150101022,6.39470095212785,0.0,-71.923355,-69.20903,-82.55511,-74.08458,-70.662636,-78.61679,-67.92845,-74.28046,-60.530514,-68.49672,-81.133385,-72.311325
17245.822789166214,7.810220959230903,6.003535179751651,0.0,-72.57455,-71.05957,-83.40972,-73.93468,-72.33018,-78.14484,-66.830696,-72.01992,-61.54267,-70.01376,-79.573524,-72.08353
17249.142485564513,8.561129862957344,5.6161972988270605,0.0,-72.18407,-73.21243,-83.41663,-75.02316,-76.320694,-76.67256,-66.29487,-71.26928,-65.85266,-71.51999,-80.04389,-72.294426
17252.462181962812,9.648158735041434,5.055480202881839,0.0,-71.53523,-74.37792,-79.293465,-76.51399,-78.885315,-73.255486,-65.76262,-72.17304,-74.6156,-72.361984,-82.225586,-70.3501
17255.78187836111,10.30451737177542,4.716913750656479,0.0,-71.53499,-74.1746,-77.39,-76.25856,-79.39793,-72.483665,-65.766945,-72.316925,-75.066284,-72.31896,-82.89477,-69.218666
17259.10157475941,11.034231017366295,4.340508922105003,0.0,-71.969635,-73.82464,-76.85925,-76.42791,-79.19485,-72.665344,-65.60754,-71.599686,-74.521416,-72.74495,-82.68999,-66.88521
17262.42127115771,12.11485327150589,3.7830965223835182,0.0,-73.01738,-73.1244,-75.558395,-76.63504,-79.075554,-73.55721,-65.36016,-68.06456,-73.62479,-74.02823,-83.51986,-57.328995
17265.74096755601,12.953396332096345,3.3505547179898216,0.0,-72.78258,-72.79719,-74.93188,-76.3004,-80.57866,-75.27991,-65.63016,-66.629486,-73.74406,-75.836815,-83.94038,-59.028896
17269.060663954308,13.668477009026216,2.981697946259435,0.0,-73.6888,-73.18554,-75.3418,-76.20988,-81.18081,-76.31453,-66.47583,-66.86249,-74.60305,-78.12834,-82.70205,-64.04784
17272.380360352607,14.630774081722162,2.485320679845009,0.0,-73.3166,-74.005196,-76.406044,-76.91101,-81.67309,-76.49925,-67.37635,-67.616974,-77.01956,-82.422905,-81.44086,-69.9579
17275.700056750906,15.608452527800331,1.9810093104494948,0.0,-74.92764,-74.36935,-77.80634,-79.03601,-81.2287,-76.431366,-62.63583,-68.59455,-80.4423,-85.27553,-81.69872,-72.755585
17279.019753149205,16.372541514202904,1.586872808189015,0.0,-78.01759,-73.82832,-78.66951,-79.45164,-78.35152,-77.03411,-62.89673,-69.15202,-82.38792,-81.813354,-78.67592,-73.88072
17282.339449547504,17.42357449153562,1.044723308826803,0.0,-84.0103,-75.29681,-76.97092,-76.28229,-76.03956,-77.24445,-70.07464,-70.65694,-82.143875,-77.07851,-77.76487,-74.92608
17285.659145945803,18.13296832969944,1.8584476945176296,0.0,-84.23589,-74.97912,-81.33999,-82.21216,-76.69915,-77.18381,-69.56034,-70.13916,-85.416534,-79.54026,-77.425095,-71.76147
17288.978842344102,18.85960182433793,2.691947172857529,0.0,-82.104095,-74.41468,-83.07354,-82.7874,-77.90799,-77.7795,-70.3198,-69.773026,-86.46447,-81.87015,-79.069664,-71.2678
17292.2985387424,19.41238364268848,3.326026609919804,0.0,-79.139984,-74.41053,-81.4734,-81.303375,-77.7376,-78.521416,-71.76522,-69.66892,-86.48406,-83.96186,-79.39125,-71.71457
17295.6182351407,18.91376714706788,2.483685677912145,0.0,-83.207726,-74.62217,-82.98877,-83.502754,-77.789764,-77.93365,-70.79511,-70.79944,-86.04043,-80.926994,-79.4281,-71.41298
17298.937931539,18.31044241322513,1.4644552210941515,0.0,-84.63076,-75.28886,-78.83205,-79.84893,-76.75359,-77.48284,-71.71467,-71.23247,-83.21466,-77.39336,-77.77151,-72.272224
17302.2576279373,19.419167911123303,1.5522967142444373,0.0,-84.20003,-76.20523,-78.88124,-81.44739,-78.56659,-79.747574,-72.69674,-77.62153,-81.91504,-78.32752,-81.48602,-72.51728
17305.577324335598,19.165301901841246,2.6406466402593365,0.0,-82.8041,-74.55995,-82.93405,-83.16373,-78.11704,-78.3568,-71.27976,-71.600426,-85.81448,-81.13478,-79.99079,-71.39491
17308.897020733897,18.941415745340866,3.600469826325281,0.0,-77.24921,-74.54386,-80.44264,-79.72315,-77.115845,-78.01919,-69.64495,-66.88511,-84.88151,-83.30141,-79.600555,-71.75668
17312.216717132196,18.67873731791857,4.726599503390979,0.0,-79.66165,-76.20953,-78.63418,-79.25098,-76.90325,-80.29237,-65.4944,-66.16492,-79.628235,-78.864876,-81.0739,-73.77393
17315.536413530495,18.39853365832009,5.927861669427101,0.0,-81.463844,-79.95307,-78.76461,-80.337524,-78.80047,-78.176254,-50.49914,-68.067795,-84.34515,-75.91636,-82.70687,-75.22343
17318.856109928794,18.15880144289772,6.955618554471295,0.0,-81.52311,-81.66927,-77.73465,-77.92738,-76.37452,-73.28113,-47.504654,-71.29795,-82.05541,-75.29557,-79.827545,-71.87324
17322.175806327094,17.89475153499499,8.08762791067812,0.0,-78.7292,-77.22484,-75.188416,-80.35127,-72.06892,-71.09473,-59.060688,-74.57169,-76.5586,-81.794304,-74.34473,-71.68562
17325.495502725393,17.724165429406508,8.818948247423654,0.0,-77.04866,-76.250595,-75.443924,-80.74707,-71.17037,-71.40337,-63.45028,-73.3791,-74.766365,-81.424835,-75.563644,-70.78267
17328.815199123692,17.493468034053656,9.807971921267075,0.0,-80.89311,-77.87051,-84.05018,-81.72712,-72.79808,-71.17828,-65.07035,-72.81051,-72.555725,-78.56911,-77.40457,-71.2716
17332.13489552199,17.322051887731437,10.542850728773235,0.0,-82.02469,-80.20227,-83.27946,-82.38561,-73.53743,-69.83962,-66.47208,-73.83863,-71.631195,-78.32544,-76.87685,-72.079704
17335.45459192029,17.08115211879425,11.575613036894978,0.0,-80.83869,-80.43374,-83.28383,-78.95471,-71.848755,-67.931244,-68.85365,-74.195045,-78.81224,-78.13763,-72.749916,-72.22837
17338.77428831859,16.804849635625583,12.76015045474301,0.0,-78.88513,-79.89453,-85.67405,-78.50874,-69.60797,-67.019485,-70.17478,-76.0908,-78.55943,-76.69968,-69.322365,-72.32907
17342.09398471689,16.635475256588485,13.486275994019277,0.0,-76.67515,-80.00293,-83.67007,-79.74898,-70.7547,-67.46839,-68.61262,-77.24805,-77.594635,-77.453156,-66.78123,-72.14622
17345.413681115188,16.374184636899148,14.606455995318006,0.0,-79.40786,-77.83522,-79.95518,-78.82783,-70.72845,-65.61023,-69.23918,-79.60856,-79.83929,-77.643585,-69.15682,-71.08678
17348.733377513487,16.12460177200258,15.676443636881189,0.0,-80.10968,-77.36613,-79.470345,-75.92367,-68.12684,-66.218056,-72.5161,-79.98192,-83.16514,-72.71361,-73.74809,-74.441795
17352.053073911786,15.581592930641127,16.520145127565286,0.0,-83.60454,-76.55478,-76.36607,-79.526436,-66.49827,-72.57325,-76.72487,-83.62211,-79.78789,-71.186584,-79.91887,-82.18914
17355.372770310085,16.339524908380845,16.378294346700685,0.0,-82.69258,-76.4763,-77.63475,-77.61624,-69.82942,-70.33214,-74.85461,-81.386024,-81.25479,-72.71503,-77.1712,-76.74926
17358.692466708384,17.329675083330827,16.19298276252827,0.0,-82.54822,-73.75966,-76.3181,-76.31208,-73.09767,-71.487274,-73.56393,-78.023674,-83.39406,-77.165436,-74.674995,-74.0846
17362.012163106683,18.13434790715741,16.04238419728404,0.0,-82.22303,-74.105415,-76.1762,-78.60284,-77.00114,-75.400955,-74.880424,-79.16099,-79.91371,-80.08113,-72.95755,-74.71313
17365.331859504982,19.325101762848902,15.819528625533277,0.0,-80.47406,-75.3878,-76.60872,-82.99225,-75.17015,-79.34779,-78.22178,-80.84673,-76.4314,-79.24976,-72.22724,-79.85144
17368.65155590328,18.57887886469035,15.235928565672031,0.0,-79.81376,-76.32968,-77.81006,-82.29345,-78.27583,-78.710045,-78.38438,-80.28729,-76.92795,-79.70192,-71.91806,-76.72239
17371.97125230158,17.715569760591126,14.560758658564716,0.0,-78.57391,-77.40577,-80.02838,-81.52726,-75.61395,-75.571815,-76.659775,-79.55919,-78.31567,-79.063156,-69.36683,-73.70375
17375.29094869988,16.86652430558574,13.89674395251803,0.0,-76.573425,-79.31858,-82.4827,-80.416595,-71.73732,-69.60461,-70.27662,-78.3234,-78.50594,-77.96552,-67.369255,-72.00526
17378.61064509818,15.93809661344342,13.170646618801571,0.0,-76.33391,-80.97923,-81.89832,-80.05523,-69.964645,-64.23848,-65.98109,-76.97387,-74.92809,-77.203224,-65.44021,-70.947365
17381.930341496478,15.351614368327407,12.711975256395135,0.0,-76.90934,-80.804146,-79.47807,-80.42793,-70.08259,-63.559025,-64.935776,-76.739105,-73.5517,-76.88096,-64.682655,-70.375374
17385.250037894777,14.756132020458738,12.246265165321748,0.0,-77.33586,-79.45308,-78.36446,-80.677345,-71.40612,-66.861824,-63.89202,-77.16997,-72.99768,-76.46024,-65.056854,-70.46107
17388.569734293076,13.938956805263764,11.607175282551117,0.0,-74.96338,-78.18292,-77.230896,-81.20018,-74.09529,-71.08029,-62.71708,-78.38224,-72.19643,-76.075424,-67.387985,-71.15867
17391.889430691375,13.083176196376488,10.937893201007984,0.0,-74.35542,-76.73272,-75.82928,-81.71805,-75.303276,-73.026115,-61.32951,-80.17774,-71.03336,-75.240585,-71.27089,-71.684784
17395.209127089674,12.463097270767236,10.452946814348907,0.0,-73.742615,-74.92095,-74.843956,-79.062065,-75.24391,-71.52915,-62.840225,-77.43076,-69.89339,-75.058464,-71.861946,-72.08162
17398.528823487974,11.751829665820562,9.89668431175274,0.0,-72.88946,-73.46056,-73.7374,-74.4778,-75.00664,-69.50061,-65.569016,-74.53381,-68.87857,-75.39181,-71.6404,-73.76436
17401.848519886273,11.014880889921548,9.320337283551586,0.0,-71.36378,-73.50369,-74.05156,-71.25152,-74.67573,-68.607925,-66.84097,-71.664246,-67.425125,-76.73054,-72.1207,-76.648476
17405.168216284572,10.277018074807836,8.743275410842537,0.0,-70.598366,-73.50678,-75.39804,-70.535286,-74.1875,-68.73676,-67.20091,-70.09776,-66.672325,-77.72574,-72.50252,-77.4361
17408.48791268287,9.494113196746842,8.130987400343864,0.0,-70.466194,-73.206726,-78.37858,-71.370094,-73.79412,-70.86689,-68.54015,-69.454414,-66.042694,-74.56721,-77.70531,-74.75341
17411.80760908117,8.848650300878388,7.6261889204304225,0.0,-70.86864,-71.408806,-79.99893,-71.76085,-72.77467,-73.15409,-67.72649,-70.40296,-63.11862,-72.02716,-83.14868,-73.53359
17415.12730547947,7.90058397159774,6.884732757820073,0.0,-72.30286,-68.67857,-82.03222,-71.700035,-70.58835,-77.28866,-67.915504,-71.88497,-60.6836,-69.09982,-81.52397,-72.492966
17418.44700187777,7.176906174452054,6.318764590967147,0.0,-72.10124,-69.43451,-82.776855,-74.13824,-70.67113,-78.64286,-67.62333,-73.55865,-60.583065,-68.87367,-80.38188,-72.228546
17421.766698276067,6.517821044042149,5.803312542376768,0.0,-70.957504,-72.58789,-81.72456,-78.6332,-75.9865,-78.40753,-67.408615,-76.30483,-61.796795,-69.116974,-81.692375,-72.632744
17425.086394674367,5.756286846688465,5.207737943609145,0.0,-69.05566,-75.112946,-76.55465,-79.66249,-77.070366,-77.53151,-70.43005,-77.18217,-63.353024,-71.15469,-83.141846,-74.46289
17428.406091072666,4.963712152348297,4.587887440223562,0.0,-66.81634,-76.055855,-74.382645,-78.91933,-79.59388,-78.55564,-71.48929,-77.32892,-65.11946,-80.45547,-82.388405,-76.368675
17431.725787470965,4.314927697734767,4.080491262105948,0.0,-65.505104,-72.50031,-74.95509,-79.715195,-80.328766,-80.32887,-70.03934,-76.3133,-66.40449,-78.391594,-83.0653,-75.92124
17435.045483869264,3.691284848044444,3.59275763009138,0.0,-65.13687,-69.73459,-76.06545,-80.469055,-80.816345,-81.167854,-68.57667,-74.633575,-68.60606,-75.19373,-84.94846,-75.197136
17438.365180267563,2.9309777762822598,2.998142731931208,0.0,-66.21681,-69.80047,-74.73259,-79.0431,-80.48023,-80.600746,-70.31028,-74.61709,-70.544655,-74.34973,-90.914276,-76.99633
17441.684876665862,2.119051154072182,2.363157626952482,0.0,-67.95779,-70.01881,-74.12418,-77.72718,-78.706635,-79.24058,-72.97657,-74.63189,-72.12634,-73.63776,-96.35217,-80.089325
17445.00457306416,1.488879636857272,1.8703181066469416,0.0,-68.6853,-70.56505,-75.151596,-77.16122,-77.82985,-78.41323,-73.20986,-80.67712,-73.07296,-74.249374,-94.402275,-81.48482
17448.32426946246,1.3328568708434907,1.042897748443196,0.0,-70.02313,-74.07356,-75.10256,-76.06943,-79.56448,-78.97921,-72.54004,-82.70322,-73.42042,-78.16948,-94.41093,-81.143684
17451.64396586076,1.5454309679443057,2.0705776893717154,0.0,-68.49799,-70.33609,-75.36776,-77.44968,-78.09963,-78.385704,-73.244385,-77.07106,-72.6038,-73.52876,-94.96806,-81.43448
17454.96366225906,1.7118978358850254,2.8753542983051235,0.0,-68.23196,-70.17939,-75.483246,-78.350464,-79.586365,-78.97414,-72.98769,-75.23917,-71.844765,-73.49121,-94.8192,-79.78001
17458.283358657358,1.9052516380750708,3.810114585296877,0.0,-66.658134,-67.687096,-75.08212,-79.51566,-81.46532,-79.681244,-72.83518,-75.25366,-68.931206,-73.92585,-89.49877,-77.202515
17461.603055055657,2.077241124930832,4.641590047749057,0.0,-66.10605,-62.567493,-73.44553,-79.34176,-82.31591,-79.52198,-73.91075,-75.81573,-68.05402,-73.954895,-86.165375,-74.965034
17464.922751453956,2.260502895106338,5.527560858478182,0.0,-65.793465,-60.9076,-72.32136,-75.71615,-80.655594,-76.66657,-78.38775,-76.68594,-67.71915,-70.6098,-84.193565,-76.42495
17468.242447852255,2.412220568443269,6.261033147431453,0.0,-65.9106,-59.43778,-72.28245,-75.36381,-77.71537,-74.23462,-81.021164,-76.895744,-67.20251,-65.74408,-82.61385,-78.73653
17471.562144250554,2.596152922085132,7.150245863860713,0.0,-65.500175,-59.825344,-71.60413,-75.0108,-76.16029,-75.553856,-78.95721,-77.2164,-67.17769,-63.778606,-81.660736,-80.28852
17474.881840648854,2.7584604105580506,7.934914139257408,0.0,-63.81199,-62.301094,-75.065544,-76.28823,-78.09879,-77.9688,-72.85568,-76.261925,-67.17372,-63.02141,-80.997894,-81.72539
17478.201537047153,2.962324837253933,8.920487569141912,0.0,-64.62383,-64.59889,-75.87425,-76.56099,-79.03116,-79.79154,-68.54306,-74.97201,-68.226944,-64.76396,-80.83366,-82.64999
17481.52123344545,3.121480511028309,9.68991853770117,0.0,-66.401474,-65.11293,-71.83093,-74.82349,-76.307106,-80.400055,-69.28114,-76.24013,-66.363014,-68.25494,-81.36065,-81.32572
17484.84092984375,3.302421789616775,10.564671035900126,0.0,-70.038216,-66.12329,-67.68679,-72.526634,-75.08515,-81.240616,-71.500244,-79.14884,-66.603134,-75.76899,-82.4583,-79.08041
17488.16062624205,3.499100792727275,11.51550685764477,0.0,-77.238075,-68.38817,-65.98216,-70.06655,-76.10779,-80.505104,-74.313416,-80.54292,-67.51199,-79.40581,-81.590546,-79.774666
17491.48032264035,3.7203036594742938,12.584902198526706,0.0,-80.03224,-71.54584,-66.017876,-66.79029,-76.90662,-77.64437,-79.88652,-78.73875,-70.311295,-76.87943,-80.25962,-84.28558
17494.80001903865,3.960722977912112,13.747198613470788,0.0,-78.07068,-77.53607,-68.86204,-64.5966,-76.83388,-75.89326,-76.36704,-79.435394,-72.28615,-74.37269,-82.96792,-84.07618
17498.119715436947,4.212330350107834,14.963583172651816,0.0,-76.859406,-77.90068,-69.64661,-63.259556,-77.11692,-74.639015,-71.72808,-81.88649,-74.55417,-73.84328,-79.206894,-82.26671
17501.439411835247,4.394766638681006,15.845563229587816,0.0,-76.896774,-77.1924,-70.30172,-61.49617,-77.57834,-74.81193,-70.83676,-81.41744,-74.26364,-74.74295,-77.870224,-81.33681
17504.759108233546,5.356656502284892,16.330673998784928,0.0,-77.7122,-77.493484,-68.718636,-61.09728,-77.56723,-75.94067,-74.03865,-80.109245,-73.90604,-72.850624,-76.72767,-79.21788
17508.078804631845,6.576837085090006,16.362121452127948,0.0,-80.48498,-78.63331,-67.87703,-61.379658,-77.222946,-76.23862,-73.769,-78.484116,-75.36807,-73.11518,-75.18373,-77.93411
17511.398501030144,7.827928774313709,16.394365570809345,0.0,-81.812645,-78.91898,-68.71487,-62.818962,-75.48817,-74.56909,-73.435814,-77.44047,-75.42276,-71.770775,-75.23726,-77.60643
17514.718197428443,9.021538062862875,16.42512820786521,0.0,-81.33072,-80.29583,-71.122665,-64.86323,-72.79904,-73.65525,-73.50484,-79.18451,-76.78482,-68.116425,-75.10514,-78.640594
17518.037893826742,10.222657894020376,16.456084412530316,0.0,-81.33077,-80.73938,-73.50572,-68.77332,-69.03557,-73.52423,-74.570335,-81.9899,-78.42694,-68.59136,-75.27761,-79.44946
17521.35759022504,11.474816777117978,16.48835603577131,0.0,-82.43252,-79.56833,-75.53493,-72.928154,-63.976246,-74.05186,-74.36733,-83.037506,-80.90432,-70.422134,-74.65836,-80.181274
17524.67728662334,12.222075489987455,16.507614974849087,0.0,-83.439476,-78.66902,-78.39682,-74.12807,-62.49655,-74.4391,-72.60217,-82.25221,-81.675354,-70.16569,-73.04677,-79.97155
17527.99698302164,13.288637585580396,16.535103251757647,0.0,-83.66048,-77.76823,-76.60269,-77.58204,-62.21654,-73.36749,-72.43693,-81.97855,-81.92234,-69.56456,-70.70113,-79.89682
17531.31667941994,14.211115316376194,16.558878073130796,0.0,-82.831985,-77.15106,-76.55762,-80.330025,-64.103096,-72.2156,-74.94854,-82.85054,-80.73444,-70.15283,-71.951515,-81.50929
17534.636375818238,15.232627338978777,16.585205284137775,0.0,-83.47345,-76.62743,-76.13459,-80.29904,-65.552704,-73.161095,-77.02724,-83.924484,-79.62221,-70.80853,-80.010735,-83.52955
17537.956072216537,16.048293602488613,16.606227276395867,0.0,-83.81417,-76.40483,-76.42948,-78.87153,-68.62835,-72.076225,-76.033615,-83.05495,-80.30408,-71.9276,-79.13817,-80.119026
17541.275768614836,17.182675453716534,16.63546345736971,0.0,-83.4939,-74.79485,-75.50942,-77.03392,-72.82598,-71.949326,-74.057465,-79.34168,-82.54601,-75.71649,-76.14295,-75.16206
17544.595465013135,16.66187735377911,15.588776577985843,0.0,-80.48141,-75.660255,-77.87418,-76.195786,-70.36648,-67.63491,-72.62492,-78.96566,-83.24342,-75.59454,-73.06967,-73.36469
17547.915161411434,16.216071421364337,14.692807064529283,0.0,-79.275764,-78.19466,-79.89626,-78.15986,-69.89224,-64.740944,-69.12495,-79.77903,-80.40445,-76.48872,-69.61579,-71.46117
17551.234857809734,15.818762874085875,13.89430637193191,0.0,-77.43038,-80.19353,-79.89173,-79.97106,-69.14675,-63.949978,-66.51038,-79.47479,-75.14029,-77.167854,-66.339584,-71.082275
17554.554554208033,15.316380317032616,12.88463058593702,0.0,-76.35771,-81.02933,-79.06284,-81.168755,-69.47958,-63.38041,-65.14693,-77.39778,-73.21765,-77.011375,-64.38328,-70.60777
17557.87425060633,14.899830626836222,12.047459529836072,0.0,-78.19899,-79.40338,-78.70513,-79.422356,-72.27008,-66.08642,-63.819397,-76.25287,-73.73239,-76.38003,-65.94568,-70.07084
17561.19394700463,14.424825478827143,11.092806169693954,0.0,-77.282394,-77.910446,-75.64463,-77.77882,-74.61318,-68.879524,-62.467503,-75.9588,-73.00676,-76.76772,-70.449905,-69.11032
17564.51364340293,13.974303974427762,10.187359418655936,0.0,-76.22119,-75.85521,-72.93454,-76.94804,-74.64939,-68.49605,-61.19494,-77.57968,-71.92768,-77.137955,-72.85131,-68.89853
17567.83333980123,13.482820797770795,9.199588932345485,0.0,-74.99544,-72.73573,-72.73795,-76.87721,-74.2522,-66.77909,-63.03061,-78.52123,-69.94448,-75.04669,-72.819016,-68.53024
17571.15303619953,13.149782645752335,8.530257258336198,0.0,-75.07063,-72.933395,-74.02501,-77.64196,-74.221176,-67.19616,-64.78361,-78.31819,-70.92368,-74.67906,-72.925865,-68.37912
17574.472732597827,12.596697934268708,7.418681561790296,0.0,-78.506874,-76.20113,-77.048294,-79.086464,-75.16941,-71.83567,-69.04298,-76.81463,-76.99557,-76.22943,-74.11945,-68.72897
17577.792428996127,12.245004082908617,6.711856134003947,0.0,-78.9994,-77.26071,-74.57617,-80.037094,-76.492935,-72.313995,-69.847694,-75.34161,-78.296715,-77.41058,-74.942406,-68.990906
17581.112125394426,11.84918137276273,5.916341639381865,0.0,-75.97307,-74.26073,-75.00853,-80.197556,-78.140045,-72.007904,-67.27486,-74.18904,-76.928734,-75.96182,-80.404335,-67.47387
17584.431821792725,11.461511061631596,5.13721163058119,0.0,-73.419304,-73.79972,-75.89398,-79.14694,-78.90967,-72.471924,-66.51659,-74.12561,-75.08446,-73.97864,-83.18831,-67.21416
17587.751518191024,11.000095549119338,4.209870376938385,0.0,-71.99964,-73.83043,-77.00819,-76.21167,-79.16696,-72.681274,-65.53771,-71.09791,-74.49351,-72.75783,-82.46367,-66.41736
17591.071214589323,10.571895600057749,3.3492849245539427,0.0,-71.656525,-73.14199,-78.60979,-75.73358,-78.04017,-74.51341,-65.02322,-66.840416,-74.20211,-73.10314,-80.67219,-65.709625
17594.390910987622,10.065127252781036,2.330794688039417,0.0,-73.1732,-72.35321,-82.850006,-75.006645,-75.51603,-81.44019,-65.508835,-64.28017,-74.68827,-76.4164,-77.97643,-66.19344
17597.71060738592,9.565375224000638,1.3264056713883174,0.0,-69.23191,-72.88692,-84.190384,-75.55618,-74.3021,-80.92074,-68.97252,-64.58757,-74.38891,-78.422386,-83.52578,-67.2989
17601.03030378422,9.400484294353472,2.552858606245327,0.0,-66.865974,-71.08429,-82.93389,-75.10934,-75.57929,-78.37432,-65.92566,-65.092636,-73.80481,-76.94458,-80.36082,-70.41117
17604.35000018252,9.294228196744069,3.343187722821732,0.0,-65.678894,-71.907585,-82.22419,-76.14537,-76.77319,-73.77257,-65.42702,-67.969376,-72.86112,-75.50969,-81.98128,-71.76495
17607.66969658082,9.163024607411376,4.319075405335118,0.0,-68.02734,-74.39818,-82.105194,-76.73805,-77.735756,-74.151115,-65.38716,-70.97637,-72.34253,-73.5423,-81.85305,-72.04898
17610.989392979118,9.005806358744735,5.48845920893717,0.0,-71.763565,-73.44151,-82.09869,-75.6405,-77.434105,-75.49217,-66.0695,-71.3397,-69.46851,-71.81687,-80.61561,-71.74675
17614.309089377417,8.873485198111505,6.472659347474624,0.0,-71.8939,-70.818245,-81.38381,-73.51109,-73.46969,-76.090385,-66.64146,-71.37376,-65.683014,-70.32386,-81.890854,-71.26871
17617.628785775716,8.708099773783541,7.702790316374092,0.0,-70.92342,-71.026726,-79.62442,-71.45213,-72.7172,-73.23305,-68.1145,-70.661385,-63.070984,-71.90294,-83.9859,-73.88777
17620.948482174015,8.556428602088634,8.830915156572765,0.0,-69.39724,-72.82148,-75.152016,-68.35227,-73.55912,-71.22959,-72.84124,-72.225426,-68.46878,-72.7115,-83.26836,-78.88707
17624.268178572314,8.398152299681206,10.008168726682896,0.0,-70.741714,-72.033585,-73.579384,-65.88922,-72.71341,-71.97323,-72.391426,-73.96305,-69.386734,-68.84475,-79.604576,-76.83741
17627.587874970613,8.262038270990542,11.020580084421542,0.0,-73.63662,-72.074356,-71.46835,-65.81147,-71.105286,-72.75094,-70.76848,-78.31185,-69.947296,-57.71339,-79.00618,-74.37173
17630.907571368913,8.129388577314037,12.007223840179083,0.0,-74.92482,-73.45583,-71.18764,-67.73634,-67.884544,-72.38813,-70.598145,-81.61583,-69.94759,-57.57228,-75.891106,-79.69831
17634.22726776721,7.986478597102801,13.070183246287566,0.0,-75.74776,-78.47363,-70.02209,-67.61448,-65.64212,-72.34048,-77.8664,-80.79924,-69.887726,-61.00957,-73.87694,-84.26068
17637.54696416551,7.879172076836131,13.86832536964124,0.0,-77.26573,-79.86115,-70.00189,-64.613,-66.65383,-72.72958,-75.88281,-77.558014,-70.61496,-62.946068,-73.54709,-81.06083
17640.86666056381,7.765943974725104,14.710512010468053,0.0,-79.05728,-80.34013,-69.99711,-61.793148,-70.53856,-72.55634,-73.10351,-74.0046,-71.80641,-65.909874,-73.46481,-76.44801
17644.18635696211,7.64480134044609,15.61156666317532,0.0,-80.18535,-79.68102,-69.38868,-61.370853,-73.93235,-72.61317,-72.674995,-74.44703,-74.00277,-68.41719,-74.00252,-76.3728
17647.50605336041,7.534611668896147,16.431153564362273,0.0,-82.32664,-78.57503,-68.44989,-62.46379,-76.28283,-75.240906,-73.44003,-77.72778,-75.254814,-73.06291,-75.48039,-77.4888
17650.825749758707,8.567098866162548,16.416886716023317,0.0,-81.14871,-79.8573,-69.856995,-64.0825,-73.79483,-73.732086,-73.35092,-78.02438,-76.05283,-68.608284,-75.08004,-78.28283
17654.145446157007,9.338045137162911,16.406233825067414,0.0,-81.31831,-80.65817,-71.88692,-65.38205,-71.8982,-73.48255,-73.674736,-80.127,-77.061806,-67.96006,-75.09993,-78.86451
17657.465142555306,10.388497720513657,16.391718732063254,0.0,-81.256294,-80.664604,-73.69082,-69.33029,-68.20061,-73.53121,-74.96941,-82.54049,-78.6258,-68.605034,-75.23756,-79.73035
17660.784838953605,11.49353108726256,16.376449444952836,0.0,-82.31516,-79.70066,-75.751625,-72.82037,-63.71483,-73.98538,-74.29655,-83.048,-81.00837,-70.454254,-74.32809,-80.16661
17664.104535351904,12.658823430064125,16.360347502798678,0.0,-83.55131,-78.46373,-77.36985,-75.87334,-61.993164,-74.39107,-72.0965,-81.83404,-82.223885,-69.46526,-71.89547,-79.85865
17667.424231750203,13.462192940555076,16.349246589395918,0.0,-82.97966,-77.96649,-75.68856,-78.70011,-63.024788,-71.24967,-72.77401,-81.77957,-81.79074,-69.708115,-67.6475,-79.74506
17670.743928148502,14.503558943770154,16.334857054230206,0.0,-82.316086,-77.18688,-76.1324,-80.70699,-64.12949,-71.016785,-75.60605,-82.95894,-80.67425,-70.32254,-73.51984,-82.06986
17674.0636245468,15.648182650136707,16.319040710098154,0.0,-83.01445,-76.69457,-77.085785,-78.76362,-66.63205,-71.07506,-75.771935,-83.18972,-80.482254,-71.24677,-78.55218,-80.2617
17677.3833209451,16.623014541350237,16.305570539441568,0.0,-82.55096,-75.98705,-77.2853,-76.880455,-70.97176,-70.53812,-74.350746,-80.175964,-81.932594,-73.856895,-76.20634,-75.665794
17680.7030173434,17.81578635908449,16.2890888874931,0.0,-82.64099,-73.329666,-75.88521,-76.68823,-75.1304,-72.6432,-73.34211,-78.42749,-82.80215,-79.22539,-74.09083,-74.392456
17684.0227137417,19.006784302820424,16.272631746832882,0.0,-82.25122,-74.258484,-75.64964,-81.748634,-76.23065,-79.21785,-75.98773,-80.103424,-77.7938,-79.57204,-73.000946,-76.914
17687.342410139998,18.287465491451496,16.593819875890468,0.0,-82.97808,-73.21063,-75.40578,-77.47094,-75.26156,-73.61732,-73.619865,-78.74028,-82.6443,-79.65073,-74.2065,-74.637405
17690.662106538297,17.237684686796936,16.15996740223871,0.0,-82.499245,-73.99481,-76.428055,-76.24211,-72.779495,-71.249596,-73.54435,-78.09808,-83.269104,-76.799995,-74.7451,-74.01719
17693.981802936596,16.53262722231769,15.868581882828671,0.0,-80.980385,-75.9361,-78.14607,-75.837715,-70.13226,-68.44948,-73.18626,-79.14625,-83.02398,-74.148506,-74.73781,-74.20858
17697.301499334895,15.744749609350944,15.542968526397615,0.0,-79.56702,-78.13973,-79.91102,-76.20863,-66.794426,-65.08627,-71.934425,-80.87362,-83.13508,-71.853546,-73.07318,-74.91535
17700.621195733194,14.72743052653643,15.122531804164494,0.0,-79.03261,-79.696144,-75.43782,-76.963745,-64.06469,-64.764946,-71.489685,-83.150475,-81.40261,-71.32297,-70.14151,-77.062225
17703.940892131493,13.921484612256934,14.789451196299172,0.0,-78.92967,-78.955605,-73.85895,-76.681946,-63.66231,-64.64768,-71.00915,-82.914345,-78.57589,-71.4793,-65.420525,-76.78269
17707.260588529793,12.977823580261992,14.399455807543234,0.0,-78.4688,-77.43691,-73.25441,-73.98468,-65.236404,-67.13858,-69.655014,-82.0087,-75.242775,-71.12835,-61.64744,-75.742935
17710.58028492809,12.19693453477419,14.07673068004014,0.0,-77.184875,-76.71989,-73.55531,-72.26324,-66.57835,-69.71325,-68.15539,-79.72476,-74.15916,-70.11479,-62.498833,-76.73979
17713.89998132639,11.208525637183143,13.668241933343737,0.0,-75.36332,-76.72472,-75.21796,-69.79893,-66.30108,-71.6764,-66.72181,-74.45488,-73.499504,-68.41367,-67.04658,-80.11847
17717.21967772469,10.095878495218608,13.208408115938663,0.0,-74.538956,-76.335915,-75.7692,-68.09566,-66.24872,-72.4301,-67.61993,-71.570526,-73.231476,-66.8856,-71.14873,-82.07704
17720.53937412299,9.004873543534954,12.757518563609668,0.0,-74.97355,-75.49132,-71.60557,-67.77274,-66.16834,-71.95679,-69.45483,-78.49222,-71.4617,-60.378674,-73.851,-79.9362
17723.85907052129,7.880390829134921,12.292793351395837,0.0,-75.04488,-75.13045,-70.85704,-68.71703,-66.87365,-72.461494,-73.00455,-80.81123,-69.57675,-58.585594,-75.18274,-81.880516
17727.178766919587,6.943091024017806,11.905426924804347,0.0,-75.181694,-73.997116,-69.40428,-69.63926,-69.393974,-75.08977,-74.27272,-79.55756,-67.405876,-59.54565,-78.5148,-82.024574
17730.498463317886,6.2478647612258325,11.618104435649846,0.0,-73.66735,-73.219826,-68.11607,-70.80658,-74.74139,-78.52686,-75.06243,-79.620255,-65.8175,-61.540974,-81.99831,-82.213905
17733.818159716186,5.365011717899233,11.2532397181584,0.0,-72.51949,-72.5011,-66.87448,-73.55661,-81.903404,-83.815544,-74.91516,-79.08869,-63.497326,-64.51866,-88.92965,-81.64684
17737.137856114485,4.380069983193396,10.846183877443544,0.0,-68.99373,-67.90401,-67.08476,-72.9522,-79.37799,-82.944756,-73.92463,-78.92459,-64.30446,-70.078705,-86.12092,-80.2109
17740.457552512784,3.503786975565488,10.484034418439602,0.0,-68.74694,-66.06049,-67.945564,-72.96678,-75.86429,-81.47366,-71.88533,-79.198715,-65.876816,-74.58155,-81.31257,-79.48248
17743.777248911083,2.6463511817324594,10.129674119125092,0.0,-70.8867,-65.7325,-69.77512,-73.17352,-73.696205,-80.349556,-68.77838,-77.51455,-68.599174,-75.07939,-83.33592,-80.17451
17747.096945309382,1.860083418659668,9.804726080020856,0.0,-75.5065,-65.90513,-74.120094,-74.10071,-77.09352,-79.9423,-67.682205,-78.25971,-71.205864,-74.26985,-83.04082,-81.90934
17750.41664170768,1.016991710812235,8.92157748390745,0.0,-75.20504,-64.39984,-69.220924,-74.55137,-78.076256,-78.211784,-69.725655,-77.79959,-72.119125,-71.28212,-84.78893,-82.666306
17753.73633810598,1.3441443983692092,8.057847641606164,0.0,-69.062004,-59.213413,-69.162094,-74.09255,-76.87881,-77.611786,-73.36196,-76.97694,-70.73042,-68.43156,-84.13978,-82.3792
17757.05603450428,1.696862030372526,7.126622692967917,0.0,-66.56926,-57.38722,-71.80396,-73.9274,-76.57062,-75.71699,-78.00324,-76.07464,-69.35846,-64.590866,-83.47627,-80.477356
17760.37573090258,2.115553196764211,6.021218186524877,0.0,-65.72818,-58.666843,-72.04839,-75.1574,-78.70521,-75.00393,-80.95509,-76.62383,-67.608955,-67.18215,-83.48233,-78.3128
17763.695427300878,2.453971593224925,5.127745262950127,0.0,-65.660164,-62.371777,-72.59143,-77.248085,-81.598694,-78.09228,-75.631134,-76.258446,-67.78496,-73.43301,-84.59072,-74.880684
17767.015123699177,2.83734842496533,4.115575646084488,0.0,-65.545204,-64.771454,-74.25544,-80.170494,-81.91416,-80.31922,-70.72274,-75.236885,-68.02325,-75.00791,-85.75068,-74.94863
17770.334820097476,3.1102501373837117,3.3950761301212284,0.0,-65.73678,-68.861626,-75.393906,-79.60676,-81.078835,-81.02243,-69.34711,-74.85197,-69.375626,-74.62752,-87.62022,-75.309166
17773.654516495775,3.513539530889493,2.3303345048705824,0.0,-66.08704,-70.82347,-74.993645,-78.65012,-79.68618,-81.49165,-68.98137,-74.12888,-72.759155,-74.24241,-91.53671,-76.34018
17776.974212894074,3.917238844927295,1.2645106308414762,0.0,-64.26664,-72.24036,-75.72647,-78.04932,-78.89926,-82.57164,-70.52284,-76.33581,-75.54376,-74.87661,-91.47113,-76.82798
17780.293909292373,5.076990043991701,1.0249827552373558,0.0,-62.451862,-72.75231,-77.563774,-81.97597,-78.717354,-82.971405,-67.34862,-77.3498,-77.80328,-75.77052,-87.86051,-75.54638
17783.613605690673,4.721184768055107,1.9291785237762304,0.0,-60.933815,-72.31992,-77.079414,-80.08314,-79.750946,-84.977135,-64.6655,-71.937004,-75.165634,-74.439224,-87.50973,-75.32475
17786.93330208897,4.395431246689416,2.757004797094291,0.0,-63.055786,-71.663895,-76.707,-80.49776,-80.27055,-83.449036,-65.932785,-73.051796,-72.51941,-74.58778,-85.949905,-75.38584
17790.25299848727,3.940710183408645,3.9125718701279113,0.0,-65.292366,-70.282234,-75.30011,-80.09873,-80.741234,-81.07166,-69.5519,-75.136856,-67.29249,-76.66802,-83.74437,-75.37463
17793.57269488557,3.5182631416408188,4.986122077029008,0.0,-65.87159,-66.01277,-72.97193,-77.42448,-81.059425,-78.28313,-73.0525,-76.33463,-66.18656,-74.33556,-83.7159,-75.25291
17796.89239128387,3.2405904748560896,5.691762120405988,0.0,-66.30401,-62.768375,-72.61482,-76.59288,-79.11122,-75.760155,-76.27993,-77.22117,-66.48186,-67.03057,-83.57809,-75.46079
17800.21208768217,2.811368272732107,6.782529810406748,0.0,-65.82822,-59.862495,-72.18544,-75.59853,-76.79508,-74.699066,-80.521416,-77.52419,-66.85317,-64.29548,-82.16455,-79.53383
17803.531784080467,2.5087228501899816,7.551632263173678,0.0,-65.03709,-60.217236,-72.13608,-75.630066,-76.343315,-76.84463,-75.83551,-76.80786,-67.68935,-63.709404,-81.21479,-81.007675
17806.851480478766,2.1761129777442263,8.396882346798913,0.0,-65.19007,-62.224728,-73.850494,-76.26684,-77.42694,-79.011734,-68.92291,-76.296745,-69.43298,-64.82273,-81.65518,-82.68803
17810.171176877066,1.7275729722130595,9.536741709350796,0.0,-75.47948,-65.36253,-75.58577,-75.158295,-77.85178,-79.69565,-67.38035,-77.82926,-71.38123,-73.002686,-83.07241,-82.38732
17813.490873275365,1.3588465034510673,10.473773662924996,0.0,-80.130554,-66.46525,-70.90217,-70.97473,-77.72168,-79.64001,-68.41123,-80.52532,-73.03095,-74.88619,-84.49648,-81.96836
17816.810569673664,2.2359934767784404,10.993977187094789,0.0,-78.51425,-67.71367,-66.285545,-70.03764,-71.8402,-80.16024,-70.173004,-80.40313,-69.57309,-82.3691,-85.10399,-78.98158
17820.130266071963,3.2817673101701725,11.614187083677184,0.0,-78.52001,-68.93083,-65.70615,-69.47068,-75.70172,-79.81134,-74.65777,-81.53213,-68.19344,-80.24323,-81.641205,-79.743546
17823.449962470262,4.285583190515863,12.20951326555131,0.0,-78.34858,-70.09934,-67.16748,-67.319115,-77.69452,-79.32998,-79.18673,-76.20647,-67.91089,-76.786575,-82.23465,-83.37861
17826.76965886856,5.014527467365049,12.641823235569095,0.0,-77.67459,-70.565025,-69.468475,-65.383644,-78.271416,-78.242424,-79.07211,-72.9332,-67.99408,-75.40468,-80.1202,-84.049995
17830.08935526686,5.702428446400682,13.049791939168133,0.0,-77.593506,-71.534195,-70.2501,-64.93898,-77.05811,-76.82528,-77.845,-72.47046,-70.13869,-70.36748,-77.14013,-83.985
17833.40905166516,6.439796773205028,13.487097902568683,0.0,-76.89181,-73.54028,-70.27958,-64.45392,-73.83814,-74.33674,-77.25794,-72.92332,-70.88778,-65.33173,-74.85467,-83.00597
17836.72874806346,7.21075264299304,13.944323399137122,0.0,-77.650345,-78.47344,-69.86609,-63.378815,-70.373245,-72.91574,-75.47865,-74.70927,-71.00788,-64.563484,-73.32573,-80.35428
17840.048444461758,8.285818324538777,14.581905210692168,0.0,-78.91828,-81.50824,-70.23346,-62.84468,-67.89618,-72.49915,-74.29597,-76.72278,-71.3553,-64.91561,-73.81915,-78.12819
17843.368140860057,9.061179887172791,15.041743561223043,0.0,-79.6169,-81.77899,-70.6635,-64.51532,-67.06994,-72.17056,-74.889496,-80.03201,-71.50912,-66.01321,-74.57388,-79.423965
17846.687837258356,10.112018684514004,15.664957301148045,0.0,-80.30079,-81.2553,-72.18173,-67.752335,-66.362686,-73.47257,-75.33253,-83.06007,-74.32288,-67.250206,-75.09222,-80.961365
17850.007533656655,10.750546293176953,16.043644479473635,0.0,-81.03451,-80.60913,-73.69776,-69.82293,-65.264755,-73.59708,-75.32097,-83.567154,-78.114105,-68.277725,-75.12468,-80.72554
17853.327230054954,11.6372071941917,16.56949036331879,0.0,-82.76503,-79.26687,-76.24635,-73.26388,-63.73318,-74.19733,-74.07506,-82.89387,-81.12769,-70.40041,-74.42664,-80.13146
17856.646926453253,12.197555423217665,16.05053196244837,0.0,-82.33839,-79.47249,-77.290504,-74.55374,-62.502007,-73.78943,-72.31998,-81.80806,-81.76661,-69.949005,-71.7427,-79.81127
17859.966622851553,12.852337708447449,15.444114827425391,0.0,-79.86656,-80.609406,-74.25852,-79.26838,-64.620575,-66.892784,-73.467926,-81.1923,-81.51556,-70.32489,-63.712067,-77.997246
17863.28631924985,13.575640959332002,14.774237991951304,0.0,-78.79557,-78.87276,-73.58596,-76.86589,-64.245094,-65.37089,-71.39249,-82.579025,-78.15114,-71.27589,-64.17395,-76.51764
17866.60601564815,14.251836314171372,14.147989452478924,0.0,-79.66031,-78.22803,-74.87203,-76.40755,-64.31241,-64.38342,-67.92237,-82.587234,-75.7063,-72.86849,-65.44669,-75.58385
17869.92571204645,15.039388498992189,13.418609396889106,0.0,-77.46209,-80.94595,-77.84139,-79.778984,-67.25522,-63.3816,-65.867966,-79.514336,-72.25151,-75.90408,-64.48219,-72.333984
17873.24540844475,15.86593433827331,12.653115932681956,0.0,-77.75156,-80.95255,-82.44464,-78.36379,-70.222015,-63.550682,-65.83109,-75.650055,-75.41337,-76.738235,-66.55244,-70.917496
17876.565104843048,16.71799530109617,11.863992006156312,0.0,-80.566635,-80.41382,-84.22724,-77.15973,-70.70688,-66.45613,-68.33445,-74.257256,-78.09457,-77.486916,-70.974785,-71.713844
17879.884801241347,17.61401041888507,11.034160575276749,0.0,-81.63434,-80.42457,-82.93162,-81.89759,-73.45928,-69.7442,-67.73537,-75.0095,-73.83034,-79.01817,-76.894585,-72.99903
17883.204497639646,18.52672739407173,10.188860960939593,0.0,-81.30906,-76.677536,-82.305954,-80.2835,-72.28838,-72.50992,-67.34462,-74.25689,-72.88646,-80.84057,-78.56533,-72.44473
17886.524194037946,19.3834758237651,9.39539580482627,0.0,-78.67069,-73.74019,-74.02106,-78.828514,-73.140114,-74.4154,-68.89154,-76.98086,-73.419235,-84.01683,-76.24024,-72.96721
17889.843890436245,19.197059437474618,10.17711878042221,0.0,-81.11977,-75.20593,-80.74762,-79.3888,-73.25612,-76.15284,-68.186554,-74.63012,-72.872246,-82.7072,-78.618935,-72.96266
17893.163586834544,18.935160964252816,11.275370161993129,0.0,-81.69734,-78.822586,-82.77826,-82.2373,-72.99508,-71.25014,-69.11504,-76.081764,-73.3916,-79.97413,-78.76846,-75.16125
17896.483283232843,18.72601696015202,12.152399678909964,0.0,-79.82028,-78.89544,-82.70612,-81.61958,-72.49977,-69.874275,-71.407,-76.60598,-79.87187,-78.49699,-75.6361,-75.70469
17899.802979631142,18.49896823579329,13.104511282094856,0.0,-78.06905,-77.781075,-85.389435,-81.81726,-70.1622,-70.428566,-76.45382,-78.12093,-81.806656,-76.61725,-72.46096,-76.00886
17903.12267602944,18.276271905787212,14.038371449705734,0.0,-78.02137,-77.592575,-82.932816,-82.33455,-73.304535,-73.15264,-78.41679,-79.55405,-79.63588,-77.568504,-70.96149,-76.1374
17906.44237242774,18.079419212522463,14.8638582869691,0.0,-79.38357,-76.883934,-78.94316,-81.838776,-77.85881,-77.36661,-77.6307,-79.85888,-77.46559,-79.39366,-70.694664,-75.09226
17909.76206882604,17.901614601635927,15.609468435640869,0.0,-81.70962,-74.945175,-76.91092,-79.41686,-77.745445,-76.587944,-75.92755,-79.36711,-78.88855,-80.16143,-72.32911,-74.24533
17913.08176522434,17.715348661629434,16.39056052615675,0.0,-82.81196,-73.29466,-75.79043,-76.52995,-74.46127,-72.295715,-73.250824,-78.16981,-83.63064,-78.5317,-74.54236,-74.39542
17916.401461622638,18.437516785197964,15.510725172904383,0.0,-80.98619,-75.622574,-77.021774,-81.70517,-79.02337,-78.94711,-77.4811,-80.19849,-76.750114,-80.32607,-72.01248,-76.1016
17919.721158020937,19.22097770772977,14.556215281040153,0.0,-78.24131,-77.87116,-81.602165,-83.849174,-74.13931,-73.89265,-79.724365,-81.1373,-79.34521,-77.86936,-71.55767,-79.71911
17923.040854419236,18.78976939615869,13.810706790251464,0.0,-78.04483,-77.693436,-84.27112,-82.45782,-72.428795,-71.417786,-78.119896,-79.930214,-80.96422,-77.10023,-71.60147,-77.99713
17926.360550817535,18.373246820596503,13.090588211007432,0.0,-78.024345,-77.85342,-85.506355,-81.497,-69.89995,-70.55241,-76.71062,-77.98939,-81.83544,-76.493645,-72.360115,-75.694
17929.680247215834,17.90422568270641,12.27970578765506,0.0,-79.21057,-79.104996,-84.182014,-80.85168,-70.22217,-69.404045,-72.98073,-75.900826,-81.03984,-77.299324,-73.387856,-74.23966
17932.999943614133,17.439970913213863,11.477063855070714,0.0,-80.94179,-80.35124,-82.8237,-80.72602,-72.41708,-68.90217,-68.89257,-74.739914,-78.57073,-78.48979,-74.04747,-72.756195
17936.319640012433,17.020265109931348,10.75144184922302,0.0,-82.06613,-80.73233,-83.03283,-81.81636,-73.75216,-68.459595,-66.40723,-73.53555,-74.088554,-78.67031,-74.52434,-71.88665
17939.63933641073,16.60644260665174,10.035991377616034,0.0,-82.36171,-80.18932,-83.462654,-82.757805,-74.623055,-68.34819,-64.74212,-73.62469,-72.653786,-77.00816,-74.5237,-70.91795
17942.95903280903,16.062744254018543,9.096000826786725,0.0,-78.934135,-78.63761,-85.02858,-83.46331,-75.15549,-70.38728,-58.271286,-77.5872,-74.14141,-75.79719,-73.33103,-69.99126
17946.27872920733,15.532295358671504,8.178917030396322,0.0,-78.27287,-78.55916,-79.84968,-83.76773,-75.13452,-70.36725,-56.56532,-79.32098,-75.79895,-77.71075,-72.77679,-69.09612
17949.59842560563,15.028474532990924,7.307870036861899,0.0,-79.9137,-79.184494,-77.05853,-83.00098,-74.50655,-69.58564,-61.72821,-79.490555,-75.90204,-81.21395,-72.10426,-67.347855
17952.918122003928,14.434063011535953,6.280202377459045,0.0,-81.181305,-80.01037,-75.32696,-81.67629,-74.9658,-69.86735,-67.43052,-77.528366,-75.76657,-81.402565,-72.886566,-65.16132
17956.237818402227,13.867796840227134,5.301194720535571,0.0,-78.9,-77.748856,-74.70187,-79.60436,-75.98643,-71.69987,-69.67121,-74.11047,-72.88525,-79.672516,-73.97972,-60.220413
17959.557514800526,13.472360819918968,4.617532317022658,0.0,-74.12571,-73.03935,-74.75959,-78.524635,-77.84865,-73.238,-67.388245,-72.140724,-71.986855,-77.88781,-80.533714,-58.444107
17962.877211198826,13.04550135075974,3.87954246364456,0.0,-72.16101,-72.56066,-74.70877,-77.36397,-79.56631,-73.711784,-66.13266,-68.9653,-73.016464,-76.09392,-84.0027,-58.625828
17966.196907597125,12.627148781427868,3.1562600402519223,0.0,-73.07728,-72.80184,-75.490295,-75.752884,-80.560104,-75.890274,-65.16468,-65.60016,-74.009346,-75.311806,-84.00541,-58.62873
17969.516603995424,12.25583056105898,2.5142944782687238,0.0,-73.89782,-73.315636,-76.94876,-74.96114,-80.919945,-79.36433,-64.31199,-63.765873,-74.30301,-75.4154,-82.69836,-60.11844
17972.836300393723,11.640516926817046,1.450489522482762,0.0,-72.35471,-73.87357,-80.42388,-75.32866,-81.04557,-79.524345,-65.50147,-63.006435,-74.39698,-78.8721,-82.045265,-63.287926
17976.155996792022,10.823828393683003,1.6940592267343733,0.0,-71.85906,-73.66639,-83.859406,-75.0287,-77.366356,-81.12298,-65.2474,-63.484116,-74.53816,-77.6563,-80.50831,-64.85711
17979.47569319032,9.720437060956396,2.023135355126519,0.0,-71.426414,-71.859024,-83.40798,-74.73831,-74.72907,-81.62489,-65.98854,-64.33357,-74.573364,-77.49609,-81.49043,-67.06336
17982.79538958862,8.692577386913937,2.329684873898309,0.0,-62.081722,-70.36804,-83.18345,-75.21201,-76.50624,-75.98713,-68.54095,-65.33165,-72.52343,-77.58372,-86.03026,-72.056305
17986.11508598692,7.9626332213629425,2.5473838831413644,0.0,-58.600056,-70.159035,-81.68575,-76.36954,-77.38303,-73.83065,-71.46214,-66.21773,-71.151985,-77.15537,-87.58085,-72.764824
17989.43478238522,7.028294103598869,2.826041772105694,0.0,-59.15006,-71.12199,-78.87777,-79.44198,-78.16057,-74.49939,-72.274055,-67.6055,-69.73694,-78.086464,-86.40383,-74.34517
17992.754478783518,6.262358059632666,3.0544750219134,0.0,-60.579784,-72.67565,-77.29321,-79.71983,-79.41932,-79.33908,-70.48604,-71.50318,-69.13965,-78.47999,-85.99804,-76.53532
17996.074175181817,5.319607438063679,3.335641563088397,0.0,-63.4079,-74.30775,-76.87081,-80.111115,-79.84019,-80.46483,-68.21762,-75.21942,-68.9301,-77.89512,-83.91625,-77.02146
17999.393871580116,4.312799704649091,3.6359125377829535,0.0,-65.3857,-72.46106,-76.33502,-80.63972,-80.36523,-81.29954,-68.44718,-75.38522,-68.05716,-77.01819,-83.80506,-75.818245
18002.713567978415,3.160376548083173,3.979611948304001,0.0,-65.312744,-66.13372,-74.62825,-80.26391,-81.725494,-80.553444,-70.06142,-75.10214,-68.06629,-75.13084,-85.35137,-74.99585
18006.033264376714,2.2436294772771053,4.253023174065777,0.0,-65.97637,-63.714104,-74.02442,-79.855,-82.107864,-79.97061,-71.93433,-75.501144,-67.86173,-74.39953,-86.85837,-74.97682
18009.352960775013,1.2472900118633483,4.550172085896043,0.0,-67.6002,-62.26964,-74.63737,-78.872986,-81.90011,-78.78958,-76.42745,-76.05623,-68.1664,-72.46699,-88.59952,-78.05379
18012.672657173312,2.0196463307507866,3.581524891776135,0.0,-66.70087,-68.71712,-75.8197,-79.32726,-81.19783,-79.69382,-72.47961,-75.16882,-69.546776,-74.201195,-90.664894,-77.55769
18015.99235357161,2.5228860303249663,2.950389092091797,0.0,-66.69196,-69.62867,-74.59493,-78.60984,-80.22139,-80.02206,-71.760826,-74.60709,-70.6114,-74.2096,-93.16039,-78.465385
18019.31204996991,3.2985388221537564,1.9776076412990984,0.0,-66.82012,-71.00514,-74.574066,-77.81987,-78.97382,-80.74825,-71.08578,-73.994446,-73.21443,-74.081665,-94.16089,-78.21731
18022.63174636821,3.7849311306891935,1.3676009211067577,0.0,-64.57113,-71.95253,-75.43861,-77.83231,-78.93094,-82.2586,-70.82608,-75.55007,-75.07626,-74.60587,-92.15035,-77.1951
18025.95144276651,4.762552350130983,1.253809368841441,0.0,-62.09524,-72.56647,-77.19824,-81.01313,-79.19067,-83.88582,-67.17942,-75.41932,-76.81152,-74.90966,-88.532326,-75.668236
18029.271139164808,5.926421361958727,1.1183392513198511,0.0,-61.0657,-72.60806,-78.388176,-80.64378,-78.00514,-82.34146,-67.33178,-72.61165,-77.74844,-76.04185,-87.45832,-74.75615
18032.590835563107,6.884213050262519,1.0068557843170196,0.0,-61.74152,-72.53058,-79.24108,-76.139465,-74.80219,-81.43619,-69.783394,-67.25245,-77.33548,-76.17247,-86.89995,-72.941605
18035.910531961406,7.696507563254896,1.5503387283501056,0.0,-59.66505,-71.28624,-80.61281,-74.32788,-75.48192,-76.72415,-72.38207,-65.97503,-73.495056,-76.976585,-88.769554,-72.335754
18039.230228359706,8.661110395998465,2.195726797550382,0.0,-62.417706,-70.366264,-83.148994,-75.05104,-76.03209,-76.28046,-69.40414,-65.214874,-72.43839,-77.81762,-86.88425,-72.017914
18042.549924758005,9.561939703286129,2.7984458313062803,0.0,-67.258026,-71.43184,-82.39267,-75.62892,-76.07225,-76.91837,-65.614586,-65.508255,-73.680725,-75.804405,-80.0663,-70.381355
18045.869621156304,10.42005652114692,3.372587164327527,0.0,-71.30535,-73.022896,-79.16529,-75.77991,-77.92333,-74.284676,-65.04865,-67.05126,-74.17696,-73.11688,-80.90475,-66.94395
18049.189317554603,11.256278875734456,3.932079540391107,0.0,-73.23948,-73.766014,-76.7595,-75.77747,-79.07851,-72.97543,-65.35178,-69.62584,-73.990776,-73.09834,-82.52655,-63.269497
18052.509013952906,11.92217406134243,4.377610896448752,0.0,-72.944046,-73.20718,-75.37391,-78.01154,-78.85478,-72.34028,-65.80238,-71.32461,-73.41496,-73.75429,-83.71743,-61.10183
18055.8287103512,12.895775508149038,5.029019680038914,0.0,-74.3576,-73.19119,-74.600266,-79.40269,-78.09744,-72.20478,-67.09543,-73.590515,-72.05614,-77.06268,-80.90242,-59.16969
18059.1484067495,13.717411030572372,5.578752425375071,0.0,-79.77531,-78.281906,-74.58353,-80.28201,-75.831825,-71.750786,-70.18717,-75.63761,-73.091286,-79.85253,-73.90562,-60.02582
18062.4681031478,14.596448918677662,6.166891446016927,0.0,-80.82134,-80.22794,-75.31632,-81.259445,-74.98263,-69.364845,-67.112785,-76.99204,-75.47415,-80.963036,-72.92307,-65.588135
18065.7877995461,15.236096514248729,6.594861292943506,0.0,-80.39454,-80.18652,-76.18388,-81.843216,-74.3773,-67.26068,-63.374317,-77.22338,-75.99312,-81.30176,-72.999855,-67.55121
18069.1074959444,15.873221982425065,7.021143656820784,0.0,-79.750725,-80.17597,-76.532,-82.05006,-73.76183,-67.16771,-56.66953,-77.73578,-75.89426,-81.06137,-73.16786,-68.97998
18072.427192342697,16.626736415693806,7.525298536626258,0.0,-79.152756,-80.26206,-76.42126,-81.71348,-72.9582,-68.96211,-49.89401,-77.72835,-76.29772,-81.21387,-73.53213,-69.94388
18075.746888741,17.41252702202175,8.051048477429639,0.0,-78.736664,-78.11183,-75.385345,-80.94974,-71.812294,-70.73722,-56.050056,-75.51639,-76.26394,-81.899635,-74.16729,-71.04899
18079.06658513929,18.12250668330597,8.526075490842429,0.0,-77.64631,-75.861565,-74.61822,-80.16646,-71.20258,-71.33995,-63.927505,-73.94497,-75.20253,-82.69115,-74.4145,-71.63004
18082.386281537594,18.96207873421816,9.087809052573297,0.0,-77.75916,-74.33004,-73.692894,-79.28773,-71.931885,-72.33888,-67.1461,-75.3037,-73.95965,-83.59653,-75.61912,-72.364105
18085.705977935893,19.58287652163586,8.506430922105224,0.0,-79.64272,-74.78035,-75.39029,-78.71561,-76.745316,-72.22363,-70.61266,-80.16257,-76.18214,-82.25872,-74.79994,-76.39692
18089.025674334192,19.151734302409377,9.287802276583598,0.0,-78.15728,-74.016495,-73.972404,-79.09687,-72.35448,-73.4128,-67.845604,-76.1138,-73.66046,-83.70987,-76.13834,-72.47245
18092.34537073249,18.65045006483348,10.196294013709387,0.0,-81.248474,-76.42044,-81.95053,-80.110405,-72.40838,-72.983475,-67.499626,-74.41089,-72.88203,-81.17086,-78.60521,-72.57924
18095.66506713079,18.23548961112637,10.948338692492651,0.0,-81.81813,-79.813156,-82.96621,-82.2916,-73.05031,-70.84508,-68.24963,-75.28744,-72.50125,-79.44376,-78.692024,-74.027756
18098.98476352909,17.771100975148393,11.78996347734784,0.0,-80.2236,-79.75529,-83.01865,-81.02163,-71.63985,-69.39593,-70.25193,-75.21212,-79.60864,-78.15169,-74.25719,-73.70247
18102.30445992739,17.40039992252149,12.461795579797272,0.0,-79.15232,-79.35875,-85.27649,-78.96156,-69.42023,-68.63471,-73.376175,-75.90769,-80.969604,-76.74539,-71.52358,-73.14191
18105.624156325688,17.028337363341162,13.136095179449107,0.0,-78.10634,-79.40597,-85.18268,-79.401474,-70.14449,-68.326675,-71.52478,-76.97067,-79.36022,-76.98657,-68.84355,-72.90566
18108.943852723987,16.478971230808124,14.131727107707086,0.0,-77.59855,-78.81427,-81.21926,-80.56601,-71.257034,-67.996086,-68.71868,-78.888954,-77.79594,-78.14749,-67.59095,-70.88273
18112.263549122286,16.021657153807773,14.960530467324444,0.0,-78.903534,-78.45248,-80.17828,-76.96491,-68.26297,-64.24783,-69.89703,-79.95135,-82.58065,-74.502075,-70.70418,-72.40082
18115.583245520585,15.54813768797432,15.818703315842903,0.0,-80.8783,-77.54219,-78.80563,-77.41671,-66.05392,-67.18044,-73.97091,-82.37871,-82.14699,-71.19077,-74.80136,-76.85956
18118.902941918885,15.097852007739782,16.634768911316986,0.0,-83.491875,-76.646515,-76.14291,-80.521904,-65.31449,-73.39163,-76.86953,-83.83045,-79.637924,-70.717705,-79.15159,-83.67882
18122.222638317184,16.013305671449075,16.479172207780287,0.0,-83.33231,-76.4897,-76.86332,-78.5432,-68.39203,-71.290634,-75.728226,-82.839325,-80.482185,-71.84257,-78.58118,-79.19597
18125.542334715483,17.193520300307156,16.27857493781904,0.0,-82.75238,-74.20366,-76.22153,-76.173965,-72.57579,-71.454636,-73.724106,-78.21753,-83.07316,-76.25936,-75.14539,-74.43601
18128.862031113786,18.295248597159265,16.09131773630357,0.0,-82.267166,-74.1455,-76.064964,-79.177,-76.98648,-76.48267,-75.1155,-79.34491,-79.451164,-80.16931,-72.98095,-75.13397
18132.18172751208,19.39652566765309,15.90413722827536,0.0,-80.62691,-75.24585,-76.46673,-83.02722,-74.90299,-79.43843,-78.06603,-80.90111,-76.3215,-79.14436,-72.34229,-79.98274
18135.50142391038,18.681385766839533,14.897978891607751,0.0,-78.77544,-77.09541,-79.38912,-82.86523,-77.25171,-77.310005,-79.22171,-80.34876,-77.78142,-78.89878,-71.562454,-77.251854
18138.82112030868,18.126114914043743,14.116746580260791,0.0,-78.08173,-77.68046,-82.429146,-82.27887,-73.711624,-73.629196,-78.010376,-79.45357,-79.187325,-77.82728,-70.45939,-75.31352
18142.14081670698,17.464391279792995,13.18574168119986,0.0,-78.030045,-78.59304,-85.358116,-80.0534,-70.18121,-69.887184,-75.31658,-77.40011,-80.48564,-76.68041,-70.07543,-73.69013
18145.46051310528,16.767416250713165,12.20514021404632,0.0,-79.91822,-80.17332,-85.12943,-77.57495,-70.04378,-66.40502,-69.35548,-74.87667,-78.593575,-77.01582,-70.38588,-71.939964
18148.780209503577,16.198911955730228,11.405289254565952,0.0,-81.86654,-80.93714,-80.48734,-75.80174,-72.19341,-65.45994,-66.31963,-72.659004,-77.16816,-77.955154,-70.688675,-70.87291
18152.09990590188,15.767163210021108,10.797845033726336,0.0,-82.456,-80.47176,-78.07914,-75.88777,-73.41856,-65.248505,-64.47236,-72.774414,-76.90051,-78.54005,-71.18746,-70.49003
18155.41960230017,15.09134245754722,9.84700634688896,0.0,-79.51831,-78.22964,-77.46689,-78.001495,-74.50744,-68.6012,-59.848087,-76.90028,-73.72754,-76.78457,-72.79675,-69.48465
18158.739298698478,14.430629849952515,8.917423900829766,0.0,-78.68089,-75.25517,-77.8264,-79.58064,-75.17696,-69.28894,-59.378113,-79.03844,-73.79067,-75.69783,-72.89153,-68.21188
18162.058995096773,13.902906692052486,8.174949520404871,0.0,-78.49381,-75.62811,-78.186325,-80.235565,-75.24292,-71.44993,-63.489723,-79.797386,-75.385635,-76.95268,-72.90516,-67.56752
18165.378691495072,13.3803262236135,7.439710591208799,0.0,-80.63148,-77.227196,-77.72598,-80.70276,-75.55303,-72.57307,-67.03782,-78.75673,-77.29425,-78.10041,-73.462524,-67.29121
18168.69838789337,12.834064233858504,6.67115320212821,0.0,-82.676155,-79.048065,-75.1445,-81.1486,-76.11766,-73.44357,-71.5236,-77.89196,-77.98173,-79.43547,-73.87478,-67.34751
18172.01808429167,12.337694399945969,5.972791041251363,0.0,-78.74105,-75.98087,-74.77229,-80.70362,-77.49816,-72.508095,-67.97528,-75.91272,-76.20869,-77.45601,-76.37203,-65.973946
18175.33778068997,11.642658501051775,4.994917812306797,0.0,-73.58128,-73.63539,-75.830894,-79.24405,-78.8576,-72.28517,-66.43766,-73.99085,-74.36187,-74.225204,-83.35327,-66.14337
18178.65747708827,11.189020701158404,4.356677023796718,0.0,-72.25921,-73.7274,-76.679794,-76.75137,-79.14765,-72.64114,-65.64476,-71.58698,-74.328835,-72.892685,-82.96607,-66.05749
18181.977173486568,10.72585578789544,3.705032166334132,0.0,-71.770836,-73.434105,-77.6243,-75.61119,-78.843636,-73.13791,-65.23858,-68.6999,-74.33335,-72.652245,-81.69714,-65.70176
18185.296869884867,10.195205999646218,2.9584401950422823,0.0,-71.30374,-72.636246,-81.158035,-75.74344,-76.82576,-77.063156,-65.025345,-65.30779,-73.87319,-74.174286,-79.611786,-67.53241
18188.616566283166,9.74916715363893,2.3308906723862544,0.0,-70.71335,-71.67967,-83.02454,-74.82296,-75.18969,-80.83842,-65.79099,-64.49254,-74.4069,-76.91428,-79.66497,-67.73858
18191.936262681465,9.284045371980657,1.6764926201327452,0.0,-68.83316,-71.63943,-83.74614,-74.92922,-73.823555,-81.16802,-69.07597,-64.503845,-74.19912,-78.338554,-85.27981,-68.42637
18195.255959079765,8.447364203127034,2.3147915590734085,0.0,-60.42096,-70.20059,-82.90701,-75.21965,-76.96147,-74.66017,-70.16233,-65.49294,-71.93185,-77.46359,-87.35146,-72.4829
18198.575655478064,7.736769645548877,2.856899794568428,0.0,-59.05824,-70.77709,-81.22708,-77.87059,-77.63392,-73.90963,-70.76877,-66.93903,-70.3441,-77.29134,-85.1743,-72.93939
18201.895351876363,6.998089320138677,3.42043449031364,0.0,-61.318363,-73.06415,-78.94123,-79.8527,-78.240425,-76.865204,-70.647354,-70.93167,-68.32932,-79.347786,-81.24548,-76.33039
18205.215048274666,6.34715572795366,3.917027740741176,0.0,-65.67484,-75.56879,-76.96544,-80.30825,-78.88782,-78.54531,-70.35239,-74.6859,-65.9756,-80.97599,-81.80794,-79.20036
18208.53474467296,5.709137536263745,4.4037679112394565,0.0,-67.32996,-76.0662,-75.54059,-79.94043,-79.00083,-78.51558,-70.485344,-76.55839,-64.719246,-81.100716,-82.180695,-77.843185
18211.85444107126,4.987136349577784,4.954578194213775,0.0,-67.38454,-75.584236,-74.20757,-78.76226,-78.98051,-77.82617,-71.9139,-77.47813,-64.28923,-75.37345,-83.14651,-75.15981
18215.17413746956,4.017382583893339,5.694397402190221,0.0,-66.92525,-67.69857,-72.87428,-77.5261,-77.840195,-76.0374,-74.87251,-77.33114,-65.64355,-66.83937,-85.22929,-74.65505
18218.49383386786,3.3141237491953417,6.230909259632194,0.0,-66.07828,-61.656322,-72.49038,-76.542076,-77.20326,-74.823135,-77.71282,-77.452576,-66.38358,-65.29513,-83.35966,-76.5948
18221.81353026616,2.6800474585488003,6.714642177969127,0.0,-66.06096,-59.68724,-72.48581,-75.43672,-76.92253,-74.53478,-80.83876,-77.414665,-66.96572,-64.67233,-82.20851,-79.456
18225.133226664457,1.7946298958159068,7.390121813283722,0.0,-66.7146,-57.945267,-71.15346,-74.18924,-76.1655,-76.190414,-76.89321,-76.26689,-69.362236,-64.496796,-82.75596,-81.031006
18228.45292306276,1.361905207114035,8.545811424840196,0.0,-71.563705,-62.263126,-69.80931,-74.93264,-77.28229,-78.25153,-70.52202,-77.028885,-71.27423,-69.65269,-83.599396,-82.51427
18231.77261946105,1.4689151718730058,7.509683582230993,0.0,-67.62694,-57.590282,-70.55963,-73.9128,-76.333984,-76.59979,-75.85403,-76.127106,-70.12852,-65.94906,-84.12593,-81.541306
18235.092315859358,1.5765903226819649,6.4671150517058535,0.0,-66.22399,-56.851337,-71.695465,-73.70292,-77.7694,-74.91933,-80.46002,-75.83512,-68.64129,-66.712,-84.88835,-79.36751
18238.412012257653,1.6935780548049146,5.334377116791866,0.0,-66.40572,-59.203243,-72.0956,-76.369415,-81.63921,-77.96539,-79.12883,-76.36577,-68.18469,-73.449585,-85.85643,-77.53516
18241.731708655952,1.8000885205835182,4.3030856910722415,0.0,-66.47706,-63.776863,-74.18486,-79.54264,-82.00689,-79.51046,-73.8385,-75.64881,-68.00072,-73.58629,-87.921074,-76.061775
18245.05140505425,1.886672993508523,3.464728409698413,0.0,-67.01789,-69.35964,-75.81267,-79.17637,-80.96215,-79.50633,-72.67887,-75.20135,-70.29911,-73.97487,-91.58316,-78.1368
18248.37110145255,1.973066151947392,2.6282235377354843,0.0,-67.99927,-69.90899,-74.61935,-78.04437,-79.13088,-79.2079,-72.85495,-74.86383,-72.065155,-73.670715,-95.74792,-79.88471
18251.69079785085,2.057787463936537,1.8079063793095889,0.0,-68.0403,-70.610825,-74.39576,-77.074165,-77.80927,-78.72635,-73.30193,-75.91397,-72.85412,-73.92175,-96.474,-80.3725
18255.01049424915,1.5867301292136329,2.697887175648242,0.0,-68.40404,-70.26505,-75.76815,-78.1499,-79.174484,-78.75982,-73.3362,-75.23691,-72.03913,-73.23392,-95.351616,-80.39773
18258.330190647448,1.0527242140626885,3.706798351811443,0.0,-68.86829,-70.50719,-80.69794,-79.23415,-81.29783,-78.42508,-74.04886,-75.86159,-71.3744,-72.28875,-91.244225,-80.50019
18261.649887045747,1.017780226203024,4.85454996255698,0.0,-68.06222,-59.427814,-74.39843,-78.23593,-81.974815,-78.367134,-78.240654,-76.38765,-68.47125,-71.88526,-88.615654,-79.941185
18264.969583444046,1.8670954736659224,5.317368348647076,0.0,-66.14444,-60.101337,-72.223724,-76.44783,-81.60319,-77.818825,-78.55354,-76.35035,-68.236725,-73.50551,-85.456154,-76.81318
18268.289279842345,2.627419222909193,5.73169248986781,0.0,-65.82293,-61.18098,-72.56376,-75.8696,-79.7304,-75.632195,-77.83536,-76.98925,-67.04559,-67.06154,-83.493126,-76.653336
18271.608976240645,3.3435436716564206,6.121931052755885,0.0,-66.16794,-61.912804,-72.52594,-76.614044,-77.4029,-74.794304,-77.39452,-77.39413,-66.38182,-65.50653,-83.49544,-76.03693
18274.928672638944,4.141379296389739,6.556696585704106,0.0,-66.278435,-65.91868,-74.15106,-77.33316,-78.32348,-75.84789,-75.614655,-77.05082,-63.802307,-63.463127,-86.3246,-74.06645
18278.248369037243,5.080067841767601,7.068217271233797,0.0,-68.413086,-68.55507,-77.27817,-77.33719,-77.102455,-76.77598,-73.59158,-76.22813,-61.597874,-62.509068,-90.06151,-74.10449
18281.568065435546,6.14589370343276,7.649019048456692,0.0,-69.18685,-69.31497,-77.24779,-70.53026,-69.43899,-77.304596,-73.09785,-74.68572,-61.180656,-64.66811,-88.03297,-75.29357
18284.88776183384,7.220132860118644,8.234405492721447,0.0,-68.677925,-71.1134,-75.82783,-68.24228,-71.90509,-74.89679,-72.83099,-73.60615,-65.119225,-69.168655,-88.92674,-77.21368
18288.20745823214,8.068011472829733,8.696441011696864,0.0,-68.13319,-72.89912,-75.40015,-67.920906,-73.40384,-72.15625,-73.270485,-73.51904,-68.29704,-71.68776,-89.441284,-80.04358
18291.52715463044,9.050143141458658,9.231635210977585,0.0,-70.52215,-72.5365,-74.315414,-67.27273,-73.532326,-70.236275,-71.86359,-70.90778,-68.91964,-73.34523,-77.728584,-77.832726
18294.84685102874,10.032497520550285,9.766950772140383,0.0,-71.85904,-72.18419,-73.97007,-67.68535,-73.605484,-68.6004,-68.99117,-69.73277,-68.01634,-74.59247,-72.905754,-76.04892
18298.16654742704,11.062086050558978,10.328005696350152,0.0,-74.353645,-72.48351,-73.43305,-70.19246,-73.7215,-68.79151,-67.01569,-71.02341,-68.395,-74.01944,-70.79969,-75.02032
18301.486243825337,11.889287538872198,10.778773604893056,0.0,-75.151474,-73.703094,-74.31867,-73.75497,-74.31131,-71.19583,-63.91085,-74.84812,-69.7027,-73.883354,-70.5203,-73.66511
18304.80594022364,12.650977797537209,11.19384239974745,0.0,-74.888885,-76.06497,-75.618126,-79.04552,-74.03911,-73.2233,-61.278393,-80.01932,-70.43975,-74.47678,-69.816154,-72.43951
18308.12563662193,13.601492312089812,11.711807424977572,0.0,-74.66393,-78.18243,-76.82614,-81.86688,-72.876366,-72.26635,-62.684963,-79.33088,-71.6405,-75.68938,-67.20713,-72.343666
18311.445333020238,14.657725080994878,12.28738162654808,0.0,-77.02447,-79.498314,-78.14487,-81.122185,-71.04517,-67.40191,-63.891617,-77.59359,-72.69119,-76.42647,-64.8606,-70.69615
18314.765029418533,15.394600097428912,12.68892782140903,0.0,-77.02695,-80.83614,-79.67009,-80.181435,-70.21869,-63.53472,-64.954285,-76.58194,-73.69205,-76.85896,-64.764404,-70.35019
18318.084725816832,16.291066596319148,13.177440396026784,0.0,-76.94375,-80.64065,-83.75976,-79.107925,-69.97867,-65.51209,-67.30099,-76.50385,-76.223305,-77.17304,-66.47493,-71.50526
18321.40442221513,17.213383716633547,13.680039781075292,0.0,-77.342995,-78.9562,-83.62537,-80.46998,-71.41931,-70.51874,-73.3618,-78.24905,-79.8881,-77.67614,-67.946396,-73.45245
18324.72411861343,18.197517330378677,14.216324902731994,0.0,-78.13385,-77.69139,-82.03899,-82.45452,-74.17791,-74.1374,-78.12837,-79.616806,-78.95519,-77.96851,-70.588684,-75.37876
18328.04381501173,19.103541012561223,14.710045484812383,0.0,-78.34305,-77.78195,-80.76854,-83.71381,-74.79316,-75.18532,-80.03217,-80.87634,-78.82336,-78.09707,-71.521484,-79.432274
18331.36351141003,19.17115274072133,15.495394902446172,0.0,-79.67736,-76.04631,-77.55323,-83.06449,-75.77498,-78.91199,-78.979576,-80.72183,-76.98133,-79.06031,-72.153,-79.622025
18334.683207808328,19.26181534252844,16.5484935802639,0.0,-82.50438,-73.815,-75.35038,-81.7398,-75.436775,-79.55999,-75.47316,-80.139496,-78.53967,-79.14101,-73.5172,-77.20135
18338.002904206627,19.385696268258407,15.300928375368256,0.0,-78.96786,-76.7927,-78.60236,-83.62452,-74.55426,-77.77112,-79.718315,-80.870316,-77.65126,-78.43411,-72.16911,-81.04075
18341.322600604926,19.47726540752705,14.37876484356829,0.0,-78.323135,-78.00612,-82.58738,-83.67335,-73.0222,-72.15681,-79.12668,-81.27523,-79.70924,-77.730225,-71.834625,-80.30931
18344.642297003225,19.550710521024897,13.639122582020631,0.0,-78.58385,-78.02425,-84.54753,-83.22035,-72.92752,-69.91496,-75.97739,-80.68516,-81.58189,-77.45075,-72.666275,-79.24612
18347.961993401525,19.64198639436373,12.71991243765824,0.0,-79.79442,-78.22922,-82.40136,-81.991196,-73.564186,-69.584076,-70.628876,-78.798744,-82.36035,-78.84022,-75.44626,-77.165886
18351.281689799824,18.80266734939403,11.820440441860985,0.0,-80.54197,-79.318375,-82.409966,-81.814896,-72.56535,-70.064545,-70.442184,-76.64222,-77.577034,-79.22173,-77.60326,-75.56952
18354.601386198123,18.252484445433847,11.23082661426523,0.0,-81.34569,-80.0539,-82.74596,-82.09027,-73.005486,-70.52395,-68.766075,-75.73794,-74.1869,-79.310745,-78.37549,-74.42969
18357.921082596426,17.726593921058942,10.667246170850609,0.0,-81.98434,-80.04615,-83.18469,-82.42911,-73.17469,-70.58228,-67.16848,-74.50084,-71.68655,-78.74051,-78.395424,-72.75005
18361.24077899472,16.990930683548807,9.87885886516067,0.0,-81.79562,-79.39627,-83.88049,-82.67703,-73.83682,-70.39532,-64.72471,-73.19821,-72.353966,-77.075836,-75.38939,-71.02704
18364.56047539302,16.439518776314273,9.287927953156254,0.0,-79.8922,-78.459496,-84.76483,-83.12115,-74.548965,-69.44883,-60.628384,-76.10495,-73.54697,-76.36867,-73.89825,-70.256615
18367.88017179132,15.76585238518133,8.565980730624494,0.0,-77.85789,-78.50928,-83.11205,-83.64089,-75.239365,-70.73058,-56.286972,-78.955925,-75.22063,-76.566864,-72.9266,-69.54018
18371.19986818962,15.058935829523934,7.808400345680131,0.0,-79.11179,-78.612015,-78.239334,-83.40962,-75.07776,-70.55217,-59.74996,-79.772934,-76.11171,-78.905655,-72.58062,-68.05802
18374.51956458792,14.533035895391617,7.244809818122496,0.0,-80.77117,-79.00694,-76.56499,-82.882355,-74.830536,-70.40715,-63.979828,-79.20523,-76.48115,-80.97985,-72.50383,-66.417694
18377.839260986217,13.95176697369913,6.6218820766120725,0.0,-82.55572,-79.886856,-75.43798,-82.62069,-75.277695,-71.54666,-68.50471,-78.53368,-76.76719,-81.98545,-72.79475,-65.46643
18381.15895738452,13.295089999567356,5.918141881442626,0.0,-80.61521,-78.52572,-75.19228,-81.30092,-75.94726,-72.634094,-70.28404,-77.510345,-74.235535,-80.09764,-73.90868,-63.598927
18384.47865378281,12.652585443225286,5.229589823598286,0.0,-74.60244,-73.598526,-74.75371,-79.93253,-78.09491,-72.25596,-67.172874,-74.13906,-72.74503,-76.94072,-80.47289,-61.938995
18387.798350181118,12.117548354246754,4.656207292684254,0.0,-73.17232,-73.09125,-75.05002,-78.85307,-78.71725,-72.23952,-66.152115,-72.73594,-73.05345,-74.43449,-83.734856,-61.51404
18391.118046579413,11.522029783189543,4.018008647182893,0.0,-73.39663,-73.59698,-76.35864,-75.996666,-79.071266,-72.946785,-65.403076,-69.790955,-73.810486,-73.27646,-83.0785,-61.92827
18394.437742977712,10.680092454608204,3.1157307186478507,0.0,-72.889145,-73.20172,-79.051575,-75.75716,-77.71197,-76.247215,-64.90283,-65.60868,-74.20116,-73.341034,-79.76963,-64.15368
18397.75743937601,10.053119517781804,2.443823412149796,0.0,-72.27641,-72.25146,-82.68317,-75.092545,-75.6655,-81.12777,-65.45666,-64.38929,-74.60328,-76.14631,-78.08727,-66.56394
18401.07713577431,9.462948066461404,1.811355107798513,0.0,-69.94572,-71.723404,-83.64512,-74.77614,-74.17129,-81.33058,-67.2801,-64.41787,-74.37308,-78.0743,-84.10963,-67.86722
18404.39683217261,8.739765878521087,1.0363433529595794,0.0,-65.74593,-72.946075,-82.195694,-74.34717,-72.42902,-81.66155,-70.41344,-65.85861,-74.8003,-78.176834,-85.58875,-69.85015
18407.71652857091,9.39224089430468,1.4266212876000364,0.0,-69.05702,-72.44149,-83.830185,-75.34816,-73.79136,-80.99187,-69.583015,-64.56636,-74.267876,-78.40726,-84.261375,-67.713776
18411.036224969208,10.087847948790804,1.8426986514514936,0.0,-74.256424,-72.88699,-83.68801,-75.14652,-75.261955,-81.61181,-65.792305,-64.10009,-74.523346,-77.61275,-80.10101,-65.78459
18414.355921367507,11.113630359804858,2.45627040680872,0.0,-75.693115,-73.49558,-80.17752,-74.81963,-77.60885,-80.5942,-64.59064,-63.632835,-74.25629,-75.51262,-78.59904,-62.547768
18417.675617765806,11.87888178084917,2.9140055489385235,0.0,-74.12132,-73.57187,-77.4489,-75.192726,-79.71581,-77.636826,-64.641815,-64.47178,-74.30882,-74.073006,-81.86265,-58.98822
18420.995314164105,12.61739102930932,3.3557448603752373,0.0,-72.75845,-72.82031,-75.18672,-76.12238,-80.18603,-75.16926,-65.30941,-66.21541,-73.827095,-74.93153,-84.10335,-58.24832
18424.315010562404,13.347285112951198,3.792331010923753,0.0,-72.20618,-72.646515,-74.899605,-77.14655,-80.09875,-74.245316,-66.442665,-68.6758,-73.27232,-76.6734,-83.61049,-60.20567
18427.634706960704,14.21376400639902,4.310615366284456,0.0,-74.99905,-74.825455,-76.50654,-78.08038,-78.05751,-73.912056,-68.57541,-70.6907,-73.871414,-79.29457,-78.3906,-65.56204
18430.954403359003,15.018670909939576,4.792070435509425,0.0,-78.612686,-79.96244,-78.08536,-78.17833,-76.63102,-72.279854,-70.20335,-71.20427,-75.2124,-81.024925,-74.82924,-68.86564
18434.274099757306,15.833643257605338,5.279546150198814,0.0,-78.81037,-81.81851,-79.14861,-78.75836,-76.13373,-70.96054,-66.46766,-69.72858,-77.48062,-79.85968,-76.33985,-70.530266
18437.5937961556,16.9102905400729,5.923542728723845,0.0,-80.090034,-82.14237,-79.337395,-79.111374,-76.23631,-73.18327,-52.774895,-68.17096,-81.575096,-77.23866,-79.56709,-70.68572
18440.9134925539,17.89817538711677,6.514446055962908,0.0,-82.09462,-82.55758,-78.43419,-78.613815,-76.95543,-74.26885,-44.350765,-69.557724,-83.211685,-75.50415,-81.46236,-72.116165
18444.2331889522,18.97501896006572,7.158560045640572,0.0,-81.224976,-79.71431,-77.43835,-78.116234,-78.18115,-74.17894,-58.863026,-73.089035,-82.2261,-74.85089,-80.38726,-74.77776
18447.5528853505,19.62124731242245,7.545101538514441,0.0,-80.80386,-77.55331,-77.20452,-78.12643,-79.74271,-75.01209,-67.28513,-75.980354,-81.31017,-75.967354,-79.27944,-76.69674
18450.8725817488,19.25385945755335,6.855308827895676,0.0,-81.84403,-79.71513,-78.05088,-79.213745,-79.53392,-77.20726,-59.480953,-72.528595,-83.69851,-74.51142,-82.795654,-76.59366
18454.192278147097,18.708166307490984,5.830737241875985,0.0,-81.30813,-78.98511,-78.61747,-80.52193,-79.798355,-79.201706,-55.560673,-68.40369,-84.578545,-76.02688,-82.9372,-75.51384
18457.5119745454,18.245784229627645,4.962587185732934,0.0,-80.36145,-76.95383,-78.89507,-79.98353,-77.259735,-79.55917,-61.151966,-65.96367,-80.36622,-78.20715,-81.42125,-74.117455
18460.83167094369,17.828711117383747,4.179507427357621,0.0,-78.84872,-75.53974,-79.45734,-78.16591,-76.428696,-78.957954,-65.97743,-66.00792,-78.75342,-81.128105,-79.50426,-72.55712
18464.151367341998,17.334250934156852,3.2511288063423702,0.0,-77.42588,-74.855896,-81.12171,-79.048485,-76.71825,-77.07307,-64.566025,-67.53932,-82.74905,-83.83542,-77.46315,-72.144905
18467.471063740293,16.759653814368956,2.1722882852983583,0.0,-76.00145,-73.89998,-80.66182,-80.45507,-78.0483,-76.79257,-62.42805,-68.57389,-83.37134,-84.82708,-76.89449,-72.189125
18470.790760138592,16.372789155060953,1.4459267073367013,0.0,-78.91309,-73.81114,-78.42048,-78.85788,-78.07542,-77.19451,-63.4288,-69.29797,-82.409424,-80.63762,-78.20673,-74.7309
18474.11045653689,17.077778236210882,2.024916414329391,0.0,-78.08372,-73.6164,-81.06143,-81.31754,-76.9982,-77.01379,-63.898186,-68.56776,-84.80205,-83.16548,-76.56221,-72.38192
18477.43015293519,17.652918967654603,2.497264954869898,0.0,-80.89375,-74.66777,-82.312004,-81.45875,-76.72837,-77.100044,-65.546295,-68.05599,-86.294556,-83.824486,-76.86541,-71.81745
18480.74984933349,18.5195583268017,3.2090139479216075,0.0,-78.51189,-74.27426,-81.334366,-80.6399,-77.15651,-77.41197,-68.168625,-67.47123,-85.86694,-83.65895,-78.87288,-71.42611
18484.06954573179,19.342306552728203,3.884716263028293,0.0,-77.025826,-74.79058,-79.94353,-79.64769,-77.0962,-78.71783,-71.0307,-66.788246,-84.35428,-83.09488,-79.84609,-72.38646
18487.389242130088,19.21250035066714,4.807557262436895,0.0,-79.34474,-76.485466,-78.61309,-79.08641,-77.169945,-80.460945,-67.78497,-67.43335,-79.60102,-78.82973,-81.55636,-74.04779
18490.708938528387,19.078481803666204,5.7603454026788095,0.0,-81.178955,-78.32249,-78.41896,-80.55546,-79.778206,-80.258316,-60.488934,-69.00116,-84.41787,-76.05201,-83.28816,-75.79476
18494.028634926686,18.93213984125713,6.800745327340945,0.0,-81.83105,-80.45796,-78.01321,-78.94488,-78.628235,-76.00826,-54.89065,-71.89199,-83.49932,-74.70762,-82.45014,-75.78805
18497.348331324985,18.81832786901204,7.609877345254135,0.0,-80.42001,-78.05132,-76.718575,-78.193275,-76.62993,-72.22863,-62.48841,-74.406006,-80.061714,-76.74342,-77.04863,-73.04078
18500.668027723284,18.69309226855607,8.50022422276276,0.0,-78.259514,-75.123665,-74.752235,-79.45892,-72.991905,-71.519295,-65.85855,-75.25966,-75.153946,-83.32444,-74.48404,-73.07259
18503.987724121584,18.53402351030237,9.631103714733952,0.0,-78.98156,-75.15209,-79.385445,-79.90339,-71.71859,-73.35444,-66.49695,-73.534584,-73.62645,-81.752045,-77.891594,-71.647514
18507.307420519883,18.4091083257255,10.519172635524027,0.0,-82.427155,-78.085724,-83.25475,-82.308525,-72.48089,-71.44474,-67.65389,-74.74146,-72.551506,-80.02292,-78.74935,-73.1707
18510.627116918185,18.299009856012013,11.301903970471749,0.0,-81.239845,-80.03481,-82.68728,-82.04426,-72.881805,-70.46208,-68.98566,-75.86851,-74.62202,-79.32004,-78.32507,-74.54989
18513.94681331648,18.143316094796283,12.408789342053714,0.0,-78.9364,-78.804,-84.12981,-81.39484,-70.39413,-69.76559,-73.4411,-76.350815,-81.301895,-77.28688,-73.5841,-74.87382
18517.26650971478,17.969475978712754,13.64468395969579,0.0,-77.88374,-77.658325,-84.40647,-81.38618,-71.39507,-71.62217,-77.717354,-78.818726,-80.39721,-77.071045,-70.62405,-75.27655
18520.58620611308,17.829130955654986,14.642449392195896,0.0,-78.79535,-77.261284,-79.74403,-81.64718,-76.282814,-76.211784,-76.98959,-79.62654,-78.06808,-79.13439,-69.75404,-74.12638
18523.90590251138,17.69298999147356,15.610326592597556,0.0,-81.68789,-74.773315,-76.98295,-78.49599,-76.27623,-74.97894,-75.112015,-79.01075,-79.78181,-79.7529,-72.58915,-73.634766
18527.22559890968,18.77170834990849,15.552743146854183,0.0,-80.55866,-75.73181,-76.957855,-82.31685,-77.72811,-79.135826,-77.97509,-80.4268,-76.47305,-79.94932,-72.045654,-77.34444
18530.545295307977,19.636055831710458,16.304010977477862,0.0,-81.42557,-74.508026,-75.85057,-83.012024,-74.32726,-80.15529,-77.045876,-80.87285,-76.6338,-78.72589,-72.878426,-79.81294
18533.86499170628,19.18920756316899,15.61615396348564,0.0,-79.971634,-75.77354,-77.12385,-82.97086,-75.76114,-79.12038,-78.64611,-80.74009,-76.732376,-79.262436,-72.13456,-79.5466
18537.18468810457,18.54112357194718,14.618524230079563,0.0,-78.355,-77.56618,-80.55831,-83.001305,-76.033554,-75.933014,-78.948204,-80.28839,-78.28359,-78.49583,-71.24968,-76.33858
18540.504384502878,18.094809528499677,13.93148957683887,0.0,-77.9757,-77.604454,-83.24859,-81.96513,-72.85332,-72.92971,-78.023575,-79.27099,-79.75,-77.49786,-70.63559,-75.61421
18543.824080901173,17.63020986688323,13.216306910954543,0.0,-77.94929,-78.35994,-85.39522,-80.313286,-70.247795,-70.21819,-76.13255,-77.60197,-80.539246,-76.59152,-70.44482,-73.969185
18547.143777299472,17.005234366626865,12.254249291647152,0.0,-79.69304,-79.9544,-85.08771,-77.98929,-69.74192,-67.221275,-70.540596,-75.16305,-79.44377,-77.03328,-70.90623,-72.37813
18550.46347369777,16.550897551174835,11.55486476400057,0.0,-81.2794,-80.70072,-82.40973,-76.92288,-71.54621,-66.32333,-67.38147,-73.43736,-77.46567,-77.86109,-71.207695,-71.30262
18553.78317009607,16.00815851641552,10.719398056151134,0.0,-82.33184,-81.007744,-79.55014,-77.3816,-73.5966,-65.56268,-64.67027,-72.72966,-76.72328,-78.50782,-71.73355,-70.60322
18557.10286649437,15.468048398852629,9.887978178646744,0.0,-80.95822,-78.89382,-78.882576,-79.425476,-74.6067,-67.9898,-60.43631,-76.03562,-74.07388,-76.79926,-72.7089,-69.95572
18560.42256289267,14.819133691045415,8.88906967956082,0.0,-78.8899,-76.21843,-79.57048,-81.52949,-75.65983,-70.78747,-57.728973,-79.00857,-74.499435,-75.52166,-72.82064,-68.64831
18563.742259290968,14.28207117298082,8.062341132063336,0.0,-78.82337,-76.6454,-79.84007,-81.77221,-75.66555,-71.92891,-62.23292,-80.00862,-76.11122,-77.06927,-72.81601,-67.66838
18567.061955689267,13.710781143103718,7.182924377563097,0.0,-81.57901,-78.53721,-76.23958,-82.09242,-75.61116,-72.32146,-67.167274,-79.00936,-76.99091,-80.418724,-73.035065,-66.073364
18570.38165208757,13.078408991973625,6.209480704998404,0.0,-82.04129,-79.162346,-75.56483,-81.93754,-76.034065,-73.32741,-70.78999,-77.991646,-76.15705,-80.18118,-73.52743,-65.58883
18573.701348485865,12.440597179661866,5.227663476215707,0.0,-74.35599,-73.48385,-74.902145,-79.95021,-78.36614,-72.229126,-66.99375,-74.27795,-73.09608,-76.493835,-81.50184,-63.09733
18577.021044884164,11.877908860561584,4.361487786986865,0.0,-72.94469,-73.23942,-75.49701,-77.88516,-78.87433,-72.37718,-65.773186,-71.26707,-73.46513,-73.667145,-83.68295,-61.31739
18580.340741282464,11.403081945139611,3.6305617720526016,0.0,-73.88436,-73.731705,-76.83812,-75.587364,-79.05651,-73.81709,-65.15282,-67.724174,-73.89507,-73.22508,-82.128784,-60.47153
18583.660437680763,10.807368516944884,2.7135487974905983,0.0,-75.2408,-73.40869,-79.956245,-75.260765,-77.16869,-79.46793,-64.73519,-64.22509,-74.29808,-74.651505,-78.77977,-63.045387
18586.980134079065,10.210108192067224,1.7941546036016156,0.0,-74.17455,-73.06138,-83.71982,-75.09463,-75.51534,-81.61639,-65.74725,-64.03889,-74.49001,-77.630684,-80.02386,-65.54707
18590.29983047736,9.410598606874412,2.697162472859434,0.0,-66.41086,-71.1492,-82.73748,-75.35247,-75.871346,-77.29971,-65.80502,-65.31775,-73.65353,-76.3413,-80.17923,-70.92258
18593.61952687566,8.759619672822613,3.432412069683313,0.0,-63.42643,-72.175995,-82.82759,-76.80996,-77.60846,-73.53048,-65.64941,-68.19469,-71.945915,-76.67836,-82.28369,-72.51181
18596.93922327396,8.172170818550859,4.09590747739122,0.0,-66.025314,-74.42818,-83.117615,-78.567505,-77.98649,-76.73564,-65.477264,-71.35231,-67.40042,-77.27854,-81.10818,-74.69938
18600.25891967226,7.449270395439568,4.9123889591008805,0.0,-70.3141,-75.64704,-83.64232,-79.518234,-77.925,-78.62195,-66.03406,-73.2121,-64.04677,-77.38037,-79.6251,-74.45912
18603.57861607056,6.787470917837159,5.659859842769609,0.0,-71.18302,-73.194725,-82.3927,-78.72556,-76.17374,-78.88766,-67.05749,-75.57359,-61.945606,-70.193085,-80.011475,-72.781624
18606.898312468857,6.295108906423291,6.215959205509717,0.0,-70.26443,-70.20982,-80.99607,-77.241905,-74.98325,-77.905106,-68.74386,-76.07368,-61.198772,-66.36615,-85.00109,-72.50703
18610.21800886716,5.730773114097207,6.85334951428432,0.0,-69.282036,-69.00877,-77.86081,-76.16773,-74.23489,-77.48173,-72.32133,-75.9748,-61.62068,-63.284748,-90.15911,-73.29618
18613.53770526545,5.054122979833403,7.617593504964205,0.0,-67.733635,-68.13806,-76.94873,-74.42473,-73.10831,-76.874084,-74.13447,-75.85439,-60.974403,-62.059937,-86.80647,-77.50295
18616.857401663758,4.336480756391915,8.428136101427334,0.0,-64.84401,-66.63271,-74.580956,-73.32738,-75.25473,-77.49967,-72.6155,-75.953995,-61.988224,-62.696396,-80.24753,-82.653076
18620.177098062053,3.613669681121309,9.244516669020724,0.0,-64.93177,-65.72685,-73.264824,-75.22383,-78.412384,-79.701035,-70.042755,-75.87846,-64.38369,-65.30969,-79.857864,-81.98273
18623.496794460352,2.966783049721287,9.975144205563678,0.0,-68.11373,-65.38201,-70.36854,-73.93326,-74.68094,-80.64229,-69.24882,-76.92646,-67.218796,-72.440475,-82.54958,-80.50494
18626.81649085865,2.183659248255143,10.859645115151253,0.0,-78.23265,-67.49767,-66.530785,-70.32072,-72.282364,-80.10875,-69.688034,-80.09977,-69.754265,-81.82799,-84.86083,-79.37295
18630.13618725695,1.626340990925979,11.48910945350302,0.0,-78.88165,-69.17264,-65.07513,-68.74026,-72.74589,-79.448685,-71.899605,-83.72196,-71.38097,-80.047386,-85.82857,-79.58234
18633.45588365525,1.374686161787944,12.521554561892875,0.0,-76.659035,-70.08145,-65.03134,-65.14686,-73.09536,-78.7975,-81.476364,-85.35134,-71.85372,-78.74091,-86.05697,-80.027916
18636.77558005355,1.1289186654557353,13.529846158197712,0.0,-75.18425,-71.84777,-65.815,-66.348946,-74.80906,-78.810104,-82.14094,-84.025635,-71.65754,-78.554184,-80.33364,-82.79096
18640.095276451848,1.9489575438631055,12.900114239760546,0.0,-78.924194,-74.69506,-63.896484,-65.96207,-75.0396,-76.545334,-81.43964,-84.277245,-71.86668,-79.536125,-80.04889,-82.74829
18643.414972850147,2.7452173394948005,12.288642976774357,0.0,-80.23108,-73.297485,-64.37938,-67.66123,-75.79539,-77.431145,-80.15261,-83.4842,-70.36477,-79.6184,-78.45244,-81.947
18646.73466924845,3.603121813960533,11.629832955973423,0.0,-77.98842,-69.28621,-65.86673,-69.82305,-76.331894,-80.26727,-75.38876,-80.26166,-67.435036,-79.01264,-80.55343,-80.45475
18650.054365646745,4.268420555645738,11.118930529311733,0.0,-71.689896,-68.57939,-66.62936,-72.050095,-79.24603,-82.777176,-74.69064,-78.98731,-65.20262,-72.235565,-85.76053,-80.46903
18653.374062045044,5.004717825747974,10.553506249255598,0.0,-69.25574,-70.97471,-67.04588,-74.37625,-79.97402,-84.221504,-73.505394,-78.48031,-62.88126,-64.159836,-87.68738,-80.376686
18656.693758443344,5.9702910672290415,9.812014222767308,0.0,-66.93358,-72.524635,-70.27959,-69.84202,-71.67503,-77.26047,-72.31935,-75.39963,-62.161747,-59.29458,-88.4299,-80.73116
18660.013454841643,6.811450177001935,9.166063458899938,0.0,-67.31989,-72.585976,-72.277794,-67.39205,-72.03168,-74.98424,-73.826996,-74.386055,-64.70717,-61.764557,-89.87382,-79.66919
18663.33315123994,7.43249284565929,8.68914656939284,0.0,-67.64619,-72.81201,-74.9858,-67.44281,-72.76754,-73.71942,-73.47525,-73.88077,-67.54023,-69.7037,-90.452324,-79.53705
18666.65284763824,8.412276102570447,7.936742255068649,0.0,-70.7241,-71.1893,-78.09579,-70.091415,-72.86589,-73.22898,-69.397934,-71.40792,-64.12444,-71.60544,-86.34742,-75.356544
18669.97254403654,9.38556008927778,7.189328921052421,0.0,-70.55389,-72.47786,-80.492714,-73.60131,-72.87415,-73.474655,-66.756294,-69.56851,-66.39466,-71.86275,-83.18938,-71.48579
18673.29224043484,10.134186883191862,6.614436437856295,0.0,-71.26599,-72.80759,-79.79866,-76.91837,-76.74813,-73.44963,-66.62996,-68.90997,-75.50397,-71.44494,-83.62274,-70.38202
18676.61193683314,11.04462324072793,5.9152856425188585,0.0,-72.909355,-73.30892,-76.33785,-79.16735,-78.90918,-72.56671,-66.745415,-72.10456,-77.688675,-74.49163,-83.341644,-68.87613
18679.93163323144,12.015179822890314,5.169966762487276,0.0,-74.44909,-73.45556,-75.51842,-80.04833,-78.61261,-72.14985,-66.75516,-74.47429,-73.903534,-75.485985,-82.62868,-65.08345
18683.251329629737,12.639882619751663,4.690239153127353,0.0,-73.000374,-72.67186,-74.493004,-78.92003,-78.43268,-72.02318,-66.57374,-72.81368,-72.14124,-75.73348,-83.36126,-58.290363
18686.57102602804,13.359759203311691,4.137424800125362,0.0,-72.393036,-72.56004,-74.81142,-77.90801,-79.239525,-73.74575,-66.743515,-70.60094,-72.61504,-77.10196,-83.235794,-59.368565
18689.89072242633,14.20056999078067,3.4917415231765445,0.0,-73.202095,-73.73413,-76.71425,-77.44391,-80.16369,-75.19197,-67.65445,-68.66554,-75.012085,-78.731995,-82.161995,-67.4108
18693.210418824638,14.926924046550196,2.9339529291860864,0.0,-72.08455,-75.04989,-77.45279,-77.031006,-80.80017,-76.12001,-67.973495,-67.97161,-76.67059,-82.37307,-81.18302,-71.58083
18696.530115222933,15.922314246245316,2.169563585518686,0.0,-74.24658,-74.40049,-78.54886,-79.10486,-80.372955,-76.4197,-62.522156,-68.72692,-81.07373,-85.82716,-81.356865,-72.38568
18699.849811621232,16.863186581528566,1.44704010973777,0.0,-80.80586,-73.75893,-78.58242,-78.94601,-77.18442,-77.27506,-65.1022,-69.58891,-83.57662,-79.58261,-78.02178,-74.274315
18703.16950801953,17.524699925575078,1.836899517722828,0.0,-81.46533,-74.0443,-80.78122,-81.28725,-76.424835,-76.70077,-67.38929,-69.31197,-85.21285,-80.626236,-76.647575,-72.306885
18706.48920441783,18.55772229481516,2.445705814575008,0.0,-82.9444,-74.55015,-83.48335,-83.404945,-77.45162,-77.58453,-69.2187,-69.6972,-86.649055,-81.40042,-78.38654,-71.36504
18709.80890081613,19.48125668662152,2.989985948126103,0.0,-81.21954,-74.38164,-82.46852,-82.41263,-78.35076,-78.73611,-71.80991,-71.76838,-86.14537,-82.277306,-80.17895,-71.455925
18713.12859721443,19.145708643850654,2.046231705206921,0.0,-84.42574,-75.3258,-81.3085,-83.223526,-77.90335,-78.7534,-71.56275,-74.47199,-84.21414,-78.782,-80.37434,-71.62714
18716.448293612728,18.63858268573283,3.098949082147999,0.0,-79.31431,-74.2561,-81.7642,-81.1579,-77.38109,-77.47672,-68.805016,-68.111626,-86.48518,-83.50573,-78.81548,-71.36357
18719.767990011027,18.278390535349757,3.846653926824749,0.0,-77.52673,-74.9245,-79.956764,-78.79206,-76.62881,-78.42661,-67.14084,-66.32268,-81.87406,-82.59566,-79.63616,-72.01727
18723.08768640933,17.887237297896238,4.65862934145814,0.0,-80.250114,-76.74708,-79.12986,-79.474236,-76.6218,-78.96291,-62.383232,-65.68633,-79.30974,-79.27535,-80.45293,-73.4523
18726.407382807625,17.52778129214838,5.404806060356612,0.0,-80.84872,-79.65676,-79.36186,-79.80284,-77.79755,-76.35444,-52.5988,-65.923836,-82.64212,-77.814865,-80.90599,-73.79081
18729.727079205924,17.09184776284046,6.3097386400197415,0.0,-80.87952,-82.75672,-78.64102,-78.52422,-75.86999,-72.771416,-47.70308,-69.26977,-82.04648,-76.79872,-79.57251,-70.310875
18733.046775604224,16.75406222346774,7.010930723140154,0.0,-80.079956,-81.49137,-77.01379,-80.278694,-74.04706,-68.7762,-46.976997,-75.26459,-78.51875,-78.75041,-74.896324,-69.650024
18736.366472002523,16.360513808889003,7.827878166004816,0.0,-78.210304,-79.50984,-76.73093,-82.408295,-73.33449,-68.8997,-52.973995,-78.376686,-75.03372,-80.69595,-72.91319,-69.87223
18739.68616840082,15.958222411965414,8.662974728024952,0.0,-77.67178,-78.637825,-82.939064,-83.4647,-75.05627,-70.51429,-56.54214,-78.65511,-74.91584,-76.6835,-73.08483,-69.75812
18743.00586479912,15.508458425377643,9.596617261253812,0.0,-80.71357,-78.18065,-80.559105,-81.07539,-75.0664,-69.28583,-59.129032,-77.04104,-73.86256,-76.11662,-72.864456,-69.847534
18746.32556119742,15.102822354631664,10.43865686414312,0.0,-80.46104,-79.25221,-76.23514,-75.29563,-73.67807,-66.79851,-61.897182,-74.56263,-75.51811,-78.35523,-71.82771,-69.60371
18749.64525759572,14.724184511049751,11.224652199474717,0.0,-78.847305,-78.59049,-76.53896,-77.077034,-74.2948,-67.39083,-63.054745,-75.01116,-73.84925,-77.00013,-69.87232,-69.52333
18752.96495399402,14.28208974780575,12.142374576078993,0.0,-76.337,-79.15698,-77.56477,-81.591835,-71.210434,-69.27738,-63.65294,-78.45319,-72.05057,-76.52444,-64.99197,-71.4391
18756.28465039232,13.869770197101754,12.998288080269573,0.0,-80.29374,-77.774124,-75.41764,-78.06525,-64.69864,-67.117035,-65.10227,-80.8031,-71.16885,-75.03384,-62.795383,-75.105225
18759.604346790617,13.456747371143846,13.855661478336051,0.0,-81.8099,-76.07969,-74.01468,-73.11207,-63.37147,-66.83236,-66.9912,-82.54272,-73.23757,-72.65707,-62.193707,-76.64977
18762.92404318892,13.106644829453703,14.582421809667425,0.0,-78.507774,-78.1861,-73.28493,-75.239426,-65.15681,-66.61384,-70.59819,-82.14369,-76.7659,-71.26759,-62.16453,-75.82386
18766.24373958721,12.68741483866017,15.452680350328963,0.0,-80.25094,-80.6012,-74.765785,-78.54488,-64.31198,-67.494286,-73.28385,-81.228325,-81.59049,-70.297226,-65.05778,-78.16614
18769.563435985518,12.20850140812909,16.446832754283395,0.0,-83.34972,-78.78083,-78.26155,-74.10711,-62.4453,-74.38322,-72.57337,-82.1783,-81.65572,-70.1715,-72.91025,-79.95834
18772.883132383813,11.42159230600424,16.06758855060032,0.0,-81.536385,-80.1617,-75.70215,-72.002106,-63.444164,-73.82583,-74.24769,-83.30088,-80.85587,-70.47809,-73.80954,-80.248
18776.202828782112,10.4878137190871,15.617561837660464,0.0,-80.098495,-81.16177,-72.617775,-68.50279,-64.91871,-73.59941,-75.46729,-83.63882,-74.57363,-67.57045,-75.07988,-81.51736
18779.52252518041,9.487530104136798,15.135483587472848,0.0,-79.501915,-81.73556,-70.903145,-65.85053,-66.27586,-72.68316,-75.29695,-81.68192,-72.55586,-66.39525,-74.94571,-80.91104
18782.84222157871,8.435010256441435,14.628230525560076,0.0,-78.987015,-81.69547,-70.31721,-63.08023,-67.39236,-72.414566,-74.48837,-77.36418,-71.20898,-64.96887,-73.96061,-78.407166
18786.16191797701,7.528404199302845,14.191299384129172,0.0,-78.18707,-79.676186,-69.97308,-62.61671,-69.65777,-72.81155,-74.20404,-74.84444,-71.20351,-64.71639,-73.33687,-78.96861
18789.48161437531,6.64387467386837,13.765007840923277,0.0,-77.03889,-75.78778,-70.09864,-63.884857,-73.32619,-73.65498,-76.46464,-73.30367,-71.17145,-65.49877,-73.96373,-81.66883
18792.801310773608,5.887399700652008,13.400431108936132,0.0,-77.84617,-72.13876,-70.24684,-64.357056,-76.87181,-75.771545,-77.10477,-72.293915,-71.04467,-70.65592,-76.58205,-83.651825
18796.121007171907,4.961716473602114,12.954305886394712,0.0,-78.11939,-70.48848,-70.077354,-64.80108,-78.23603,-77.64694,-78.63874,-72.90192,-69.062416,-75.53997,-78.86045,-83.987755
18799.44070357021,4.06553098463202,12.522396849888398,0.0,-78.97457,-70.92713,-66.97138,-66.649506,-77.4015,-78.12854,-79.71226,-76.8293,-69.36561,-76.17964,-81.817474,-84.11617
18802.760399968505,3.0319171778829235,12.024255394925024,0.0,-79.91334,-71.07311,-64.90007,-68.31685,-75.78567,-78.30712,-78.30367,-82.38012,-69.43073,-79.88973,-78.46763,-81.051056
18806.080096366804,2.310485618285506,11.676567540517723,0.0,-78.64246,-70.06162,-65.11389,-68.687965,-72.73866,-78.916504,-73.48756,-83.20802,-70.15043,-81.977936,-86.029854,-78.68593
18809.399792765103,1.2539189115010108,11.167364129004811,0.0,-79.4972,-68.23574,-67.15492,-67.864174,-75.44943,-79.82803,-70.33778,-83.90695,-73.07169,-76.292,-85.57909,-81.0756
18812.719489163403,1.4482149270627205,11.925671924565544,0.0,-78.099205,-70.23156,-64.764465,-66.21552,-72.48003,-79.17013,-75.12284,-85.259544,-71.977516,-78.91189,-86.68654,-79.38715
18816.0391855617,1.7090941536023112,12.943843865008628,0.0,-78.12252,-72.269165,-64.58143,-65.44202,-74.73314,-77.32285,-81.82933,-84.29608,-71.74504,-79.26175,-81.790474,-82.39796
18819.35888196,1.9642278391676724,13.939591832948333,0.0,-77.64817,-77.46593,-67.00518,-64.35532,-76.216644,-76.44827,-79.291245,-82.191986,-72.83236,-81.00047,-80.882065,-85.344055
18822.6785783583,2.256779658172176,15.081377084257966,0.0,-72.55686,-79.41496,-72.08129,-64.13476,-76.71577,-76.30002,-73.75894,-79.80815,-73.02988,-82.58718,-87.82492,-85.23196
18825.9982747566,2.5606515696053886,16.26734293448694,0.0,-72.80046,-77.27369,-73.20959,-67.40697,-78.03768,-76.21216,-71.23211,-79.65697,-75.45821,-80.89233,-85.486465,-85.05424
18829.3179711549,2.2309535461301717,15.49787229422465,0.0,-72.17455,-79.26413,-72.90589,-66.43987,-77.33841,-76.39145,-73.14017,-79.37248,-73.37444,-82.50773,-88.821396,-85.43243
18832.6376675532,1.9372721007952,14.812459481029418,0.0,-73.87421,-79.2085,-70.424995,-65.80702,-76.78487,-76.82669,-75.854004,-80.329636,-72.88797,-82.75916,-83.75286,-85.73784
18835.957363951497,1.492085279837791,13.773453591495532,0.0,-77.986855,-76.01301,-66.16159,-65.53773,-75.43793,-77.64604,-80.72706,-82.40885,-72.606895,-79.92307,-80.183815,-84.14677
18839.2770603498,1.1085823651670457,12.878409604929642,0.0,-75.22211,-69.08759,-65.481384,-65.285774,-73.127716,-79.312675,-82.97362,-85.76472,-71.53218,-78.53521,-85.49537,-81.01421
18842.59675674809,1.6287952554005691,12.257475723214336,0.0,-77.45022,-71.11957,-64.31739,-66.02825,-72.98649,-78.24616,-78.74175,-84.68694,-71.51475,-79.052124,-86.11583,-79.40167
18845.916453146398,2.114962873078051,11.677178787716931,0.0,-78.70201,-70.1763,-65.05273,-68.61979,-72.29966,-78.919464,-73.3357,-83.33192,-70.38332,-81.86474,-86.13312,-78.65151
18849.236149544693,2.6753534970514306,11.008288162449166,0.0,-77.569244,-67.68371,-66.43468,-70.45479,-72.18786,-80.637115,-70.922,-80.30254,-68.72642,-82.62209,-85.35639,-78.26507
18852.555845942992,3.2781683704996234,10.288759318867683,0.0,-68.543655,-65.759094,-68.529045,-73.342415,-74.64522,-81.19895,-70.703995,-78.264854,-66.315315,-73.89377,-81.955376,-79.70103
18855.87554234129,3.775437480377848,9.695211476338844,0.0,-65.600494,-65.87032,-70.881256,-74.35256,-77.04951,-80.89569,-70.90968,-76.7119,-63.967686,-66.5015,-79.613785,-81.289955
18859.19523873959,4.4433490501856046,8.89798224294341,0.0,-64.94174,-67.26818,-72.916595,-72.30749,-73.54462,-78.19026,-72.526024,-75.93928,-62.257763,-63.482475,-80.242676,-82.90439
18862.51493513789,5.0760936884338745,8.142728784718498,0.0,-66.49272,-68.202515,-75.13044,-71.31791,-69.78776,-76.78329,-73.90646,-75.29625,-61.210182,-62.001797,-83.23296,-80.58179
18865.83463153619,5.851964801900431,7.216637426276185,0.0,-69.16424,-69.11557,-78.23956,-73.5587,-71.29697,-77.98544,-72.78348,-75.56136,-61.177265,-63.29484,-90.13623,-73.95074
18869.154327934488,6.594442490484613,6.3304049589249285,0.0,-70.70544,-69.65027,-81.853455,-76.01332,-72.570755,-78.53657,-68.515076,-75.771286,-60.991188,-66.97645,-83.593506,-72.427605
18872.474024332787,7.212118933313339,5.593137123986095,0.0,-71.508224,-73.40623,-83.34699,-78.0156,-76.22163,-79.00117,-66.72943,-73.52519,-61.765697,-71.0954,-79.599236,-72.709465
18875.79372073109,7.901392947557319,4.770409357594378,0.0,-69.22593,-75.9565,-83.42823,-79.31438,-78.26696,-77.97183,-65.763405,-72.417915,-65.06342,-77.9301,-79.69803,-74.54383
18879.113417129385,8.409356269063203,4.164096744213998,0.0,-66.61211,-74.473526,-82.99156,-78.18356,-77.882706,-76.03469,-65.41877,-71.12257,-68.49201,-76.55381,-81.242455,-74.10363
18882.433113527684,9.20565235265268,3.213625836128747,0.0,-64.95254,-71.59647,-82.36584,-76.04215,-76.953186,-74.11782,-65.52207,-67.434265,-72.690636,-75.98226,-82.00075,-71.847374
18885.752809925983,9.785652902083427,2.521328510713808,0.0,-70.07079,-71.72365,-82.76602,-75.136185,-75.57809,-80.018555,-65.6574,-64.669586,-74.37065,-76.35795,-78.70732,-68.13805
18889.072506324283,10.307481898698931,1.898465620264064,0.0,-75.17516,-73.16678,-83.505714,-75.087975,-75.61614,-81.70578,-65.56486,-63.975834,-74.56133,-77.32752,-79.14224,-65.333115
18892.39220272258,10.87234011978224,1.2242424043060491,0.0,-69.99454,-73.75351,-84.73741,-75.89146,-79.544075,-80.05819,-65.700745,-63.52387,-74.673164,-78.75532,-82.99596,-65.131996
18895.71189912088,11.367156466914963,1.8489288945263336,0.0,-72.42989,-73.80968,-81.135704,-74.71838,-79.311,-80.741196,-64.78653,-63.211903,-74.124,-77.13454,-79.67972,-63.34575
18899.03159551918,12.009752269363384,2.66018122842329,0.0,-73.75647,-73.50081,-77.54506,-75.09674,-80.211426,-78.88406,-64.40706,-64.013115,-74.25596,-74.78605,-81.89311,-59.62396
18902.35129191748,12.592542695280056,3.3959315887528727,0.0,-72.68421,-72.821655,-75.1576,-76.203384,-80.084915,-74.994225,-65.32314,-66.32677,-73.79021,-74.85155,-84.07395,-58.1295
18905.67098831578,13.137226926012922,4.0835743522680845,0.0,-72.23777,-72.52481,-74.72282,-77.77197,-79.19756,-73.597244,-66.41369,-70.25109,-72.67426,-76.48743,-83.82744,-58.483166
18908.99068471408,13.676743619478971,4.764693299953454,0.0,-75.51243,-74.32139,-74.902016,-78.70396,-77.57176,-73.10298,-67.91072,-72.483315,-72.18667,-78.63079,-77.29738,-59.2056
18912.310381112376,14.289396890911105,5.538144347136129,0.0,-80.36857,-80.39551,-75.181,-79.77338,-75.44426,-70.86711,-70.3359,-75.19985,-74.09073,-80.510056,-73.311356,-62.930775
18915.63007751068,14.81376323693189,6.200136567448724,0.0,-80.527596,-80.30398,-75.69685,-81.200676,-74.86594,-68.50401,-66.15574,-76.791504,-75.71701,-80.84474,-72.96204,-66.24315
18918.94977390897,15.531193593628856,7.105864630192576,0.0,-79.82794,-79.68849,-76.80222,-82.58603,-74.16052,-67.80009,-60.487198,-78.345924,-75.590935,-81.63546,-72.60711,-68.27562
18922.269470307278,16.096773071743446,7.819886834938483,0.0,-78.34724,-79.31525,-76.84845,-82.807236,-73.77956,-68.59161,-53.96669,-78.72297,-75.12064,-80.32852,-72.79045,-69.587
18925.589166705573,16.600961341500536,8.456405014804343,0.0,-77.45643,-78.85274,-77.753204,-82.371864,-73.46382,-69.84531,-57.513298,-77.67097,-74.32737,-78.88059,-73.739586,-70.19269
18928.908863103872,17.09125424202958,9.075380828732452,0.0,-78.39801,-77.39767,-80.80207,-81.931465,-72.93731,-71.31644,-62.262005,-74.81939,-73.78759,-78.79634,-75.69462,-70.50087
18932.22855950217,17.81152487648375,9.984694632233822,0.0,-81.164505,-77.66517,-83.77468,-81.26766,-72.516106,-71.36014,-66.13642,-73.32195,-72.869965,-79.2082,-77.8761,-71.68183
18935.54825590047,18.399857667502644,10.727442014030638,0.0,-82.27354,-78.81341,-83.116066,-82.54511,-72.69416,-71.22881,-68.00894,-75.02952,-72.39838,-79.69688,-78.88628,-73.65751
18938.86795229877,18.98785821611061,11.469769952640528,0.0,-81.3338,-79.059456,-82.6394,-82.1408,-73.02694,-70.905106,-69.46423,-76.406944,-74.672165,-79.93134,-78.51432,-75.38144
18942.18764869707,19.555003127843417,12.185768456751443,0.0,-80.66788,-78.550804,-82.12542,-81.85142,-74.02585,-70.31903,-69.8838,-78.032585,-79.50584,-79.64127,-77.63925,-76.478584
18945.507345095368,18.656793542056377,12.786698592622834,0.0,-78.43233,-78.1047,-84.31724,-82.30317,-71.15682,-70.01953,-73.89449,-77.59574,-81.75542,-77.20219,-73.292625,-76.13622
18948.827041493667,17.614474962014896,13.484042125621054,0.0,-77.80064,-78.19006,-84.6971,-80.69155,-70.9537,-70.74635,-76.33489,-78.14826,-80.26001,-77.02103,-69.93073,-74.28936
18952.14673789197,16.96135086168602,13.921002452656088,0.0,-76.66372,-79.199875,-82.49662,-80.50072,-71.91254,-70.064804,-70.82922,-78.43995,-78.87067,-78.038666,-67.471436,-72.25224
18955.466434290265,16.147609742033175,14.465420558780664,0.0,-79.10663,-78.70454,-80.39979,-78.78385,-69.81542,-64.68294,-68.197716,-79.922615,-78.850105,-76.95268,-68.6279,-70.84276
18958.786130688564,15.523427018030748,14.883018205341838,0.0,-78.39472,-79.762924,-79.81166,-76.51207,-66.45238,-63.178116,-69.24706,-80.798004,-82.214035,-72.49429,-70.17123,-73.13452
18962.105827086863,14.65571459849926,15.463544788911362,0.0,-79.974754,-78.92106,-74.74976,-78.167076,-63.853027,-65.86693,-73.29211,-83.140366,-81.670074,-71.00392,-70.987206,-78.327644
18965.425523485163,13.630181680975612,16.149658191862933,0.0,-81.96218,-78.29047,-75.13016,-79.77945,-63.88476,-68.8149,-73.605034,-81.68414,-81.74639,-69.99961,-66.38651,-79.89987
18968.74521988346,12.677699702180677,15.392894627524075,0.0,-80.10142,-80.707146,-74.67509,-78.57284,-64.46602,-67.29331,-73.34532,-81.22968,-81.41731,-70.32466,-64.70483,-78.07964
18972.06491628176,11.774500580614152,14.67528715382765,0.0,-78.721855,-79.33785,-75.82021,-72.73213,-65.57437,-70.74821,-71.14912,-80.45394,-76.271454,-69.701065,-67.13498,-78.379166
18975.38461268006,10.817567776244552,13.91498733084966,0.0,-75.60333,-77.284164,-76.16086,-69.49481,-65.766136,-72.44898,-68.715416,-76.265144,-73.706955,-68.69535,-69.85402,-81.82153
18978.70430907836,10.187283428273206,13.414215410396896,0.0,-74.72955,-76.69753,-75.76924,-68.29312,-66.110146,-72.636024,-68.08656,-73.02851,-73.3875,-67.19931,-71.301605,-82.803474
18982.02400547666,9.30890937631714,12.716331887999935,0.0,-74.79544,-74.839584,-73.54566,-67.58919,-66.35091,-71.79513,-68.0673,-74.97139,-71.90788,-62.02507,-73.390175,-78.90221
18985.34370187496,8.366555814381925,11.96761552771797,0.0,-74.76259,-73.13942,-71.36289,-67.07383,-68.18774,-72.14641,-69.91792,-81.57433,-70.385506,-57.65133,-75.550865,-78.16213
18988.663398273256,7.524151347589218,11.298310468832153,0.0,-73.54521,-72.674065,-69.07293,-67.45821,-70.83128,-74.58028,-70.879814,-80.70301,-68.37376,-56.16949,-80.12268,-76.62786
18991.98309467156,6.9355435437942825,10.830651290480995,0.0,-72.90873,-72.607666,-68.25005,-68.073975,-71.72144,-76.168335,-71.97577,-78.55536,-66.3624,-57.13237,-85.15825,-77.4788
18995.30279106985,6.188285764395894,10.236941936176024,0.0,-70.421936,-72.72076,-68.732666,-70.17598,-72.2454,-77.31613,-72.111084,-76.30461,-63.37235,-58.51331,-90.06709,-80.551865
18998.622487468157,5.503268103970345,9.6926834432284,0.0,-66.2283,-70.89912,-70.525566,-70.95766,-71.90453,-78.3806,-72.37146,-75.34009,-61.601143,-60.69616,-85.82981,-81.509186
19001.942183866453,4.67755833996757,9.036642617231136,0.0,-65.121185,-67.75696,-72.26573,-71.805664,-71.61131,-78.20782,-72.632324,-75.58566,-61.947136,-62.631866,-80.6886,-82.62869
19005.261880264752,4.077059013506654,8.559535416472766,0.0,-64.64951,-66.26524,-75.01111,-74.1446,-77.60249,-78.02706,-72.13856,-76.27271,-62.700333,-63.14925,-80.01229,-82.73697
19008.58157666305,3.4195733806275674,8.037151600173509,0.0,-64.18225,-64.28348,-76.95632,-76.207466,-79.84157,-77.90912,-72.3627,-77.084984,-64.41891,-62.210827,-80.87395,-82.010315
19011.90127306135,2.460310813612307,7.275000740091357,0.0,-65.476524,-59.650112,-71.38355,-75.004265,-76.16847,-75.93394,-77.97352,-77.06535,-67.58498,-63.880726,-81.494644,-80.52979
19015.22096945965,1.6596163142394935,6.638834978657732,0.0,-66.11427,-57.111103,-71.80568,-73.771576,-77.42183,-74.694275,-79.96131,-75.95413,-68.715164,-65.62281,-84.303734,-79.55446
19018.54066585795,2.456157524938522,6.256980746714612,0.0,-65.9641,-59.59481,-72.31415,-75.42778,-77.735344,-74.21778,-80.88784,-76.969505,-67.153915,-65.757675,-82.6108,-78.73069
19021.860362256248,3.47236284806192,5.769821641892831,0.0,-66.33046,-63.769222,-72.63319,-76.876015,-78.42132,-75.58494,-76.15004,-77.124725,-66.2795,-66.40409,-83.77872,-75.12726
19025.180058654547,4.372430931816773,5.338337617962536,0.0,-67.35617,-71.555534,-73.44635,-77.96527,-78.63372,-77.05785,-73.65964,-77.520164,-65.028755,-69.52953,-84.94824,-74.82982
19028.49975505285,5.242537422709201,4.921216894859117,0.0,-67.4851,-75.79949,-74.637146,-79.157745,-78.6076,-77.77853,-71.282776,-77.37326,-64.038086,-76.19918,-82.74219,-75.38747
19031.819451451145,6.342853618011915,4.393735843021045,0.0,-68.085526,-76.20604,-77.76529,-80.30697,-78.066,-78.06648,-69.7704,-75.18636,-64.32963,-80.86212,-81.60482,-77.93838
19035.139147849444,7.217154694878992,3.9746042755518167,0.0,-64.76555,-74.96749,-81.340706,-80.15623,-77.81126,-77.729576,-66.46791,-72.705414,-66.21799,-79.648994,-80.70563,-76.96672
19038.458844247743,8.109440342467462,3.5468510770264654,0.0,-62.533432,-72.5323,-83.06735,-78.1131,-77.97864,-75.17011,-65.700226,-69.064415,-69.07508,-77.445244,-81.74542,-73.32773
19041.778540646043,8.87320322252451,3.180710463040019,0.0,-63.22025,-71.45736,-82.86022,-76.2136,-77.44597,-73.65438,-65.77426,-67.527885,-72.38039,-76.684845,-82.4944,-72.2887
19045.09823704434,9.938983946922091,2.669785385381488,0.0,-70.63043,-72.01971,-82.35972,-75.43985,-76.00754,-79.28515,-65.41858,-64.78641,-74.13541,-75.53959,-78.8368,-67.80985
19048.41793344264,10.797066632260895,2.258428759569008,0.0,-76.1202,-73.43201,-82.07744,-74.88089,-76.59924,-81.587135,-64.96943,-63.535805,-74.175514,-76.119804,-77.505646,-64.4629
19051.73762984094,11.854344796268917,1.7515797279750078,0.0,-73.14008,-73.88987,-79.31593,-74.60193,-81.093575,-80.143074,-64.57368,-63.081703,-74.21239,-77.671265,-81.04062,-62.16336
19055.05732623924,12.808112614657857,1.2943525652732066,0.0,-75.75601,-72.13087,-77.16146,-75.79317,-81.09478,-78.715866,-66.29286,-62.883698,-74.87252,-80.4035,-81.019714,-62.522537
19058.377022637535,12.862251399111276,2.077384590547395,0.0,-73.96552,-73.19388,-76.04128,-74.17025,-81.695274,-79.630264,-64.522125,-63.684692,-74.3843,-77.94666,-82.11774,-62.13086
19061.69671903584,12.928308640428112,3.032798273631681,0.0,-73.127686,-72.82717,-75.26383,-75.692184,-81.16595,-76.471375,-65.33073,-65.82862,-73.83532,-76.293144,-83.66416,-59.654934
19065.016415434136,12.996124044587328,4.013641005874143,0.0,-72.10633,-72.51626,-74.67776,-77.644295,-79.23025,-73.53464,-66.183525,-69.751945,-72.76948,-76.06854,-84.07602,-58.175217
19068.33611183244,13.079832034549264,5.224344895392019,0.0,-75.92926,-73.95213,-74.68856,-79.74166,-77.55748,-72.366066,-67.62413,-73.8885,-72.22218,-77.87843,-78.35439,-59.56244
19071.65580823073,13.13425494888128,6.01148641068386,0.0,-80.886505,-78.46477,-75.371956,-81.56288,-76.08618,-72.9723,-70.18761,-77.69271,-74.99289,-80.009186,-73.86152,-64.44381
19074.975504629037,13.20730715808034,7.068071258264055,0.0,-81.97168,-78.29604,-76.17012,-81.19068,-75.83588,-73.123955,-69.292694,-78.54503,-77.60878,-79.183914,-73.60741,-66.91784
19078.295201027333,13.287719004553251,8.231101637231951,0.0,-76.74302,-74.1826,-75.81041,-78.17712,-74.56426,-69.092834,-64.75048,-78.81949,-73.23832,-75.534325,-73.22621,-67.9201
19081.614897425632,13.35614693444654,9.220803586963797,0.0,-74.63943,-72.436264,-72.39856,-76.96397,-74.31379,-66.75883,-63.553967,-78.441475,-69.90696,-74.84408,-72.826355,-68.77524
19084.93459382393,13.435450908592044,10.367810342183304,0.0,-74.72355,-75.28701,-73.57855,-79.19214,-75.22025,-70.29032,-61.9951,-78.383865,-71.215576,-75.74297,-72.486694,-70.48137
19088.25429022223,13.505803192518783,11.385345034215748,0.0,-74.501396,-77.828316,-76.77801,-81.84092,-74.63864,-72.59403,-62.13414,-79.50141,-71.77691,-75.61622,-68.99967,-71.88355
19091.57398662053,13.592353149408623,12.637153487528078,0.0,-79.68265,-77.347664,-75.36143,-77.62738,-65.9502,-68.75329,-64.16065,-80.73102,-71.03647,-74.85828,-62.54699,-75.03783
19094.89368301883,13.64673865921735,13.423754005456871,0.0,-81.61238,-76.72772,-74.42768,-74.527954,-63.40331,-67.05594,-65.866104,-82.07117,-71.32482,-73.70094,-62.168858,-76.32834
19098.213379417128,13.70180388456089,14.220185535241772,0.0,-80.61135,-76.7783,-74.06839,-74.68209,-63.573414,-65.626976,-68.23244,-83.033745,-74.755104,-72.16594,-63.68903,-76.33683
19101.533075815427,13.772688494187918,15.245419477920668,0.0,-79.03706,-80.27174,-73.55236,-78.60259,-64.15573,-64.95568,-72.98481,-82.329155,-80.5735,-70.904854,-65.393036,-77.30392
19104.85277221373,13.827297948146692,16.035258994344407,0.0,-81.029785,-78.32416,-74.84544,-80.36755,-64.10934,-67.81382,-74.22562,-82.04958,-81.686134,-70.233154,-67.24522,-80.152954
19108.172468612025,13.557801131977117,15.034971826377486,0.0,-78.75779,-79.972,-73.46046,-78.02995,-64.45629,-65.26194,-72.53249,-82.294,-79.74523,-71.01011,-64.25416,-76.76358
19111.492165010324,13.285729877451448,14.025129155347786,0.0,-80.75587,-76.27158,-73.67008,-73.023476,-63.915436,-66.9973,-67.572105,-82.5608,-73.68816,-72.0282,-62.166664,-76.59925
19114.811861408623,12.995007437374294,12.94605916712862,0.0,-82.57104,-75.69345,-74.062256,-71.85071,-62.72107,-69.80873,-64.54813,-81.45097,-70.91461,-73.20852,-60.840176,-77.04731
19118.131557806923,12.748293655993043,12.030335437312928,0.0,-78.466606,-76.0038,-74.63723,-74.34468,-68.11988,-71.03504,-62.597347,-80.379684,-70.7024,-73.69373,-64.11166,-74.95401
19121.45125420522,12.450261672351663,10.924134729202844,0.0,-74.54288,-75.3218,-75.35752,-78.976494,-74.979164,-72.68908,-61.709984,-78.25527,-70.05752,-74.588875,-70.67231,-72.49197
19124.77095060352,12.222233537046383,10.077766223172809,0.0,-73.345985,-74.28853,-74.0674,-77.38993,-75.0509,-70.228966,-64.41448,-76.315445,-69.50456,-75.2245,-71.80539,-72.50318
19128.09064700182,11.970576591855398,9.143695028632612,0.0,-72.505516,-73.4946,-73.392654,-76.28416,-74.87603,-67.49378,-65.63125,-75.186455,-69.10036,-75.270744,-72.39537,-72.817665
19131.41034340012,11.77652355647037,8.423431375949848,0.0,-72.48748,-72.97577,-74.54311,-76.574646,-74.82497,-67.6666,-66.602394,-74.55451,-69.03735,-75.42619,-72.82677,-71.766396
19134.730039798415,11.538093468187116,7.538454101795756,0.0,-74.16012,-74.882126,-75.9922,-77.12438,-74.916626,-70.80982,-69.83962,-72.870125,-73.68811,-73.60934,-74.34376,-70.01694
19138.04973619672,11.316925442473124,6.717548158524514,0.0,-74.080894,-74.38301,-76.99597,-79.16416,-76.618416,-72.058815,-67.73043,-72.03011,-77.28229,-73.687546,-78.29109,-69.37401
19141.369432595016,11.049237300837756,5.723974219876266,0.0,-73.07531,-73.3079,-76.24626,-79.35811,-78.989586,-72.607796,-66.635864,-72.61444,-77.40515,-74.47097,-83.49169,-68.86953
19144.68912899332,10.797791350194784,4.790686170539369,0.0,-71.895004,-73.92983,-76.70063,-77.04276,-79.33427,-72.50112,-66.00149,-72.81026,-75.08301,-72.68557,-83.27012,-68.679214
19148.00882539161,10.588980637737738,4.015646675922913,0.0,-71.413635,-73.636856,-77.55231,-75.98924,-79.09782,-72.72249,-65.37895,-70.487854,-74.68488,-72.403275,-82.21008,-67.94974
19151.328521789917,10.36608918529422,3.1883439162922844,0.0,-71.32629,-72.91483,-79.941605,-75.78095,-77.46905,-75.47872,-64.949554,-66.17747,-73.98747,-73.49406,-80.283516,-66.99047
19154.648218188213,10.044878622060924,1.9961116324959676,0.0,-74.40013,-72.58257,-83.463936,-75.06344,-75.25422,-81.73282,-65.71131,-64.14147,-74.620255,-77.29256,-79.4371,-65.89127
19157.967914586512,9.850332566198588,1.2740180433263646,0.0,-69.80889,-73.080246,-84.64627,-75.786446,-75.248535,-80.89235,-66.198326,-64.474686,-74.30824,-78.294556,-82.78489,-66.798546
19161.28761098481,9.214983098618044,1.7251745122043889,0.0,-68.14736,-71.416916,-83.67725,-74.72556,-73.82461,-80.87918,-69.13762,-64.56753,-74.0049,-78.32561,-85.49479,-68.850266
19164.60730738311,8.549476384358861,2.19774539569494,0.0,-61.59512,-70.288956,-82.9933,-75.03878,-76.38435,-75.60938,-70.13478,-65.29585,-72.15943,-77.68805,-87.37528,-72.23517
19167.92700378141,7.545384075350145,2.9107431452405894,0.0,-59.188988,-71.0827,-80.706406,-78.46139,-77.623024,-74.006996,-71.25436,-67.247826,-70.09508,-77.2429,-84.82994,-73.42195
19171.24670017971,6.94116692954573,3.339792806641495,0.0,-60.92605,-72.81968,-78.559074,-79.840935,-78.453354,-76.87036,-71.177574,-70.68614,-68.497314,-79.20842,-81.63973,-76.19699
19174.566396578008,5.937179885548646,4.052715808361943,0.0,-66.40194,-76.00834,-76.05936,-80.11375,-79.072044,-78.65475,-70.5411,-75.77928,-65.65656,-81.257256,-82.34139,-78.78741
19177.886092976307,5.331273725634031,4.482964824890579,0.0,-67.02515,-76.13544,-75.01724,-79.43912,-79.3713,-78.43468,-70.84039,-77.13895,-64.88986,-80.92718,-82.12122,-77.1767
19181.20578937461,4.346661120829888,5.1821301955453,0.0,-67.17142,-71.62016,-73.387184,-78.012566,-79.28882,-77.516045,-73.23028,-77.40969,-65.00904,-71.80947,-84.26874,-75.14241
19184.525485772905,3.617255463467995,5.700075196755721,0.0,-66.40295,-64.88885,-72.63863,-77.0756,-78.43447,-75.86667,-75.659515,-77.13183,-66.15508,-66.74653,-83.98783,-75.02078
19187.845182171204,2.7136813213787234,6.341695816769551,0.0,-66.19292,-60.033127,-72.38849,-75.705475,-77.546234,-74.29515,-80.43268,-77.34191,-66.90178,-65.72232,-82.63726,-78.77756
19191.164878569503,2.105902984534014,6.773274250848677,0.0,-65.97168,-58.3966,-72.237885,-74.5109,-76.8706,-74.69611,-80.25361,-76.53796,-67.77471,-64.681114,-82.28748,-79.741776
19194.4845749678,1.4075309504429443,7.269182529584659,0.0,-67.09846,-56.947834,-71.14941,-73.663795,-76.54048,-76.25292,-76.78036,-75.88444,-70.05324,-65.861534,-84.63942,-81.02763
19197.8042713661,2.549186633987404,7.053672161774539,0.0,-65.69583,-59.60024,-71.88,-75.03257,-76.28693,-75.2328,-79.62771,-77.24177,-67.1817,-64.02339,-81.772606,-80.16539
19201.1239677644,3.3958797163184653,6.893841890506639,0.0,-64.96974,-61.94658,-73.06689,-76.4337,-76.63558,-75.442024,-78.24912,-77.425705,-65.554535,-63.152153,-82.70141,-78.969826
19204.4436641627,4.420483444585567,6.700427422798729,0.0,-67.163025,-67.46667,-75.885704,-77.50137,-79.053024,-76.1589,-74.775116,-76.81962,-62.61442,-62.903362,-87.73832,-73.78255
19207.763360561,5.223133848852507,6.548911088811352,0.0,-68.94806,-69.23834,-76.899605,-78.0619,-78.85243,-76.42315,-72.81749,-76.52662,-62.06754,-62.913067,-90.41924,-72.99468
19211.083056959294,5.978457258334055,6.406328672642245,0.0,-69.84081,-69.503624,-79.2985,-77.38197,-75.54139,-77.38744,-70.49985,-76.110664,-61.95949,-64.83245,-87.697105,-72.70792
19214.4027533576,7.048923488521486,6.204256739465537,0.0,-71.928894,-69.95458,-82.75482,-75.17391,-71.759445,-78.81745,-67.54457,-74.280075,-60.68588,-68.9329,-80.60528,-72.341286
19217.722449755896,8.198970031465814,5.987162428946969,0.0,-72.7412,-71.72979,-83.40736,-73.2656,-73.49365,-77.457054,-66.563324,-71.55769,-62.433746,-70.507195,-79.91251,-72.099556
19221.0421461542,9.30325314538836,5.778706881904021,0.0,-71.80656,-73.01067,-80.65994,-75.70164,-77.44174,-74.883484,-66.19798,-71.936,-72.08931,-71.44777,-81.62616,-71.2348
19224.36184255249,10.402955661122132,5.571116014479176,0.0,-72.066,-73.52828,-77.316444,-77.99206,-79.38924,-72.94762,-66.15927,-71.587524,-77.31885,-73.54074,-84.24253,-69.34014
19227.681538950797,11.356205285489716,5.391171062491106,0.0,-73.50416,-73.84599,-75.91466,-79.485,-78.90435,-72.48124,-66.66366,-74.05597,-76.093895,-74.131516,-82.9367,-68.27636
19231.001235349093,12.105779006196649,5.249674015195007,0.0,-74.58476,-73.46028,-75.35887,-80.15778,-78.54717,-72.19856,-66.87803,-74.58046,-73.83025,-75.85812,-82.285164,-64.89836
19234.320931747392,13.277440232390603,5.028499500456928,0.0,-75.59215,-73.86121,-74.637215,-79.22671,-77.510315,-72.25848,-67.62983,-73.3127,-71.77116,-77.9328,-79.057816,-58.539757
19237.64062814569,14.173843968124949,4.859285348082457,0.0,-77.28674,-76.77806,-76.09268,-78.635735,-77.20436,-72.90077,-69.06409,-72.493645,-73.01727,-79.877945,-74.66643,-62.327988
19240.96032454399,15.369395504741524,4.633601058934731,0.0,-78.43751,-80.78535,-78.99615,-78.23966,-76.895584,-72.91403,-70.05012,-69.80794,-76.21796,-80.86849,-75.120415,-71.863945
19244.28002094229,16.23710725484147,4.469803093302374,0.0,-78.41045,-79.30748,-80.38699,-78.56242,-77.34959,-74.58069,-67.648796,-67.349686,-77.94941,-80.616936,-76.5518,-73.46208
19247.59971734059,17.393046748376786,4.251596370374656,0.0,-79.28021,-76.48914,-79.58135,-78.59311,-76.35404,-77.91917,-64.48274,-66.00248,-78.07841,-80.88585,-79.05788,-72.82894
19250.919413738888,18.15745337875795,4.10729931440198,0.0,-78.14584,-75.238884,-79.521034,-78.3329,-76.65247,-78.98019,-66.65531,-66.00881,-80.22103,-81.77328,-79.83142,-72.459496
19254.239110137187,19.256382120643263,3.899854512283065,0.0,-77.064575,-74.808975,-79.83486,-79.546486,-77.048904,-78.71911,-70.56813,-66.65422,-84.0889,-82.965,-79.8842,-72.35245
19257.55880653549,18.188160131515783,3.848280437545117,0.0,-77.6031,-74.94568,-79.973404,-78.71956,-76.62336,-78.42408,-66.98433,-66.33239,-81.71214,-82.5634,-79.54437,-72.01502
19260.878502933785,17.44025297257027,3.812171257894165,0.0,-77.735535,-75.38384,-80.17693,-78.435905,-76.57863,-77.764275,-65.2136,-66.70373,-79.674225,-82.52718,-78.52843,-72.3587
19264.198199332084,16.430275508013874,3.76340924609246,0.0,-78.16711,-77.32658,-80.46312,-78.11488,-77.23065,-75.97919,-66.066956,-67.4753,-77.387665,-81.91163,-76.37201,-72.582245
19267.517895730383,15.503829157460215,3.718680141271111,0.0,-76.84361,-77.77391,-79.293724,-77.99388,-77.851494,-75.02549,-69.99171,-68.34863,-76.487335,-81.30411,-75.36641,-72.80833
19270.83759212868,14.42031047654831,3.666367537712971,0.0,-73.494286,-73.93568,-77.29706,-77.789276,-79.37983,-74.87234,-68.049126,-69.06604,-75.219,-79.30714,-80.973076,-68.43045
19274.15728852698,13.554992805678662,3.624589743692882,0.0,-72.46057,-72.76656,-75.377205,-77.03415,-80.48659,-74.99307,-66.676285,-68.347664,-73.86468,-77.02115,-83.34001,-62.25942
19277.47698492528,12.77534939496662,3.5869483283857,0.0,-72.4567,-72.65302,-74.74176,-76.70936,-79.898094,-74.144104,-65.6175,-67.17322,-73.50348,-75.20768,-84.14161,-58.25712
19280.79668132358,12.008992760954785,3.5499484026017987,0.0,-73.36286,-73.308105,-76.05022,-76.07622,-79.27796,-74.03747,-65.14103,-66.747536,-73.85248,-73.82822,-83.16327,-57.480244
19284.11637772188,10.813376130512715,3.492223676763943,0.0,-72.44427,-73.40577,-77.75441,-75.66359,-78.62519,-74.01194,-65.10174,-67.52396,-74.13626,-72.89284,-81.06966,-64.23773
19287.436074120174,9.812289076590012,3.4438908966267614,0.0,-68.59108,-72.590775,-81.44179,-75.99464,-77.279434,-73.91494,-65.14221,-68.00232,-73.684296,-73.75954,-81.44973,-70.48584
19290.75577051848,8.96519808369862,3.4029930920300715,0.0,-64.21965,-72.139824,-82.52141,-76.57012,-77.33349,-73.47098,-65.56765,-68.12194,-72.24941,-76.34164,-82.34202,-72.229744
19294.075466916776,8.143423891683597,3.3633175900950127,0.0,-61.608738,-71.93293,-83.026634,-77.96623,-77.9487,-74.44211,-65.93226,-68.19125,-69.83195,-77.32253,-81.99418,-72.979385
19297.395163315075,7.058209970800212,3.3109231398478163,0.0,-60.77629,-72.58139,-79.05101,-79.756424,-78.17295,-76.37201,-70.98285,-70.10138,-68.69442,-78.97299,-81.51778,-75.75789
19300.71485971337,6.094869240161301,3.2644127634038136,0.0,-61.759964,-73.71157,-76.93783,-79.6314,-79.42657,-79.558655,-70.353226,-73.54206,-68.17693,-78.93258,-84.74273,-77.73841
19304.034556111677,4.940499134633537,3.208679432032897,0.0,-63.607567,-73.77887,-77.02693,-80.50471,-80.07598,-81.592,-67.4393,-74.87992,-69.935295,-76.121826,-84.437096,-76.30307
19307.354252509973,3.9259067035956434,3.159694608279508,0.0,-65.310165,-70.54189,-76.17244,-80.36508,-80.623314,-81.75814,-67.092255,-74.31912,-70.14067,-74.65565,-85.48364,-75.39747
19310.673948908272,3.068137312706948,3.1182812474576145,0.0,-65.99182,-69.499405,-75.06733,-79.44336,-80.73036,-80.91064,-69.62612,-74.68222,-70.22596,-74.44088,-89.31132,-75.97705
19313.99364530657,1.9081293593419923,3.062275719119517,0.0,-67.4346,-69.97089,-75.091576,-78.567,-80.103195,-79.328545,-72.57797,-75.03112,-71.33177,-73.85692,-93.89087,-79.09374
19317.31334170487,2.2637707208520097,4.132033745750722,0.0,-65.94933,-64.42559,-74.16469,-79.9096,-81.98717,-80.10858,-71.75208,-75.41525,-67.95783,-74.50065,-87.22358,-75.02183
19320.63303810317,2.545589788054207,4.979736633618498,0.0,-65.62151,-62.887184,-72.87015,-77.80804,-81.792145,-78.62504,-74.619,-76.03771,-67.76396,-74.19566,-84.77782,-74.85567
19323.95273450147,2.938746944959839,6.162340992519699,0.0,-66.30776,-60.568832,-72.47139,-76.06587,-77.935165,-74.39598,-78.734024,-77.522156,-66.71323,-66.04296,-83.04329,-77.51646
19327.272430899768,3.191313665663589,6.922053742424771,0.0,-65.07257,-61.125187,-72.40813,-76.092026,-76.4636,-75.29708,-78.87563,-77.3826,-66.10044,-63.37937,-82.31062,-79.54945
19330.592127298067,3.5417480570949738,7.976149366875321,0.0,-64.42244,-64.36526,-77.00765,-76.10632,-79.62532,-77.69184,-72.64182,-77.304115,-63.96169,-62.092896,-80.934746,-81.946785
19333.91182369637,3.890311200123448,9.024616335001042,0.0,-64.7285,-66.26797,-73.68923,-74.71512,-78.288734,-79.02821,-71.08163,-76.32228,-63.399937,-64.42279,-79.83188,-82.354774
19337.231520094665,4.256169740300511,10.12510731362127,0.0,-66.21147,-66.73642,-69.13168,-74.34869,-78.317726,-82.05511,-72.45703,-78.222824,-63.328094,-67.47469,-81.271095,-80.76733
19340.551216492964,4.590037274516899,11.129370352777046,0.0,-71.94741,-69.890236,-66.7364,-72.30792,-80.760796,-83.3883,-74.7914,-78.703514,-64.431114,-70.00755,-87.41462,-81.15732
19343.870912891263,4.931932550605119,12.157780586923456,0.0,-76.3539,-70.76053,-68.173874,-67.1081,-78.6251,-79.96684,-78.01339,-74.80279,-66.712234,-73.14266,-83.70581,-83.425705
19347.19060928956,5.221744581379828,13.029526057751664,0.0,-78.012405,-70.78955,-70.48801,-64.70378,-78.30899,-77.53935,-78.31999,-72.55849,-69.62253,-75.303734,-77.755646,-83.92759
19350.51030568786,5.482011404357297,13.812400473044072,0.0,-77.16772,-72.38886,-70.36298,-64.32773,-77.945694,-75.9717,-75.68849,-73.79268,-72.600365,-74.36641,-77.11128,-83.19886
19353.83000208616,5.854082051860465,14.931577275062848,0.0,-75.6722,-78.16844,-69.3688,-63.43924,-77.19877,-74.72917,-71.43081,-78.461876,-75.297325,-71.938805,-74.65189,-80.1795
19357.14969848446,6.2387428983753015,16.088624999609955,0.0,-78.82496,-78.605,-68.17334,-61.903774,-77.134254,-75.655685,-73.63659,-79.42454,-76.18971,-72.17022,-74.68641,-78.33328
19360.46939488276,5.105653076757124,16.489580123436284,0.0,-78.35649,-77.17648,-70.01449,-60.54778,-77.897865,-76.1972,-74.01515,-79.78381,-72.859955,-74.21384,-77.13069,-79.35471
19363.789091281054,3.98276496262502,15.999399068688936,0.0,-76.19165,-77.44134,-71.2264,-60.816643,-77.79814,-74.79568,-70.6501,-80.841934,-74.03717,-77.18392,-78.85446,-82.0977
19367.10878767936,3.077814369916396,15.604355581768596,0.0,-72.8245,-78.49505,-72.735245,-61.49634,-76.87889,-74.60621,-71.32292,-80.32331,-73.4775,-80.92187,-86.78731,-83.9423
19370.428484077656,2.3521569679446634,15.287580022203027,0.0,-72.09902,-79.37131,-72.877785,-64.14027,-76.872795,-76.06422,-73.208,-79.56293,-73.17283,-82.488205,-88.93076,-85.139175
19373.748180475955,1.4692154419720405,14.90214428463089,0.0,-74.47425,-78.68513,-68.99035,-68.89156,-77.47301,-77.92505,-77.76325,-79.84855,-72.97388,-81.62877,-81.338104,-85.88914
19377.06787687425,2.53341161182174,15.481406206087668,0.0,-71.99757,-79.110634,-73.45617,-63.424435,-76.90429,-75.62098,-72.5803,-79.625206,-73.34104,-82.27051,-89.48188,-84.82817
19380.387573272557,3.238722308014068,15.865320037649465,0.0,-73.6424,-78.16448,-72.67643,-61.094574,-77.273445,-74.623665,-70.54536,-80.29595,-73.552025,-80.2957,-83.59103,-83.69361
19383.707269670853,4.116286606612991,16.342994733547002,0.0,-76.544785,-77.36152,-71.73349,-60.31171,-78.0146,-75.10653,-71.11018,-80.437294,-73.80984,-77.37808,-78.712715,-81.78035
19387.026966069152,4.793061513330983,15.770902790334128,0.0,-76.03585,-77.17906,-69.45055,-61.97218,-77.384834,-74.92323,-71.1153,-81.78374,-75.72464,-72.629036,-77.15979,-80.63829
19390.34666246745,5.442335709895151,15.2220577709588,0.0,-74.39488,-78.05104,-69.44814,-63.62164,-77.015434,-75.078926,-70.97918,-81.586365,-78.59757,-70.342926,-75.46764,-80.70287
19393.66635886575,6.024566547083194,14.72988590149532,0.0,-76.25503,-78.06536,-69.46242,-63.38593,-77.33338,-74.360275,-72.12763,-76.7462,-74.2473,-72.71808,-74.696495,-80.322624
19396.98605526405,6.856506718729677,14.0266295237697,0.0,-77.62799,-77.47864,-69.90274,-63.379093,-72.75012,-73.26792,-74.97641,-73.612305,-71.357124,-65.79602,-73.548996,-80.24
19400.30575166235,7.585782904504917,13.410157154422707,0.0,-76.411705,-78.64784,-69.77935,-66.192444,-66.50841,-72.77524,-77.62113,-78.1174,-70.16277,-62.100388,-73.5123,-83.45258
19403.625448060648,8.149861167723689,12.93333003431874,0.0,-75.40725,-77.7337,-70.32067,-67.8862,-65.71218,-72.2893,-76.37234,-80.91509,-70.105415,-60.635,-73.92863,-83.56104
19406.945144458947,8.797185876913952,12.386132957278354,0.0,-74.792046,-74.09455,-71.57435,-67.547104,-67.18329,-71.90883,-69.03856,-79.19995,-71.13365,-59.324856,-74.224594,-78.46186
19410.26484085725,9.460895594262904,11.825085291121828,0.0,-74.8393,-72.63035,-74.26493,-66.77309,-69.51718,-71.154396,-67.458405,-72.35092,-72.20928,-65.468475,-73.157936,-72.6666
19413.584537255545,10.257196188724755,11.15195579127606,0.0,-76.9204,-72.08881,-73.4267,-67.73641,-71.6579,-70.27723,-67.84557,-67.5816,-71.36716,-70.96217,-72.089264,-73.91766
19416.904233653844,10.991269290260243,10.53142848899425,0.0,-75.820244,-72.23089,-73.32066,-69.78554,-73.383194,-69.08997,-67.10489,-70.38741,-68.7942,-73.57771,-71.061134,-74.9749
19420.223930052143,11.58335107878012,10.030929404922215,0.0,-73.07179,-73.14648,-73.59548,-73.37209,-74.72496,-69.573395,-65.815575,-73.42401,-68.71542,-75.41503,-71.35167,-74.14359
19423.54362645044,12.232898539864298,9.48185338934902,0.0,-72.9251,-73.455605,-72.93042,-77.58197,-74.7943,-67.91509,-64.98258,-76.146576,-69.44897,-75.08041,-72.24943,-72.40376
19426.86332284874,13.178135325189464,8.68282502120904,0.0,-74.57988,-72.50609,-73.53144,-77.45431,-74.16517,-66.863,-64.59954,-78.34436,-70.27172,-74.525215,-72.80015,-68.48949
19430.18301924704,14.0891064652919,7.912762117607303,0.0,-79.02915,-76.64215,-79.28645,-81.572845,-75.55505,-71.985344,-63.40178,-80.0773,-76.378365,-77.528175,-72.85323,-67.4907
19433.50271564534,14.951209402764396,7.1840085248656,0.0,-80.22905,-79.2832,-76.872025,-82.94485,-74.508896,-69.47915,-62.57335,-79.06776,-75.96854,-81.50365,-72.06978,-67.11437
19436.82241204364,15.581763631312358,6.650987884871018,0.0,-80.241875,-80.5611,-76.51243,-81.67702,-74.06761,-66.82404,-62.1886,-76.63567,-76.14345,-80.91675,-73.35767,-68.30392
19440.142108441934,16.257302262545664,6.079940991108647,0.0,-79.42342,-82.63368,-78.68716,-79.41312,-75.29472,-69.52528,-59.71372,-71.71682,-79.3744,-78.26566,-77.20969,-69.24102
19443.46180484024,17.173547371043973,5.30541989202997,0.0,-80.75882,-80.0138,-79.64736,-79.48431,-77.62052,-75.29831,-55.503735,-65.94227,-81.12661,-78.336975,-80.08834,-73.35845
19446.781501238536,17.761493822298736,4.808416494793184,0.0,-80.36906,-77.469124,-79.16704,-79.599884,-76.931206,-78.42364,-59.283566,-65.66462,-79.93312,-78.92832,-80.521996,-73.5382
19450.101197636835,18.48984164273536,4.192728892028566,0.0,-77.95857,-75.274605,-79.29906,-78.517944,-76.82754,-79.337135,-67.04226,-65.85862,-80.72972,-81.592735,-80.02045,-72.68335
19453.42089403513,19.36693499203424,3.4513035915355985,0.0,-78.338234,-74.39561,-81.09065,-80.797775,-77.44353,-78.42152,-71.64299,-68.520325,-86.07281,-84.126236,-79.37087,-71.802925
19456.740590433437,18.31613442742018,3.421214173306488,0.0,-77.52746,-74.47767,-80.79242,-79.60779,-76.914024,-77.55403,-67.083336,-66.910995,-84.545235,-83.31545,-79.14969,-71.58711
19460.060286831733,17.139081290317765,3.3875095434149256,0.0,-77.329796,-75.0728,-80.847565,-78.62517,-76.768425,-76.89018,-64.387276,-67.45231,-81.51502,-83.51296,-77.307236,-72.289185
19463.379983230032,15.978187592035932,3.3542676351181115,0.0,-75.82696,-76.74043,-79.65823,-77.696175,-78.0696,-75.82644,-66.01529,-67.96983,-77.91738,-82.699974,-75.41457,-72.46982
19466.69967962833,14.87818822255078,3.322769421094641,0.0,-73.26904,-75.01498,-77.74455,-77.56404,-79.50924,-75.51078,-68.32186,-68.62436,-76.1607,-80.790985,-80.040146,-71.3404
19470.01937602663,13.872934016403082,3.2939842117467,0.0,-73.53239,-73.38314,-75.914406,-76.82786,-80.84711,-75.45398,-67.06856,-67.94846,-74.577415,-78.22323,-82.73355,-65.23771
19473.33907242493,13.024980173249812,3.2697032599801856,0.0,-72.89703,-72.842964,-75.00816,-76.18705,-80.83933,-75.46586,-65.649025,-66.47472,-73.80737,-76.1643,-83.8301,-59.429752
19476.65876882323,11.8738729689492,3.236741585554873,0.0,-73.850876,-73.525925,-76.68162,-75.36215,-79.43626,-75.64251,-64.87726,-65.36037,-74.07126,-73.66757,-82.48569,-57.708168
19479.978465221528,10.933190689107922,3.209805377589232,0.0,-74.13484,-73.44921,-78.28349,-75.54506,-78.26601,-75.64127,-64.937065,-66.00497,-74.18828,-73.06252,-80.183105,-62.091854
19483.298161619827,9.97130269242923,3.182261949086929,0.0,-69.57557,-72.33293,-81.31849,-75.89232,-77.04596,-75.437965,-65.11608,-66.4755,-73.78309,-73.91136,-80.63942,-69.43509
19486.61785801813,9.162283664177002,3.159095886261934,0.0,-64.61304,-71.46493,-82.43095,-75.98352,-77.03522,-74.25286,-65.58788,-67.22205,-72.71548,-76.14899,-82.0212,-71.89006
19489.937554416425,8.327572180619734,3.135194126237071,0.0,-61.043007,-71.365074,-83.044014,-77.33446,-77.91182,-73.86306,-66.17272,-67.51604,-71.07568,-77.30134,-82.57187,-72.78716
19493.257250814724,7.150743880926381,3.101495934509954,0.0,-59.83081,-71.7815,-79.249695,-79.60572,-77.946396,-74.779,-71.600716,-68.63024,-69.27712,-78.177765,-83.478065,-74.76329
19496.576947213023,6.098874231243652,3.0713759032902948,0.0,-61.04152,-73.012146,-77.141914,-79.639366,-79.48481,-79.87385,-69.89687,-72.253914,-69.15456,-78.18407,-85.86345,-76.92249
19499.89664361132,5.2669984950451525,3.04755534420036,0.0,-62.43409,-72.94317,-77.343445,-80.12294,-79.94538,-81.65466,-67.23903,-74.2141,-70.61507,-75.90735,-84.93269,-76.28587
19503.21634000962,4.018677982044572,3.011809990358218,0.0,-65.306145,-70.90109,-76.23026,-80.34445,-80.56868,-82.268715,-66.72381,-73.97157,-70.99942,-74.6171,-85.71405,-75.317825
19506.53603640792,3.1388943889804306,2.98661760145563,0.0,-66.03522,-69.90814,-74.88956,-79.37759,-80.46164,-80.90072,-69.43389,-74.64463,-70.659676,-74.39455,-89.76165,-76.28793
19509.85573280622,2.047085133584757,2.9553539093542844,0.0,-67.34224,-69.866,-74.81435,-78.45496,-79.90365,-79.446495,-72.50331,-74.87706,-71.420296,-73.97825,-94.52081,-79.18105
19513.17542920452,1.0575962064088569,2.927020134929825,0.0,-68.919,-70.70848,-78.07917,-78.42849,-79.87885,-78.356735,-73.51384,-75.69015,-71.72221,-72.80551,-93.18499,-81.521034
19516.495125602814,1.2236450467700537,3.710107955358084,0.0,-68.393974,-70.02605,-78.59498,-79.14494,-81.165306,-78.679634,-73.764275,-75.568504,-71.093864,-72.62946,-90.92724,-79.61106
19519.81482200112,1.41559911327387,4.615365054617788,0.0,-67.17759,-61.616222,-74.13045,-78.92614,-82.01115,-78.87522,-76.10511,-76.040405,-67.96194,-72.90121,-87.923004,-77.32113
19523.134518399416,1.631877497127589,5.635335852663381,0.0,-66.45217,-57.706062,-71.80626,-75.193306,-80.49864,-77.00701,-80.37007,-76.30655,-68.237045,-72.633835,-85.61802,-77.94566
19526.454214797715,1.8458766607632944,6.644557827718596,0.0,-65.91303,-57.586304,-71.983505,-74.12965,-77.26799,-74.508415,-80.27705,-76.176,-68.2602,-64.78535,-83.47254,-79.52472
19529.77391119601,2.0907104407120563,7.799196129860523,0.0,-65.59954,-59.590454,-71.027916,-75.414185,-76.21615,-77.41103,-73.94445,-76.81416,-69.001366,-64.32263,-81.72981,-81.81941
19533.093607594317,2.3414820525588933,8.981837300489927,0.0,-66.48458,-64.2051,-75.814705,-76.72823,-78.04811,-79.91712,-67.523094,-74.94975,-69.840294,-66.86345,-81.44808,-82.650444
19536.413303992613,2.56746581453632,10.04757874881404,0.0,-70.79389,-65.66249,-70.42092,-73.395164,-74.062805,-80.236305,-68.52595,-77.433945,-68.9243,-74.66738,-83.13378,-80.41612
19539.733000390912,2.726413632599713,10.797178084397096,0.0,-76.07126,-67.137146,-66.78712,-71.02844,-72.1459,-80.635345,-70.45839,-79.73037,-68.30407,-81.50203,-85.00034,-78.60082
19543.05269678921,2.8984261893625947,11.608390844864015,0.0,-78.77506,-69.190544,-65.457214,-69.21332,-74.752335,-79.27458,-74.0248,-82.62718,-69.101364,-81.03655,-84.862595,-79.10597
19546.37239318751,3.126916731922393,12.6859542928978,0.0,-81.75399,-74.314644,-64.46799,-66.84704,-76.404816,-76.825485,-80.4336,-81.623146,-71.55799,-77.85001,-78.63447,-84.00411
19549.69208958581,3.372961569519355,13.846303953770562,0.0,-79.085976,-78.30599,-66.56767,-64.336266,-76.62925,-75.67733,-76.70504,-82.14793,-73.067696,-77.06399,-84.461754,-84.738976
19553.01178598411,3.5957409241357525,14.896933388239871,0.0,-76.77309,-78.2216,-69.842064,-62.949326,-76.72747,-74.622574,-72.24745,-81.12259,-73.98039,-77.36045,-84.10885,-83.270645
19556.331482382408,3.8449599951862727,16.072252762549176,0.0,-75.69773,-77.53423,-71.7606,-60.670498,-77.808235,-74.80687,-70.59168,-80.63582,-73.92227,-78.05304,-79.22383,-82.399796
19559.651178780707,4.01459466854147,15.134735293477684,0.0,-76.84084,-77.865005,-69.97774,-62.821285,-77.178764,-74.44268,-71.35381,-81.591705,-74.08019,-75.23491,-79.90803,-82.42899
19562.97087517901,4.218389968397779,14.008422789371345,0.0,-77.2964,-77.60108,-69.73468,-64.47459,-77.03702,-75.6372,-75.448425,-79.36247,-72.54174,-73.05273,-80.59989,-83.73292
19566.290571577305,4.422590350102844,12.879871525334028,0.0,-78.2488,-71.15386,-68.72284,-65.579994,-77.662506,-77.56469,-78.977974,-74.88317,-69.565575,-75.37231,-81.53213,-84.30929
19569.610267975604,4.60661437512164,11.86282863680428,0.0,-75.315544,-70.44034,-67.380875,-69.17318,-78.479355,-80.915565,-77.02768,-76.76698,-66.47219,-74.24108,-84.17372,-82.819244
19572.929964373903,4.7520380550251256,11.059117711263111,0.0,-71.73725,-70.86175,-66.69012,-72.65982,-81.19498,-84.098885,-74.689316,-78.76496,-63.93976,-68.60586,-88.23106,-81.2626
19576.2496607722,4.894958174529823,10.269243176374376,0.0,-67.206726,-69.43896,-67.9215,-74.08766,-78.47772,-83.169,-72.94051,-77.92199,-62.62689,-63.760098,-85.58769,-80.632965
19579.5693571705,5.061149789202468,9.350754409384164,0.0,-65.661446,-68.44336,-71.59947,-71.38987,-71.67764,-78.54398,-72.52578,-75.346,-61.6004,-61.83964,-82.3632,-82.24747
19582.8890535688,5.197970276308055,8.594590623695307,0.0,-65.15274,-68.46067,-73.37297,-70.67718,-69.09299,-77.09515,-73.30783,-74.641304,-61.45844,-62.737705,-81.92442,-81.81793
19586.2087499671,5.407463120735562,7.436789583308851,0.0,-68.49502,-68.75583,-77.4752,-74.14955,-72.48472,-77.21697,-73.74803,-75.719,-61.06249,-62.277496,-89.114876,-75.51202
19589.5284463654,5.557613169741626,6.606957502750817,0.0,-69.265465,-69.16272,-77.52225,-77.75955,-77.040764,-76.91885,-72.282265,-76.28473,-61.889572,-63.26667,-90.03107,-72.93182
19592.848142763694,5.718650471099743,5.716955003796854,0.0,-69.680046,-73.50116,-77.40715,-79.10215,-77.47556,-76.88368,-70.92201,-76.78163,-62.39327,-67.13406,-85.6229,-73.25449
19596.167839162,5.9224160919528845,4.590806526203396,0.0,-68.34887,-76.071014,-75.93778,-80.05105,-78.32213,-78.32996,-70.07515,-76.46598,-64.170944,-80.51404,-82.001884,-77.195656
19599.487535560296,6.140465877612297,3.3857139638181777,0.0,-62.086346,-74.07297,-76.88217,-79.7496,-79.36536,-79.25301,-70.506836,-74.04994,-67.76718,-79.5941,-83.625946,-78.13917
19602.807231958595,6.283656242381446,2.5943458683775464,0.0,-59.19619,-71.17529,-77.98446,-79.91494,-79.20551,-78.84749,-69.341835,-69.20176,-71.35571,-77.474556,-87.76041,-74.96288
19606.12692835689,6.501797797494454,1.3887461250948672,0.0,-58.686436,-72.18827,-78.803825,-77.97968,-77.07011,-81.97561,-68.41519,-67.77042,-76.927376,-76.77121,-87.40904,-74.04541
19609.446624755197,6.142080940818317,2.5666964170454647,0.0,-59.40604,-71.32572,-78.0622,-79.98322,-79.2975,-79.744644,-68.71594,-69.68277,-71.90697,-77.054924,-87.68421,-74.97881
19612.766321153493,5.78543592466385,3.734587476652148,0.0,-64.71143,-75.47159,-76.215775,-79.90862,-79.350365,-79.02655,-70.33324,-75.56284,-66.56351,-80.55055,-82.79365,-78.52254
19616.086017551792,5.459603259251896,4.801578573192868,0.0,-67.42372,-75.97769,-74.97376,-79.49309,-78.51908,-77.88952,-70.78744,-77.216095,-64.08139,-78.00159,-82.192276,-76.081085
19619.40571395009,5.222454633864113,5.578159618330619,0.0,-68.52686,-73.89113,-74.45125,-78.68175,-77.44084,-76.36715,-72.11763,-77.15151,-63.192932,-67.66871,-86.28898,-73.77971
19622.72541034839,4.931897125763151,6.529636579011709,0.0,-68.614555,-69.07639,-76.223236,-77.88682,-79.48355,-76.28544,-73.42894,-76.71173,-62.21752,-62.7881,-90.17275,-73.174995
19626.04510674669,4.597641734432485,7.624209236635341,0.0,-66.72748,-66.88455,-76.77176,-75.80887,-75.97426,-76.87682,-74.36769,-76.26612,-61.360806,-62.121525,-84.90354,-79.24348
19629.36480314499,4.309513904573393,8.567729827907439,0.0,-64.784515,-66.7906,-74.24554,-73.21517,-75.36274,-77.7662,-72.51687,-75.93851,-62.04686,-63.095184,-79.991165,-82.836205
19632.684499543288,3.949265733044709,9.7474199951907,0.0,-65.64885,-66.21069,-70.49529,-74.43931,-77.039276,-81.13764,-71.428276,-76.88389,-63.522728,-66.54104,-79.58034,-81.21949
19636.004195941587,3.6147460707568033,10.842858050266404,0.0,-70.339455,-66.51896,-67.08205,-72.13702,-76.70894,-81.79742,-72.84446,-79.90199,-66.1554,-75.49968,-82.37199,-78.89471
19639.32389233989,3.381344744576122,11.607167965727834,0.0,-78.31232,-68.856064,-65.78225,-69.605156,-75.853355,-80.000465,-74.79163,-81.13353,-67.94758,-80.013626,-80.84173,-79.86366
19642.643588738185,3.049622161463756,12.693446538365375,0.0,-81.94064,-74.918594,-64.30422,-66.872154,-76.34018,-76.73515,-80.52009,-81.97167,-71.68824,-77.97458,-78.59003,-83.935074
19645.963285136484,2.736007903559434,13.7204265083112,0.0,-79.78702,-78.31342,-64.893425,-65.03123,-76.335,-75.37716,-78.30025,-82.71663,-72.983154,-78.82547,-81.22953,-85.27996
19649.282981534783,2.504899648903176,14.477227394875245,0.0,-74.99307,-78.64263,-69.11795,-63.380646,-76.18759,-75.58215,-75.57095,-81.02247,-72.86558,-81.36463,-85.66579,-85.20544
19652.60267793308,2.1392952982123736,15.674457226176637,0.0,-72.237175,-78.935135,-72.82746,-68.489456,-77.71705,-76.77497,-73.08017,-79.22585,-73.53376,-82.54617,-88.76791,-85.66804
19655.92237433138,1.8927100685784355,16.481939938891195,0.0,-72.63946,-76.89318,-72.47456,-72.03683,-79.00274,-77.8297,-72.24031,-79.33255,-75.08356,-81.335175,-85.22622,-85.80267
19659.24207072968,2.827635103417993,15.67385951999569,0.0,-72.18931,-78.692856,-73.36753,-61.898823,-76.90098,-75.156044,-71.691864,-79.99848,-73.64749,-81.62479,-88.62367,-84.39451
19662.56176712798,3.597290789391126,15.008625767609104,0.0,-76.47558,-78.13167,-70.05572,-62.77481,-76.81427,-74.51382,-71.96872,-81.081825,-73.90711,-77.506836,-83.86197,-83.10861
19665.88146352628,4.233312412234245,14.45889546810775,0.0,-77.15305,-78.04555,-69.643486,-64.05012,-77.00588,-75.14657,-73.75312,-81.48114,-73.69142,-73.101555,-80.16348,-83.10712
19669.201159924574,5.026153875243582,13.773621635798555,0.0,-77.01419,-72.9597,-70.3038,-64.58063,-77.8025,-76.23396,-76.10971,-75.2127,-71.94345,-73.380745,-77.39862,-83.612206
19672.52085632288,5.941708969580756,12.982283168451962,0.0,-76.76019,-71.955956,-70.228226,-65.263176,-75.6617,-76.32008,-77.84001,-72.872795,-69.64028,-67.2803,-76.943825,-83.98254
19675.840552721176,6.659346712222947,12.362009899388156,0.0,-75.799805,-73.77129,-69.89528,-68.64845,-70.609245,-75.487976,-76.36118,-76.8341,-68.04228,-61.44759,-77.30552,-83.69487
19679.160249119475,7.405756809019717,11.716867924137834,0.0,-74.54477,-73.5306,-69.49238,-68.62396,-69.247086,-74.17896,-72.376175,-81.30404,-68.36614,-57.382008,-78.79411,-80.23995
19682.47994551777,8.267665862612056,10.971897147741574,0.0,-73.597565,-72.06063,-71.59927,-65.7722,-71.16418,-72.6687,-70.86546,-78.085495,-69.90204,-58.131145,-79.04174,-74.432335
19685.799641916077,8.85084110932366,10.467843367929085,0.0,-72.24025,-71.933205,-73.748505,-65.814285,-72.14187,-70.93024,-71.71677,-72.61345,-70.14557,-69.33628,-77.40057,-75.089874
19689.119338314373,9.512552956685264,9.895908328350382,0.0,-70.96024,-72.09834,-74.08242,-66.5342,-73.20337,-69.16849,-70.34975,-70.0763,-69.23711,-73.513756,-74.78798,-75.49689
19692.439034712672,10.124755024801129,9.36676589958158,0.0,-70.727425,-72.628426,-74.21794,-68.447464,-73.764275,-68.83303,-68.48948,-70.12669,-67.13319,-75.99684,-72.62297,-77.00179
19695.75873111097,10.75995694897544,8.817744087305373,0.0,-70.645546,-73.80148,-75.05328,-71.16095,-74.54019,-68.568245,-66.79711,-71.24012,-67.13222,-77.21575,-72.505745,-76.94885
19699.07842750927,11.376661663836762,8.284709901943666,0.0,-71.98369,-73.43954,-75.16167,-75.25583,-74.87389,-68.32472,-67.42976,-72.607376,-68.83331,-76.17566,-72.93501,-72.907555
19702.39812390757,12.066714492503609,7.688279003133876,0.0,-75.085365,-74.71832,-75.54981,-78.29214,-74.79339,-70.25301,-68.76211,-74.81491,-73.753296,-74.95347,-73.98863,-69.38321
19705.71782030587,12.643323040676098,7.189900994435118,0.0,-79.862885,-77.00177,-76.59276,-79.62902,-75.50278,-72.41099,-70.00812,-77.147026,-77.81643,-76.882996,-74.18681,-68.70128
19709.037516704168,13.380573419693231,6.552676005364981,0.0,-82.969955,-79.7076,-75.667046,-82.47228,-75.69494,-72.96474,-71.06968,-78.43865,-77.02456,-81.407196,-72.94879,-65.83239
19712.357213102467,13.999891962898332,6.017382619078865,0.0,-81.22985,-80.00591,-74.92328,-81.20443,-75.32258,-71.06538,-70.12259,-77.425545,-74.71064,-81.07406,-73.15185,-63.092747
19715.67690950077,14.587265376899824,5.509700252314707,0.0,-80.06626,-80.671486,-75.81334,-79.463875,-75.56515,-70.51381,-69.36624,-74.49338,-74.74841,-80.72227,-73.43093,-64.80851
19718.996605899065,15.24622401891414,4.940144880888461,0.0,-78.760544,-80.83014,-78.37504,-78.34674,-76.420944,-71.51937,-69.28678,-70.8141,-75.77364,-80.65312,-75.2553,-69.294754
19722.316302297364,15.93343596260095,4.346169434055198,0.0,-78.07867,-79.56797,-80.11457,-78.337105,-77.25248,-74.221,-69.97927,-67.92567,-77.55427,-80.77469,-75.940865,-73.60547
19725.635998695663,16.827718659116965,3.573217262402549,0.0,-77.347046,-76.018555,-80.50379,-78.20865,-77.0571,-76.65901,-64.51554,-67.30334,-79.37237,-82.86422,-76.9405,-72.45937
19728.95569509396,17.712700668409216,2.808303920546652,0.0,-79.25713,-74.44282,-82.10121,-80.639046,-76.71726,-77.16133,-65.58607,-67.8731,-85.97492,-84.45099,-77.29765,-71.77496
19732.27539149226,18.42742964538954,2.190544774526851,0.0,-83.79224,-74.753296,-82.8944,-83.47074,-77.14469,-77.53464,-69.33185,-70.14007,-86.266426,-80.60986,-78.05823,-71.41159
19735.59508789056,18.98985657057542,1.70442431741415,0.0,-84.73562,-75.47845,-80.03097,-82.087234,-77.75117,-78.61033,-71.89469,-74.38895,-83.26995,-77.47382,-79.89975,-72.04795
19738.91478428886,19.559144963043146,1.212373312772249,0.0,-83.20099,-76.67674,-77.826775,-80.10405,-78.57917,-80.32491,-73.98231,-79.10312,-81.23434,-80.20014,-81.906815,-73.97574
19742.23448068716,18.5742640133921,1.7993783053409746,0.0,-84.52262,-75.01409,-80.81431,-82.43229,-77.15627,-77.814735,-71.42808,-71.23592,-84.45428,-78.46397,-78.57029,-71.82173
19745.554177085454,17.716942448840538,2.3103558390285794,0.0,-82.04164,-74.81661,-82.62409,-82.265816,-76.66315,-77.06229,-66.45286,-68.59133,-86.24769,-82.85034,-76.80506,-71.779686
19748.87387348376,16.897381987660683,2.798827143702465,0.0,-77.00897,-75.36733,-81.08119,-79.4443,-77.12179,-76.7606,-63.300644,-68.317314,-82.84552,-85.050934,-76.283,-72.06127
19752.193569882056,16.13746973867785,3.251747148120359,0.0,-75.82726,-76.43746,-79.839424,-77.90022,-78.0119,-76.10058,-64.63548,-67.90001,-78.844124,-83.117966,-75.538376,-72.41785
19755.513266280355,15.250604973628604,3.78033290764962,0.0,-76.263405,-77.65918,-78.94601,-77.88714,-78.0296,-74.88378,-69.55635,-68.7254,-76.26415,-81.08466,-75.86273,-72.62819
19758.83296267865,14.381365091329672,4.298413951688609,0.0,-75.39974,-75.46582,-76.94381,-78.10645,-77.99605,-73.95156,-68.7895,-70.524864,-74.34698,-79.64783,-77.35055,-66.879944
19762.152659076957,13.670423338627964,4.72214674742329,0.0,-75.2591,-74.12561,-74.93578,-78.63341,-77.642456,-73.16926,-67.845726,-72.351295,-72.2255,-78.562775,-77.77667,-59.17513
19765.472355475253,12.621287723547056,5.347448560959592,0.0,-75.38322,-73.905426,-74.85343,-80.17268,-77.98069,-72.3217,-67.32296,-74.43849,-73.016464,-77.11304,-79.77891,-62.760033
19768.792051873552,11.836421088052038,5.815241783784575,0.0,-75.67889,-74.12431,-75.170456,-80.16289,-78.271255,-72.01329,-67.20768,-74.20906,-76.51166,-75.79077,-80.74769,-67.32621
19772.11174827185,10.951906284656124,6.342426928119341,0.0,-72.557365,-73.55391,-77.91897,-78.51972,-77.89754,-72.711296,-66.94451,-71.17101,-77.55584,-72.53392,-82.76527,-69.74242
19775.43144467015,9.93039493178042,6.951264234106555,0.0,-70.52559,-72.9078,-80.20191,-75.478134,-74.59761,-73.37068,-66.66373,-68.9152,-71.62321,-71.810265,-83.028046,-70.97967
19778.75114106845,8.990251761499378,7.511604785804601,0.0,-70.797516,-71.793785,-80.229614,-72.08099,-72.78817,-73.16283,-67.321335,-70.17528,-63.13211,-72.13752,-82.60945,-72.8777
19782.07083746675,8.246293196051838,7.9550161365233905,0.0,-70.41065,-71.04648,-77.88297,-69.671844,-72.876915,-73.54272,-69.82737,-71.87221,-64.14123,-71.35016,-87.16208,-76.178055
19785.390533865047,7.339563443881393,8.49544175001834,0.0,-67.96728,-72.23273,-75.33088,-67.77137,-72.525,-74.15278,-73.22818,-73.694664,-66.535484,-69.66809,-89.861336,-78.61016
19788.710230263347,6.395064993830954,9.058378118976917,0.0,-66.747574,-72.20972,-72.32448,-68.3417,-71.07514,-75.67027,-73.69494,-74.00952,-62.9213,-61.30053,-88.519455,-79.820015
19792.02992666165,5.513748283578568,9.583657148016613,0.0,-65.90234,-70.582085,-70.94156,-70.65764,-71.29524,-78.0884,-72.44302,-75.092186,-61.493668,-60.660923,-85.539635,-81.649925
19795.349623059945,4.827078268676526,9.992923595029882,0.0,-66.34419,-68.514656,-69.012276,-73.68346,-76.959465,-81.78017,-72.591934,-77.29875,-62.348755,-63.30199,-83.89581,-81.26209
19798.669319458244,3.99966146682987,10.48607740594614,0.0,-67.3883,-66.34914,-68.03967,-73.473305,-77.84603,-82.299126,-72.77206,-78.98353,-64.66667,-70.92139,-81.51054,-80.01617
19801.989015856543,3.26596576915121,10.923371921304737,0.0,-72.3958,-66.52103,-66.92085,-71.415085,-75.16439,-81.24818,-72.36455,-80.01807,-67.186646,-77.63595,-83.503586,-78.567406
19805.30871225484,2.608950816258754,11.314963471204068,0.0,-78.62521,-68.453445,-65.83659,-69.619896,-72.63821,-80.088684,-71.73625,-81.727974,-69.23483,-82.259346,-85.86852,-78.16015
19808.62840865314,1.544472833872306,11.949409584068492,0.0,-77.96811,-70.61551,-64.552086,-66.69667,-72.44111,-78.86067,-75.28679,-85.08337,-71.66741,-79.3659,-86.641624,-79.230095
19811.94810505144,2.1481514278088643,12.5014988087518,0.0,-79.109535,-74.11596,-63.844738,-67.28677,-74.86471,-76.74329,-80.86197,-84.609764,-71.136154,-79.797295,-81.84468,-81.67368
19815.26780144974,2.996758796452306,13.27758560215587,0.0,-81.262375,-78.30259,-64.39477,-65.967545,-76.489426,-75.8516,-79.39222,-83.03812,-72.68319,-77.17085,-79.53585,-85.02513
19818.58749784804,3.7398394480867534,13.957163816388762,0.0,-78.52683,-78.06803,-68.25364,-64.38334,-76.64216,-75.62016,-75.531456,-81.10797,-72.83597,-75.39294,-83.98797,-84.0693
19821.907194246334,4.550881758470348,14.69889579897434,0.0,-75.88498,-77.821594,-69.82392,-63.903606,-77.17315,-74.9396,-72.50558,-81.72025,-75.1618,-71.91762,-78.56524,-82.41675
19825.22689064464,5.216025241924697,15.3071972258791,0.0,-74.00605,-77.80663,-69.41931,-63.366,-76.98518,-75.066986,-70.86814,-82.379326,-78.74237,-70.64017,-76.23649,-80.93271
19828.546587042936,5.808800375170717,15.849314781499656,0.0,-76.89555,-78.10275,-68.71436,-62.554214,-76.98893,-75.14648,-73.012,-81.11044,-76.84906,-71.20572,-75.269035,-79.32281
19831.866283441235,6.428975505067998,16.41649077559966,0.0,-80.09394,-78.648254,-67.83842,-61.304935,-77.19075,-76.401276,-73.97418,-78.94941,-75.23599,-72.77224,-75.23524,-78.17988
19835.18597983953,5.607170054151674,15.57955238716871,0.0,-75.65575,-78.01325,-69.162224,-63.11126,-76.89902,-75.03873,-72.00279,-81.784584,-77.79307,-70.7899,-75.40642,-80.00949
19838.505676237837,4.771901282253909,14.72890276069161,0.0,-74.98878,-77.748985,-69.87525,-63.947952,-77.19047,-75.00978,-72.191895,-81.244865,-75.62914,-71.11405,-77.85658,-82.1589
19841.825372636133,3.9667971535556688,13.908973236933296,0.0,-77.92849,-77.73101,-69.15082,-64.5147,-76.818886,-75.7063,-75.78055,-79.9924,-72.59734,-74.13081,-82.53007,-83.916595
19845.14506903443,3.152334216126665,13.079512568926637,0.0,-81.292786,-77.72755,-64.66413,-66.24125,-76.565895,-76.20415,-79.69981,-82.13304,-72.14949,-76.83642,-79.218025,-84.80348
19848.46476543273,2.467302219227494,12.381866216168625,0.0,-79.768196,-75.177734,-64.07162,-67.455315,-75.25435,-77.09332,-80.36052,-84.17967,-70.742,-79.92923,-79.696846,-81.78928
19851.78446183103,1.7651433152062976,11.666777577003856,0.0,-78.66311,-70.08165,-64.81253,-68.54583,-72.054665,-79.06404,-73.17922,-83.601906,-70.97141,-80.618095,-86.11841,-79.123566
19855.10415822933,1.1985216418125582,11.089721985986014,0.0,-79.70065,-68.04326,-67.68607,-67.84246,-76.11937,-79.81682,-70.02989,-83.77666,-73.37983,-75.8531,-85.495285,-81.35075
19858.42385462763,1.882188483683843,10.400691145028588,0.0,-78.42235,-66.670654,-69.70877,-71.413216,-75.66503,-79.98162,-68.30454,-79.52534,-71.23351,-77.67437,-83.98551,-80.90136
19861.743551025927,2.676077551708865,9.600573282546128,0.0,-67.43221,-64.94618,-73.25971,-75.210754,-75.99897,-80.17179,-68.330086,-76.02198,-68.651405,-70.08037,-81.92047,-81.44824
19865.063247424227,3.2963169512465256,8.97546753090749,0.0,-64.62577,-65.207985,-74.733406,-76.11458,-79.056244,-79.57949,-69.3142,-75.41937,-66.191826,-64.73172,-80.157555,-82.44369
19868.38294382253,4.079980551711474,8.185655364241454,0.0,-64.90942,-65.69595,-76.02944,-74.95283,-77.70943,-77.57134,-72.69579,-76.632645,-62.72455,-62.197155,-80.50079,-82.33336
19871.702640220825,4.91283803703643,7.3462633411613245,0.0,-67.7756,-67.90378,-77.3507,-76.4063,-75.92273,-76.85313,-74.095436,-76.178185,-61.375263,-62.235462,-88.29133,-76.02632
19875.022336619124,5.561993706699429,6.692014444497138,0.0,-69.21556,-69.026726,-77.54035,-77.48524,-76.3841,-76.99703,-72.392624,-76.22488,-61.840126,-63.180763,-90.225945,-73.06059
19878.342033017423,6.124351551464147,6.125244381996153,0.0,-70.10146,-70.85355,-80.30153,-78.24032,-76.3765,-77.47225,-69.15307,-76.2732,-61.31835,-66.25811,-85.537125,-72.55443
19881.66172941572,6.962271777556991,5.280749896261408,0.0,-70.7855,-74.7068,-82.653595,-79.44047,-76.98111,-78.73892,-66.4901,-74.43027,-63.408195,-72.83873,-79.763565,-73.56816
19884.98142581402,7.815511599525876,4.420815618243182,0.0,-67.903755,-75.91243,-83.33358,-79.72172,-77.98399,-77.9677,-65.68802,-72.25964,-65.56304,-78.2329,-80.12335,-75.353676
19888.30112221232,8.475563727354428,3.755584770614813,0.0,-64.166794,-73.02326,-82.98767,-77.64003,-77.932274,-75.09032,-65.50165,-69.37227,-70.1262,-76.651405,-81.84449,-73.126076
19891.62081861062,9.293715761405103,2.9310135766836343,0.0,-65.28014,-71.16445,-82.60867,-75.75404,-76.76567,-75.67498,-65.694336,-66.16293,-73.16595,-76.17337,-81.172935,-71.44859
19894.94051500892,10.081374436783245,2.137174990044398,0.0,-74.64874,-72.521576,-83.2066,-74.88546,-75.363495,-81.80783,-65.60659,-64.16931,-74.70414,-76.92318,-78.47845,-65.792595
19898.260211407214,10.742440945735437,1.470921802533697,0.0,-70.625336,-73.5831,-84.41985,-75.46442,-77.68182,-80.77563,-65.54755,-63.61328,-74.41675,-78.19627,-81.863144,-65.14876
19901.57990780552,11.525687378454428,1.6908549210510675,0.0,-72.28573,-73.94462,-80.72914,-74.85356,-80.32944,-80.27828,-64.93895,-63.106667,-74.07243,-77.70409,-80.799995,-63.19465
19904.899604203816,12.405118105643856,1.937796284932341,0.0,-73.90051,-73.41587,-77.077805,-74.13281,-81.63106,-80.035126,-64.04153,-63.228355,-74.38801,-77.42402,-81.44439,-61.811718
19908.219300602115,13.572996930902033,2.265732961512886,0.0,-73.874954,-73.04654,-75.52389,-74.87839,-81.631134,-78.30996,-65.6522,-64.9905,-75.18613,-79.47021,-81.41445,-63.98651
19911.53899700041,14.413586603328827,2.501767880189174,0.0,-73.294685,-73.801315,-76.01759,-76.46322,-81.66263,-76.736534,-67.078224,-67.12736,-76.469025,-81.65903,-81.46833,-68.628395
19914.858693398717,15.458709077962435,2.795234962165949,0.0,-72.13917,-75.56492,-78.18851,-77.92572,-80.805595,-76.09464,-65.0493,-68.04457,-78.35382,-83.68123,-80.26274,-72.32609
